   -0.0020852730
   -0.0036196107
   -0.0056173202
   -0.0010672756
   -0.0021071379
   -0.0040572480
   -0.0061182774
   -0.0007536898
   -0.0023412268
   -0.0044608044
   -0.0063505918
    0.0001009828
   -0.0007830965
   -0.0027275145
   -0.0047043287
   -0.0062786141
    0.0002306185
   -0.0011749505
   -0.0031249270
   -0.0047419270
   -0.0000940175
   -0.0017453886
   -0.0033878336
   -0.0046382672
    0.0005042776
   -0.0006745997
   -0.0022260705
   -0.0034890800
   -0.0012193059
   -0.0024984718
   -0.0034487017
   -0.0038646373
   -0.0058865471
   -0.0024151099
   -0.0043974582
   -0.0068920573
   -0.0093427386
   -0.0010331540
   -0.0025810571
   -0.0051684826
   -0.0078578114
   -0.0001687906
   -0.0006710629
   -0.0030275579
   -0.0058953008
   -0.0084707572
    0.0007126480
   -0.0006189808
   -0.0035636689
   -0.0063079400
   -0.0085213964
    0.0011739803
    0.0011619951
   -0.0010021292
   -0.0040438869
   -0.0062760390
   -0.0080903408
    0.0017493567
    0.0008939205
   -0.0018641345
   -0.0042729603
   -0.0059630426
   -0.0074376432
    0.0016828518
    0.0015881173
   -0.0001686339
   -0.0026569264
   -0.0042810524
   -0.0056597829
    0.0016911753
    0.0007614198
   -0.0012808603
   -0.0031097777
   -0.0042619433
   -0.0053083057
    0.0012180370
   -0.0001944359
   -0.0019993539
   -0.0032734529
   -0.0041415840
    0.0005783198
   -0.0008952267
   -0.0022990267
   -0.0032037330
   -0.0012637433
   -0.0022974520
   -0.0027430312
   -0.0028993164
   -0.0039778672
   -0.0031658213
   -0.0038383829
   -0.0034539177
   -0.0097169217
   -0.0033074557
   -0.0032630958
   -0.0046327319
   -0.0067561410
   -0.0117901905
   -0.0085842351
   -0.0041313616
   -0.0021167577
   -0.0029554417
   -0.0052268407
   -0.0081407794
   -0.0112075875
   -0.0120868858
   -0.0106099368
   -0.0059157631
   -0.0017169837
   -0.0010603967
   -0.0032067938
   -0.0063667435
   -0.0097990996
   -0.0128995122
   -0.0109608834
   -0.0076227554
   -0.0024513590
    0.0003221124
   -0.0007862306
   -0.0041396839
   -0.0077288738
   -0.0112803168
   -0.0138625409
   -0.0081358400
   -0.0037181573
    0.0005204918
    0.0014083672
   -0.0010353048
   -0.0051702089
   -0.0087385023
   -0.0119891098
   -0.0136898547
   -0.0002687855
    0.0023318934
    0.0022692869
   -0.0012214402
   -0.0057935237
   -0.0089230851
   -0.0116267005
   -0.0124939724
    0.0019609182
    0.0035353563
    0.0032542874
   -0.0021310985
   -0.0057774103
   -0.0082067205
   -0.0105494811
    0.0031367959
    0.0042431643
    0.0016857341
   -0.0032358748
   -0.0050534619
   -0.0074456971
   -0.0092259055
    0.0024485316
    0.0034253891
    0.0028550005
   -0.0010223934
   -0.0036051514
   -0.0047516340
   -0.0069770605
    0.0028136056
    0.0026297438
    0.0004733522
   -0.0025556074
   -0.0038050230
   -0.0050213871
   -0.0063070504
    0.0024888706
    0.0012912486
   -0.0011276422
   -0.0031813839
   -0.0040083442
   -0.0048898240
    0.0017943575
    0.0001711202
   -0.0018929125
   -0.0032049160
   -0.0038376220
    0.0010785679
   -0.0005137734
   -0.0020429389
   -0.0029124196
   -0.0033975541
    0.0005210108
   -0.0008181390
   -0.0018967522
    0.0007027837
   -0.0002172191
   -0.0016387385
    0.0004277285
   -0.0000448125
   -0.0015268675
   -0.0030135915
   -0.0005576746
   -0.0002104016
   -0.0015764137
   -0.0031639328
   -0.0009015317
   -0.0017769209
   -0.0034887711
   -0.0048371443
   -0.0025760934
   -0.0020652309
   -0.0038070657
   -0.0051721836
   -0.0096095710
   -0.0059035700
   -0.0028957812
   -0.0036869433
   -0.0052854473
   -0.0064102130
   -0.0130041266
   -0.0106484659
   -0.0055232015
   -0.0033087091
   -0.0045465515
   -0.0058187634
   -0.0075903798
   -0.0145230670
   -0.0150155167
   -0.0102552362
   -0.0042918281
   -0.0029004247
   -0.0042164687
   -0.0062083229
   -0.0092322982
   -0.0127596900
   -0.0137253092
   -0.0169295637
   -0.0150329989
   -0.0077057741
   -0.0018909765
   -0.0015868897
   -0.0039779022
   -0.0073410004
   -0.0115717869
   -0.0155535781
   -0.0157584409
   -0.0171599712
   -0.0119058984
   -0.0031306514
    0.0009363926
   -0.0009491059
   -0.0050274207
   -0.0093413926
   -0.0143727497
   -0.0178805940
   -0.0125369134
   -0.0158057200
   -0.0140651794
   -0.0060554561
    0.0016727113
    0.0023461633
   -0.0020182145
   -0.0069901332
   -0.0116614488
   -0.0167160552
   -0.0187061756
   -0.0122495523
   -0.0130724338
   -0.0082691371
    0.0000412836
    0.0043459028
    0.0025006049
   -0.0032165586
   -0.0084825165
   -0.0132569188
   -0.0173922045
   -0.0175724728
   -0.0100214998
   -0.0082286007
   -0.0021977848
    0.0038210367
    0.0057378656
    0.0066429775
   -0.0034319638
   -0.0087225366
   -0.0129700294
   -0.0160810895
   -0.0064163280
   -0.0031383262
    0.0019801368
    0.0055178733
    0.0113825235
    0.0104157305
   -0.0042257522
   -0.0065277155
   -0.0112490985
   -0.0136818138
    0.0006547403
    0.0040309888
    0.0071589166
    0.0150879441
    0.0016048311
   -0.0028099394
   -0.0036679603
   -0.0099787903
   -0.0110859300
    0.0028091263
    0.0047539161
    0.0070735035
    0.0046261266
   -0.0025382170
   -0.0005381918
   -0.0050764567
   -0.0087878960
    0.0036963680
    0.0043569718
    0.0033790794
   -0.0011495656
   -0.0035403106
   -0.0031207215
   -0.0061764397
   -0.0073019322
    0.0036959051
    0.0030448305
    0.0004721079
   -0.0031531218
   -0.0042404134
   -0.0046765269
   -0.0056996256
    0.0031343676
    0.0016828201
   -0.0009996064
   -0.0034863399
   -0.0040676574
   -0.0044211590
    0.0023747915
    0.0007017781
   -0.0015024423
   -0.0029720066
   -0.0034311436
   -0.0037306363
    0.0016720292
    0.0001248740
   -0.0014600122
   -0.0023873214
   -0.0028166511
    0.0011165177
   -0.0001671958
   -0.0012748549
    0.0014763850
    0.0002962643
    0.0021433671
    0.0010853881
   -0.0006169159
    0.0023260184
    0.0018559154
   -0.0000933632
   -0.0019433545
    0.0016206510
    0.0022388408
    0.0003497054
   -0.0018500381
   -0.0035713150
   -0.0002378735
    0.0018473991
    0.0005444089
   -0.0020582776
   -0.0038187926
   -0.0054859916
    0.0003426083
    0.0004425346
   -0.0026011621
   -0.0045244946
   -0.0058798991
   -0.0082387295
   -0.0031873224
   -0.0000347182
   -0.0030066797
   -0.0057292195
   -0.0065165431
   -0.0080998556
   -0.0131747125
   -0.0094071349
   -0.0025827182
   -0.0023520365
   -0.0065447748
   -0.0072884044
   -0.0081986761
   -0.0164539154
   -0.0166743947
   -0.0094514871
   -0.0024904170
   -0.0049499330
   -0.0071877873
   -0.0076449869
   -0.0101685712
   -0.0167993261
   -0.0215745769
   -0.0187701538
   -0.0077479885
   -0.0021757929
   -0.0043561105
   -0.0057922676
   -0.0084014342
   -0.0129939517
   -0.0174054615
   -0.0144907614
   -0.0218504166
   -0.0251621802
   -0.0170631151
   -0.0035025958
    0.0004877127
   -0.0019414852
   -0.0054952830
   -0.0104265190
   -0.0170482765
   -0.0213546959
   -0.0181598595
   -0.0252127573
   -0.0238879938
   -0.0098500007
    0.0032974010
    0.0034627027
   -0.0019617876
   -0.0070727076
   -0.0140665828
   -0.0218130599
   -0.0240421798
   -0.0129426535
   -0.0201736448
   -0.0238955953
   -0.0159121695
    0.0009649671
    0.0084277797
    0.0028689300
   -0.0047333984
   -0.0098490719
   -0.0186733147
   -0.0252012762
   -0.0238869557
   -0.0136306696
   -0.0186267348
   -0.0168529246
   -0.0044554327
    0.0088578820
    0.0083842964
    0.0028479590
   -0.0060199828
   -0.0128825035
   -0.0215889631
   -0.0249703059
   -0.0208906422
   -0.0120658037
   -0.0132847748
   -0.0072720284
    0.0041569256
    0.0099933480
    0.0173775079
    0.0213264166
   -0.0054630158
   -0.0128144050
   -0.0204882432
   -0.0213370216
   -0.0084010905
   -0.0064355304
    0.0002946951
    0.0072315204
    0.0135552370
    0.0154297041
   -0.0018201083
   -0.0055720597
   -0.0170722312
   -0.0165460493
   -0.0039804635
   -0.0007873400
    0.0041978645
    0.0080067863
    0.0324196418
    0.0025048737
   -0.0043747192
   -0.0136670552
   -0.0122755086
   -0.0002209033
    0.0026581701
    0.0055847212
    0.0084681483
    0.0211528584
    0.0041816628
    0.0107955442
    0.0168423986
   -0.0080344387
   -0.0105196441
    0.0043074583
    0.0056280029
    0.0060320245
    0.0027861487
   -0.0027510371
    0.0055023164
   -0.0029814318
   -0.0078379214
   -0.0079053686
    0.0047852633
    0.0047492071
    0.0027313893
   -0.0017104912
   -0.0055146696
   -0.0041973573
   -0.0056357852
   -0.0063384443
    0.0045045391
    0.0034964663
    0.0008706035
   -0.0031456607
   -0.0051820535
   -0.0046606071
   -0.0048617572
    0.0038158216
    0.0023926120
   -0.0000633893
   -0.0028374890
   -0.0036941588
   -0.0037187422
    0.0030317318
    0.0015729283
   -0.0004353301
   -0.0020891760
   -0.0026769687
   -0.0029379136
    0.0023157453
    0.0009762865
   -0.0005261891
   -0.0015642242
    0.0005593442
   -0.0005228284
    0.0020300251
    0.0008809764
    0.0031356180
    0.0020805771
    0.0002527701
    0.0020579981
    0.0039308221
    0.0036250088
    0.0013122000
   -0.0008459340
    0.0037276318
    0.0050681254
    0.0026941442
   -0.0002525619
   -0.0023244282
    0.0021578851
    0.0053273576
    0.0042055894
    0.0001994674
   -0.0021712280
   -0.0042241415
   -0.0008986638
    0.0039670054
    0.0048901290
    0.0005036410
   -0.0026454309
   -0.0043847503
   -0.0066003517
   -0.0055892555
    0.0006935099
    0.0046669190
    0.0004140371
   -0.0041060045
   -0.0052496922
   -0.0070910582
   -0.0112890046
   -0.0057801527
    0.0030031319
    0.0010986697
   -0.0068817893
   -0.0074881677
   -0.0078266999
   -0.0102026326
   -0.0161572429
   -0.0150929878
   -0.0042886441
    0.0033324237
   -0.0077613725
   -0.0113865882
   -0.0089288958
   -0.0106122657
   -0.0182040711
   -0.0235621714
   -0.0183049523
   -0.0014960970
   -0.0017632264
   -0.0126075459
   -0.0098222010
   -0.0099332337
   -0.0139719095
   -0.0168479686
   -0.0269404919
   -0.0318558015
   -0.0186492381
    0.0001020534
   -0.0046104911
   -0.0074509794
   -0.0073094231
   -0.0119369186
   -0.0187132075
   -0.0229102057
   -0.0214927559
   -0.0132653035
   -0.0241271171
   -0.0367831959
   -0.0365180946
   -0.0130145197
    0.0039325892
    0.0011636314
   -0.0021842196
   -0.0068966850
   -0.0160014278
   -0.0255302180
   -0.0276690521
   -0.0224416010
   -0.0178307468
   -0.0315796032
   -0.0421504195
   -0.0300010260
    0.0015761372
    0.0129903774
    0.0052263734
   -0.0012335010
   -0.0078642793
   -0.0235796028
   -0.0328994701
   -0.0296402704
   -0.0209738507
   -0.0114116492
   -0.0216903982
   -0.0345874044
   -0.0356002502
   -0.0101756353
    0.0227930674
    0.0152003023
    0.0025592395
    0.0033839079
   -0.0147059798
   -0.0326138060
   -0.0362907199
   -0.0272661197
   -0.0127323985
   -0.0221905917
   -0.0285507073
   -0.0177721364
    0.0126913870
    0.0255838524
    0.0120839930
    0.0101304993
    0.0005690771
   -0.0235086929
   -0.0366792494
   -0.0327125679
   -0.0219727918
   -0.0119833317
   -0.0175593577
   -0.0157062540
   -0.0003830317
    0.0189037739
    0.0182747201
   -0.0063240675
   -0.0239662137
   -0.0321768833
   -0.0250165097
   -0.0054421763
   -0.0087913950
   -0.0096928738
   -0.0037678811
    0.0077054428
    0.0141553729
    0.0249266069
   -0.0168293998
   -0.0237398581
   -0.0175982394
   -0.0033017429
   -0.0043027214
   -0.0024685257
    0.0031029443
    0.0089648907
    0.0171259308
   -0.0146957723
   -0.0163514450
   -0.0007304298
   -0.0002215540
    0.0021990284
    0.0059475427
    0.0085541701
    0.0204063854
    0.0096109235
   -0.0121757250
   -0.0111731376
    0.0026144917
    0.0046660920
    0.0067709657
    0.0072801677
    0.0071810662
    0.0055380177
   -0.0069305643
   -0.0089526441
    0.0057337601
    0.0064894609
    0.0051494935
    0.0020142322
   -0.0005559079
   -0.0035289283
   -0.0050207925
   -0.0064956119
   -0.0064752740
    0.0058525504
    0.0054979421
    0.0034687086
    0.0010263382
   -0.0046321344
   -0.0057790421
   -0.0048656331
   -0.0049731565
    0.0053153016
    0.0043318109
    0.0024961686
   -0.0003291442
   -0.0038310073
   -0.0037931709
   -0.0037013196
    0.0044794047
    0.0033302185
    0.0016133574
   -0.0009218519
   -0.0023868435
   -0.0026618226
    0.0036211461
    0.0024660154
    0.0008474055
   -0.0008065434
   -0.0016531010
    0.0017207875
    0.0004012859
   -0.0006656846
    0.0033412571
    0.0024495479
    0.0007547073
    0.0045686823
    0.0044482162
    0.0022095076
   -0.0000240107
    0.0050099976
    0.0070248480
    0.0045538608
    0.0011361134
   -0.0012055339
    0.0039712637
    0.0086576393
    0.0085886201
    0.0026351838
   -0.0003985177
   -0.0028517744
    0.0014174540
    0.0075178315
    0.0122937409
    0.0055513325
   -0.0000647463
   -0.0022645307
   -0.0051369746
   -0.0026301615
    0.0042930030
    0.0112791788
    0.0092899314
   -0.0001238396
   -0.0022908590
   -0.0050706030
   -0.0079764408
   -0.0013948752
    0.0089341650
    0.0096779063
   -0.0004469019
   -0.0041834355
   -0.0054316208
   -0.0087536860
   -0.0133980065
   -0.0105149761
    0.0031632165
    0.0127070882
   -0.0031943629
   -0.0100920723
   -0.0075143677
   -0.0096421677
   -0.0168887632
   -0.0209028792
   -0.0117339628
    0.0133365453
    0.0042034622
   -0.0217022148
   -0.0131334501
   -0.0106347149
   -0.0140372199
   -0.0170793772
   -0.0277877781
   -0.0314985641
   -0.0084040697
    0.0201373855
   -0.0171554186
   -0.0212369048
   -0.0108756157
   -0.0139077122
   -0.0189902136
   -0.0219305706
   -0.0203290878
   -0.0143687346
   -0.0277406645
   -0.0446716125
   -0.0424613527
   -0.0010685912
    0.0077715537
   -0.0146016180
   -0.0074795025
   -0.0101936167
   -0.0182174446
   -0.0261606613
   -0.0275989321
   -0.0221759723
   -0.0219497280
   -0.0436975442
   -0.0623629526
   -0.0445959013
    0.0057963370
    0.0093082480
    0.0041600346
   -0.0011019387
   -0.0105898254
   -0.0266101063
   -0.0362702761
   -0.0317805759
   -0.0218075281
   -0.0145597425
   -0.0317796076
   -0.0594998428
   -0.0663447175
   -0.0233984097
    0.0332092099
    0.0221671629
    0.0098038548
    0.0136189517
   -0.0161314668
   -0.0416202136
   -0.0451714887
   -0.0314813757
   -0.0192251160
   -0.0188264823
   -0.0397677435
   -0.0600756907
   -0.0444975472
    0.0337559052
    0.0211693584
   -0.0339611209
   -0.0566984358
   -0.0451416510
   -0.0265629641
   -0.0096206020
   -0.0208311153
   -0.0375834591
   -0.0399718786
   -0.0024388404
    0.0391528980
   -0.0048581737
   -0.0507307845
   -0.0569852284
   -0.0357714634
   -0.0199998058
   -0.0092245959
   -0.0177651697
   -0.0236780912
   -0.0121380716
    0.0252037907
    0.0442568942
    0.0467989975
   -0.0194330522
   -0.0501702348
   -0.0420939860
   -0.0245564628
   -0.0030476544
   -0.0066060573
   -0.0102245968
   -0.0080472954
    0.0039925685
    0.0198829730
    0.0264546908
   -0.0354311781
   -0.0264621307
   -0.0161481433
   -0.0010942179
   -0.0025644812
   -0.0025261109
    0.0013817943
    0.0088108278
    0.0142558808
    0.0010157797
   -0.0221363554
   -0.0162625701
    0.0012069963
    0.0012122865
    0.0024668453
    0.0056562085
    0.0096880310
    0.0123703590
   -0.0112848163
   -0.0136936087
   -0.0104076333
    0.0031671905
    0.0037695848
    0.0051416456
    0.0075836392
    0.0096451444
    0.0089411627
    0.0133274082
    0.0005439986
   -0.0093660689
   -0.0088052466
    0.0052402563
    0.0065467227
    0.0082454695
    0.0082638786
    0.0056940286
   -0.0023290871
   -0.0060193914
   -0.0065097499
   -0.0060404532
    0.0070623496
    0.0076760215
    0.0063030409
    0.0066445570
    0.0217190603
   -0.0039017208
   -0.0049405562
   -0.0045278234
   -0.0046834558
    0.0067636504
    0.0063742495
    0.0050237630
    0.0062640168
    0.0012529586
   -0.0036702791
   -0.0032581480
   -0.0034041134
    0.0059225792
    0.0050873036
    0.0040151902
    0.0023754323
   -0.0011788352
   -0.0021585154
   -0.0023893406
    0.0039914581
    0.0027301848
    0.0007262094
   -0.0008870661
   -0.0015232614
    0.0030064432
    0.0016925072
    0.0002595083
   -0.0006884368
    0.0029161851
    0.0022422284
    0.0008542927
    0.0041440812
    0.0040948586
    0.0023630785
    0.0003591163
    0.0049664258
    0.0067517324
    0.0049027769
    0.0018619179
   -0.0005173254
    0.0046243811
    0.0094482589
    0.0101337826
    0.0042269500
    0.0008456847
   -0.0018274735
    0.0028350825
    0.0095376989
    0.0195377586
    0.0107597998
    0.0023157956
   -0.0004489786
   -0.0037730257
   -0.0002538082
    0.0065996075
    0.0209494487
    0.0332798815
    0.0049463898
    0.0013927878
   -0.0027421499
   -0.0063869927
    0.0018984111
    0.0137567997
    0.0382138159
    0.0176521875
    0.0028618679
   -0.0007489964
   -0.0065221608
   -0.0093034343
   -0.0053244874
    0.0078899783
    0.0230538751
    0.0249180951
    0.0054023132
    0.0006799719
   -0.0064051954
   -0.0108284671
   -0.0132116513
   -0.0147141679
   -0.0035106350
    0.0236478657
    0.0244224694
    0.0015309438
   -0.0044886423
   -0.0071886063
   -0.0125372944
   -0.0147239297
   -0.0230060839
   -0.0226792955
    0.0094226041
    0.0604230426
   -0.0224436864
   -0.0107212985
   -0.0143897989
   -0.0178646575
   -0.0192202339
   -0.0134415315
   -0.0261009316
   -0.0412508705
   -0.0311443065
    0.0554248349
   -0.0157393534
   -0.0147323950
   -0.0198238796
   -0.0238634357
   -0.0241219408
   -0.0196567463
   -0.0103653760
   -0.0228345623
   -0.0480828009
   -0.0665501112
   -0.0313658698
    0.0095222669
   -0.0071392209
   -0.0075482551
   -0.0178479029
   -0.0267028624
   -0.0329287378
   -0.0288182214
   -0.0201544398
   -0.0162087354
   -0.0393533373
   -0.0789932173
   -0.0197796901
    0.0379654982
    0.0267867224
    0.0153145978
   -0.0049136448
   -0.0221879438
   -0.0416413620
   -0.0443242836
   -0.0306399788
   -0.0186664447
   -0.0097657982
   -0.0245902869
   -0.0630144635
    0.0232090343
    0.0424822458
    0.0240017796
    0.0126474811
   -0.0401215446
   -0.0665086502
   -0.0502282859
   -0.0277761374
   -0.0128373368
   -0.0335536065
   -0.0716103100
   -0.0182592387
    0.0387726182
   -0.0039088149
   -0.0766818593
   -0.0821702211
   -0.0438430270
   -0.0219078666
   -0.0055565641
   -0.0145199349
   -0.0352734501
   -0.0527640229
   -0.0324854509
    0.0618307880
   -0.0454489353
   -0.1012789070
   -0.0675980001
   -0.0310122031
   -0.0159763243
   -0.0048516332
   -0.0123356379
   -0.0234662792
   -0.0211418634
    0.0083977279
    0.0681440952
    0.0247189209
   -0.0603150783
   -0.0790657375
   -0.0412425989
   -0.0200727684
   -0.0003277787
   -0.0023223348
   -0.0059584694
   -0.0070585246
   -0.0000486553
    0.0182906602
    0.0381310907
   -0.0448968811
   -0.0430202026
   -0.0232125935
   -0.0130136505
    0.0016765096
    0.0013268191
    0.0008987871
    0.0024201252
    0.0065264900
    0.0161973556
    0.0366111889
   -0.0263685313
   -0.0221143363
   -0.0136525937
    0.0038799545
    0.0044467408
    0.0049626798
    0.0059160181
    0.0095189986
    0.0189917443
    0.0297554967
    0.0030741514
   -0.0151445974
   -0.0123007682
   -0.0086909939
    0.0055192596
    0.0062079336
    0.0066812963
    0.0079433318
    0.0123357232
    0.0192033130
    0.0160003394
   -0.0064923853
   -0.0088350334
   -0.0076332286
    0.0063735044
    0.0069551817
    0.0075958725
    0.0094215623
    0.0129014419
    0.0108924228
    0.0209622464
   -0.0029245445
   -0.0050155663
   -0.0057426637
    0.0081150030
    0.0096272843
    0.0098457836
    0.0079484205
   -0.0029276315
   -0.0031225102
   -0.0037559165
   -0.0041319875
    0.0080080230
    0.0084080869
    0.0072592541
    0.0085532776
    0.0196412936
    0.0002947062
   -0.0023752208
   -0.0024135456
   -0.0029644469
    0.0072501046
    0.0067909705
    0.0057444041
    0.0058803677
    0.0025881578
   -0.0010547283
   -0.0015681347
   -0.0020083266
    0.0053916381
    0.0043893904
    0.0028986970
    0.0005143177
   -0.0007208139
   -0.0012674072
    0.0042160277
    0.0030778580
    0.0015427032
    0.0001768845
    0.0032506994
    0.0031838721
    0.0019808500
    0.0003659383
    0.0040598549
    0.0051407034
    0.0040464511
    0.0018351514
   -0.0002828469
    0.0041854402
    0.0073707114
    0.0077628529
    0.0042500759
    0.0012345431
   -0.0013179639
    0.0032287636
    0.0084406919
    0.0152072025
    0.0099753232
    0.0034803464
    0.0002885302
   -0.0028743456
    0.0011862206
    0.0069322370
    0.0221011795
    0.0395263878
    0.0082517915
    0.0032011185
   -0.0013588080
   -0.0050523759
    0.0035467546
    0.0163564806
    0.0095487585
    0.0030758573
   -0.0044833581
   -0.0014622394
    0.0091670252
    0.0480963808
    0.0197443172
   -0.0019495979
   -0.0085949987
   -0.0087327279
   -0.0082359414
    0.0013527294
    0.0225230184
    0.0055932361
   -0.0094633815
   -0.0107384106
   -0.0152878494
   -0.0118488026
    0.0142259777
    0.0569419892
    0.0103645750
   -0.0107828537
   -0.0155668199
   -0.0106870532
   -0.0196790833
   -0.0280105518
   -0.0126831395
   -0.0018015225
   -0.0142597235
   -0.0195483293
   -0.0204337060
   -0.0195293350
   -0.0192993594
   -0.0389399075
   -0.0509259341
    0.0098377189
   -0.0139927436
   -0.0240174895
   -0.0249417253
   -0.0262738728
   -0.0230429311
   -0.0169620737
   -0.0150482229
   -0.0373059648
   -0.0764365940
    0.0226338876
   -0.0229493086
   -0.0271791336
   -0.0337122862
   -0.0346310815
   -0.0253151278
   -0.0163471727
   -0.0096988136
   -0.0261246040
   -0.0742242998
    0.0037901452
   -0.0213269316
   -0.0359019140
   -0.0536485628
   -0.0422148990
   -0.0245375857
   -0.0051923991
   -0.0145801639
   -0.0445517471
    0.0628314615
    0.0131722373
   -0.0208644223
   -0.0714224402
   -0.0785038161
   -0.0416128680
   -0.0207441205
   -0.0065946658
   -0.0198869310
   -0.0605555023
   -0.0529430980
   -0.1256600168
   -0.0794983748
   -0.0323553202
   -0.0159169321
   -0.0019234974
   -0.0068530843
   -0.0209715965
   -0.0435325268
    0.0269902756
    0.0032570444
   -0.1307492879
   -0.0535652329
   -0.0218454583
   -0.0007030011
   -0.0040801844
   -0.0118283320
   -0.0088614358
    0.0115562479
    0.0613351816
   -0.0030405733
   -0.0765804663
   -0.0296623287
   -0.0143026255
    0.0018706550
    0.0021827364
    0.0021093742
    0.0022960547
    0.0090600484
    0.0098399709
    0.0504288324
   -0.0590841112
   -0.0346866894
   -0.0166238160
    0.0039891597
    0.0061164309
    0.0078632121
    0.0094392039
    0.0073669950
    0.0109917459
    0.0528517994
   -0.0263044027
   -0.0167987083
   -0.0101393977
    0.0063425115
    0.0089472219
    0.0101132952
    0.0095120188
    0.0076596773
    0.0208552578
    0.0003393587
   -0.0123487663
   -0.0094381134
    0.0079626705
    0.0097388307
    0.0100163039
    0.0092058853
    0.0117208750
    0.0438237899
    0.0325275253
    0.0196799491
   -0.0021026672
   -0.0070058943
   -0.0060842815
    0.0084860140
    0.0094510987
    0.0095499456
    0.0101244626
    0.0152329837
    0.0260668669
    0.0129701439
    0.0125365876
    0.0041278803
   -0.0033307594
   -0.0047114648
    0.0083370488
    0.0089502329
    0.0093696243
    0.0107335644
    0.0134492963
    0.0112512278
    0.0177163093
    0.0108115407
    0.0004299401
   -0.0009074699
   -0.0030058437
    0.0090973574
    0.0099905125
    0.0097255547
    0.0080221747
    0.0178654652
    0.0131534242
   -0.0003918274
   -0.0006848964
   -0.0016706591
    0.0083810082
    0.0083586887
    0.0072739164
    0.0065898760
    0.0064511882
    0.0012718506
   -0.0004296340
   -0.0009492141
   -0.0016790553
    0.0067098953
    0.0056341643
    0.0045355509
    0.0024204376
    0.0004119895
   -0.0004200911
    0.0042617238
    0.0028914554
    0.0012903495
    0.0001842842
    0.0019006613
    0.0035790997
    0.0029064432
    0.0013778790
    0.0033278471
    0.0050185045
    0.0051472545
    0.0033025585
    0.0009918635
   -0.0011557686
    0.0029560221
    0.0060056489
    0.0085410531
    0.0067008671
    0.0031698001
    0.0002077462
   -0.0023985874
    0.0018040274
    0.0056702121
    0.0124440092
    0.0159747347
    0.0072231150
    0.0027545298
   -0.0011156964
    0.0038251166
    0.0123117868
    0.0475760960
    0.0279488389
    0.0082115149
    0.0024681969
   -0.0034188442
    0.0007429069
    0.0081968823
    0.0369933482
    0.0191107073
   -0.0002219845
   -0.0067195134
   -0.0035025679
    0.0031706499
    0.0194249136
    0.0179768250
   -0.0064451967
   -0.0083034681
   -0.0044050161
    0.0104948473
    0.0511371884
   -0.0034851055
   -0.0126072459
   -0.0120927450
   -0.0145647637
   -0.0025008215
    0.0359799146
    0.0028429508
   -0.0165548206
   -0.0169950150
   -0.0132028057
   -0.0235763322
   -0.0256980157
    0.0163013362
   -0.0040184873
   -0.0246783870
   -0.0224840402
   -0.0204603084
   -0.0176105296
   -0.0113505909
   -0.0261929233
   -0.0496047877
   -0.0379909615
    0.0251671412
   -0.0370234490
   -0.0305030063
   -0.0263285984
   -0.0245657114
   -0.0190968327
   -0.0079019246
   -0.0211503396
   -0.0574302003
   -0.0150835390
   -0.0412150409
   -0.0303967512
   -0.0345451605
   -0.0290685348
   -0.0190868171
   -0.0044402654
   -0.0131127514
   -0.0417112972
   -0.0399092491
   -0.0275964004
   -0.0421564199
   -0.0494374262
   -0.0305442945
   -0.0171455595
   -0.0063459206
   -0.0210977510
   -0.0717956453
    0.0739668432
    0.0063199155
   -0.0192464066
   -0.0194032740
   -0.0784254228
   -0.0583792111
   -0.0264893078
   -0.0140405488
   -0.0018915442
   -0.0079312520
   -0.0280802247
    0.0051483522
    0.0153842032
   -0.0477212130
   -0.0196528828
    0.0006369730
   -0.0010077682
   -0.0062134788
   -0.0168700415
    0.0263026387
   -0.0856998236
   -0.0294871406
   -0.0136922150
    0.0021080481
    0.0025321945
    0.0041677892
    0.0163630393
    0.0506504492
   -0.0430348814
   -0.0171548184
    0.0050721649
    0.0103168341
    0.0183040236
    0.0328753842
    0.0282047558
    0.0270596144
   -0.0404470863
   -0.0198702581
   -0.0106077435
    0.0052225926
    0.0094741978
    0.0177548520
    0.0208981373
    0.0202264837
    0.0007906090
    0.0306497435
    0.0125078495
   -0.0169003222
   -0.0106423260
    0.0076261202
    0.0130416910
    0.0176260689
    0.0168403640
    0.0100841873
    0.0095219265
    0.0071320665
   -0.0083178798
   -0.0066474040
    0.0095012640
    0.0134918934
    0.0147058142
    0.0130872966
    0.0107465510
    0.0272203743
    0.0345569047
   -0.0011804425
   -0.0051719134
    0.0101200670
    0.0122148842
    0.0124792042
    0.0118292663
    0.0138207046
    0.0318366520
    0.0289704705
    0.0151012757
    0.0347377041
    0.0096309097
   -0.0026432432
   -0.0037446430
    0.0097845236
    0.0108847001
    0.0111627568
    0.0116742562
    0.0142403094
    0.0163880677
    0.0099552451
    0.0265551550
    0.0245777040
    0.0049731028
    0.0064214959
   -0.0001804596
   -0.0025040021
    0.0110385818
    0.0116431020
    0.0096572870
    0.0085703475
    0.0126467120
    0.0028049614
    0.0011710346
    0.0004533476
   -0.0013361394
    0.0096141644
    0.0088654374
    0.0071809423
    0.0063860571
    0.0036987877
    0.0008698642
    0.0002519405
   -0.0006018904
    0.0079191087
    0.0068297610
    0.0054873348
    0.0038948018
    0.0017452159
    0.0005050417
   -0.0001771325
    0.0052932469
    0.0039995068
    0.0024493416
    0.0010807089
    0.0002337492
    0.0033730874
    0.0033376607
    0.0022097572
    0.0005368357
    0.0040990643
    0.0050854346
    0.0042832276
    0.0021842202
   -0.0001290283
    0.0041996821
    0.0067972296
    0.0074705930
    0.0049371797
    0.0017218211
   -0.0012562414
    0.0034067263
    0.0073987540
    0.0125785256
    0.0107187866
    0.0051789984
    0.0007972721
   -0.0030096672
    0.0017403588
    0.0061263391
    0.0163863388
    0.0335054671
    0.0164214649
    0.0064538537
   -0.0011396737
   -0.0054493848
   -0.0006821038
    0.0035159387
    0.0119411400
    0.0375448005
    0.0077013656
   -0.0050547136
   -0.0004789500
    0.0071857554
    0.0368029942
   -0.0011127539
   -0.0098941014
   -0.0061053691
   -0.0059061278
    0.0011414598
    0.0167541560
    0.0244812065
   -0.0124001536
   -0.0137862689
   -0.0073777078
   -0.0113480121
   -0.0093775018
    0.0078086418
    0.0519829968
   -0.0179556983
   -0.0190266290
   -0.0068800198
   -0.0142073430
   -0.0220959398
   -0.0125418688
    0.0313788778
    0.0388699693
   -0.0353203657
   -0.0293777493
   -0.0216515786
   -0.0180131969
   -0.0143397126
   -0.0050688100
   -0.0128830751
   -0.0297125950
   -0.0422608334
   -0.0057991291
   -0.0421366649
   -0.0518240128
   -0.0289878040
   -0.0235424018
   -0.0195375905
   -0.0142579412
   -0.0028721487
   -0.0087409845
   -0.0258626179
   -0.0610979697
    0.0253708292
   -0.0393893786
   -0.0271757216
   -0.0275601046
   -0.0200316402
   -0.0131897677
   -0.0043875274
   -0.0152281434
   -0.0513086598
    0.0616741101
   -0.0535056355
   -0.0120048059
   -0.0355891927
   -0.0312046098
   -0.0182780273
   -0.0113725225
   -0.0010949334
   -0.0062404092
   -0.0236520916
   -0.0468821028
   -0.0282291851
   -0.0148206251
    0.0010096090
   -0.0006268556
   -0.0063838442
   -0.0093010890
   -0.0159044316
    0.0062096449
   -0.0419411283
   -0.0203544616
   -0.0112962948
    0.0023696259
    0.0021903084
    0.0066394312
   -0.0027651587
   -0.0273705445
   -0.0136230311
    0.0035782973
    0.0056361034
    0.0145834330
    0.0492893121
    0.0311799680
   -0.0134403787
   -0.0158106554
   -0.0093326678
    0.0060807591
    0.0131335934
    0.0494446628
    0.0595188086
    0.0541542271
   -0.0147370960
   -0.0095189066
    0.0055275860
    0.0099475254
    0.0246149994
    0.0501903451
    0.0362053441
    0.0154633823
    0.0030199779
    0.0017520783
   -0.0080082125
   -0.0063574917
    0.0076344948
    0.0140390201
    0.0265104153
    0.0267881057
    0.0201073444
    0.0061471928
    0.0277907244
    0.0369499551
   -0.0006964834
   -0.0050714576
    0.0095825225
    0.0155124344
    0.0198990455
    0.0183788224
    0.0144700186
    0.0150014173
    0.0169564999
    0.0377118266
   -0.0021359371
   -0.0037170821
    0.0105840376
    0.0142488902
    0.0155322237
    0.0149290575
    0.0144275874
    0.0199326470
    0.0355718988
    0.0122916809
    0.0109877510
    0.0236208101
    0.0030261631
   -0.0022782184
    0.0105086542
    0.0124840946
    0.0131759586
    0.0133403436
    0.0143343265
    0.0167156932
    0.0127962591
    0.0078182464
    0.0091909660
    0.0060847550
    0.0111082626
    0.0052606644
   -0.0006353360
    0.0110659541
    0.0121389248
    0.0126669937
    0.0116301359
    0.0083361065
    0.0066771482
    0.0040634634
    0.0017470562
    0.0022853548
    0.0003542626
   -0.0012407992
    0.0106630427
    0.0102397528
    0.0085019385
    0.0064441009
    0.0045227243
    0.0020543761
    0.0010465139
    0.0005015818
   -0.0005504158
    0.0080419375
    0.0064850267
    0.0048156181
    0.0029206224
    0.0013741869
    0.0005962830
   -0.0001036786
    0.0049523573
    0.0034598779
    0.0019889753
    0.0009464481
    0.0032256071
    0.0026584560
    0.0012532737
    0.0030940803
    0.0042440628
    0.0043748090
    0.0030091992
    0.0008006822
   -0.0013597572
    0.0028471021
    0.0047887885
    0.0062060619
    0.0056338669
    0.0029465731
   -0.0001743589
   -0.0027285801
    0.0020553444
    0.0044923489
    0.0073138876
    0.0092735171
    0.0070187258
    0.0022358946
   -0.0018606550
    0.0033224947
    0.0068036533
    0.0129467313
    0.0189549979
    0.0084217786
    0.0006883946
   -0.0045025788
    0.0013393905
    0.0051671680
    0.0115871001
    0.0112975640
   -0.0031720085
   -0.0078613805
   -0.0013596358
    0.0024686511
    0.0081198191
    0.0056401010
   -0.0095421691
   -0.0041925235
   -0.0020035780
    0.0048436551
    0.0254804445
   -0.0121923911
   -0.0150796831
   -0.0060078772
   -0.0075527984
   -0.0021044950
    0.0094516663
   -0.0205913438
   -0.0236295392
   -0.0178088968
   -0.0058255939
   -0.0115233572
   -0.0129777192
   -0.0005019910
    0.0140865777
   -0.0467373073
   -0.0451402656
   -0.0262129713
   -0.0183061912
   -0.0142912829
   -0.0039007389
   -0.0109097887
   -0.0222241987
   -0.0179212477
    0.0023228631
   -0.0855569714
   -0.0435791915
   -0.0233953474
   -0.0181456558
   -0.0138684908
   -0.0015286551
   -0.0062602408
   -0.0204244257
   -0.0304249321
   -0.0058753776
    0.0139077403
   -0.0747208320
   -0.0268624449
   -0.0209996340
   -0.0175701960
   -0.0125433172
    0.0003924096
   -0.0016664766
   -0.0081577634
   -0.0197579599
    0.0346611271
   -0.0251880913
   -0.0085439878
   -0.0203515799
   -0.0150494869
   -0.0105482170
    0.0017229287
    0.0012269001
    0.0000428527
    0.0062526044
   -0.0390036576
    0.0052031199
   -0.0122310204
   -0.0111830564
   -0.0085662492
    0.0030278128
    0.0032685561
    0.0142475159
   -0.0605367155
   -0.0029222191
   -0.0084317028
    0.0039397342
    0.0056911130
    0.0123763503
   -0.0170687554
    0.0133473322
   -0.0043645578
   -0.0067747078
    0.0064626983
    0.0133768844
    0.0126896291
    0.0548107539
    0.0115061579
   -0.0052862120
    0.0060754989
    0.0112744596
    0.0461272069
    0.0315143190
    0.0264409314
   -0.0022269033
   -0.0047976142
    0.0088541560
    0.0197506273
    0.0428187472
    0.0154614741
    0.0452706252
    0.0361944315
    0.0015535833
   -0.0033919204
    0.0121596253
    0.0262093917
    0.0448564500
    0.0289814830
    0.0198441227
    0.0173359934
    0.0428593998
    0.0327162989
    0.0190323265
   -0.0011739176
   -0.0031338629
    0.0087042417
    0.0144201115
    0.0226038469
    0.0230666473
    0.0205947861
    0.0180847628
    0.0237205884
    0.0365925622
    0.0144790418
    0.0120533708
    0.0039511446
   -0.0017713559
    0.0099106330
    0.0143966153
    0.0175417914
    0.0177990511
    0.0175799258
    0.0185070582
    0.0214966996
    0.0145391743
    0.0075156462
    0.0093158707
    0.0214873547
    0.0121696660
    0.0000629951
   -0.0018739275
    0.0102826067
    0.0131120790
    0.0146524543
    0.0152777959
    0.0158043930
    0.0164492862
    0.0145169880
    0.0089196940
    0.0057140929
    0.0041621089
    0.0034419209
    0.0072068899
    0.0016109785
   -0.0008996542
    0.0117470378
    0.0127948105
    0.0137645549
    0.0130604776
    0.0101257436
    0.0068643919
    0.0042441089
    0.0018353633
    0.0016744921
    0.0015643661
   -0.0000899526
    0.0114179775
    0.0099760614
    0.0075903686
    0.0052645070
    0.0030091727
    0.0014394065
    0.0010553899
    0.0003329313
    0.0076529626
    0.0057847833
    0.0038979056
    0.0021905295
    0.0011701383
    0.0005509848
    0.0043774683
    0.0028561709
    0.0016305932
    0.0008305284
    0.0028137477
    0.0026886864
    0.0017099353
    0.0001765924
    0.0033193960
    0.0038393528
    0.0032591428
    0.0014933289
   -0.0006492128
    0.0034036954
    0.0046812424
    0.0050804210
    0.0035873637
    0.0006853527
   -0.0019998004
    0.0029748192
    0.0048151269
    0.0064501287
    0.0068010648
    0.0031424179
   -0.0009921995
   -0.0039266654
    0.0020642257
    0.0042085771
    0.0064522577
    0.0118649862
    0.0093160491
    0.0011377373
   -0.0037680400
   -0.0062904421
    0.0029689321
    0.0054424925
    0.0167770077
    0.0433720386
    0.0078523182
   -0.0028989324
   -0.0076239935
    0.0010531614
    0.0040850062
    0.0112130640
    0.0004618895
   -0.0098798123
   -0.0115571754
   -0.0012345187
    0.0015847581
    0.0058824783
    0.0135148986
   -0.0149417511
   -0.0172634977
   -0.0014824611
   -0.0028773517
   -0.0020417267
    0.0023403224
    0.0106273274
   -0.0285166466
   -0.0306091696
   -0.0210723094
   -0.0004929461
   -0.0025529640
   -0.0049504848
   -0.0022750865
    0.0009987363
    0.0108471258
   -0.0397541549
   -0.0638186169
   -0.0359286787
   -0.0204354886
   -0.0141514521
    0.0008457761
   -0.0000710777
   -0.0037013158
   -0.0061524088
    0.0000669537
   -0.0049232169
    0.0236892853
    0.0063484947
   -0.0701530953
   -0.0298582827
   -0.0173064234
   -0.0125881720
   -0.0095198227
    0.0019093038
    0.0026002936
    0.0035796542
   -0.0016971621
    0.0046803219
    0.0071087109
    0.0142311594
   -0.0478878952
   -0.0187862062
   -0.0135103637
   -0.0101787691
   -0.0080580662
    0.0025870453
    0.0038137709
    0.0097319048
    0.0234848581
    0.0299698375
    0.0530651197
    0.0166584226
   -0.0711596532
   -0.0110298640
   -0.0092909545
   -0.0076264248
   -0.0073423256
    0.0042268097
    0.0082675790
    0.0444838362
    0.0038309726
    0.0204139213
    0.0108059065
   -0.0000322811
   -0.0053938695
    0.0044463327
    0.0068980109
    0.0198830325
    0.0905551164
   -0.0285455007
    0.0014822506
   -0.0046003254
    0.0067415833
    0.0114394275
    0.0785495761
   -0.0082308633
   -0.0361556389
    0.0333862576
   -0.0010507519
    0.0063626027
    0.0107233094
    0.0362718955
    0.0001107869
    0.0072053972
   -0.0026244120
    0.0092800786
    0.0207252937
    0.0756149790
    0.0337436758
    0.0161457373
   -0.0000161707
    0.0076284534
    0.0136470886
    0.0427427109
    0.0602332539
    0.0471618516
    0.0638235152
    0.0140550718
    0.0024289307
   -0.0018424625
    0.0099128573
    0.0183659055
    0.0416845397
    0.0375399261
    0.0308010902
    0.0330268485
    0.0424701241
    0.0286710887
    0.0348531429
    0.0221777097
    0.0179499190
    0.0037250899
   -0.0005376905
    0.0119408435
    0.0194880752
    0.0250234775
    0.0234797367
    0.0250604987
    0.0280751379
    0.0258129354
    0.0143051117
    0.0107298900
    0.0194174318
    0.0067890214
    0.0007164499
   -0.0013529919
    0.0128370297
    0.0172639134
    0.0190316291
    0.0202314655
    0.0217544990
    0.0220531950
    0.0166310434
    0.0095971126
    0.0074890838
    0.0160989355
    0.0038617453
    0.0067844739
    0.0019476386
   -0.0004532055
    0.0125289298
    0.0150011103
    0.0164291161
    0.0176023192
    0.0181944682
    0.0164518158
    0.0115766020
    0.0074297691
    0.0046388298
    0.0013144620
    0.0011154832
    0.0021015362
    0.0003342227
    0.0116701943
    0.0132826193
    0.0143889799
    0.0150237317
    0.0145731998
    0.0121437015
    0.0086256870
    0.0055532485
    0.0027123234
    0.0007839411
    0.0012132996
    0.0007395167
    0.0113855634
    0.0091020586
    0.0065143309
    0.0040983862
    0.0020538249
    0.0011481696
    0.0008290049
    0.0001036317
    0.0049196585
    0.0030630040
    0.0017073760
    0.0010002016
    0.0023319592
    0.0013608199
    0.0024598638
    0.0018836759
    0.0006353574
    0.0031672503
    0.0030647415
    0.0018758562
   -0.0000485124
    0.0035600324
    0.0041916012
    0.0036026814
    0.0013128408
   -0.0013393684
    0.0035017263
    0.0048149695
    0.0056943059
    0.0036572548
   -0.0003001483
   -0.0033431895
    0.0030189750
    0.0046784201
    0.0076614188
    0.0092534409
    0.0018269312
   -0.0032936624
   -0.0059564637
    0.0022194504
    0.0039842743
    0.0075254229
    0.0303355689
    0.0123664970
   -0.0032421975
   -0.0075506043
   -0.0087243823
    0.0029272405
    0.0053865292
    0.0000165300
   -0.0108250766
   -0.0122514195
    0.0016883951
    0.0037189905
    0.0119443366
   -0.0173143919
   -0.0194437528
   -0.0156930327
    0.0010676640
    0.0009643646
    0.0023501669
    0.0041301072
    0.0282979408
   -0.0232956619
   -0.0348815862
   -0.0252371895
   -0.0165702082
    0.0025247846
    0.0020578298
    0.0019193033
    0.0033002588
    0.0021322154
    0.0126359585
   -0.0211899976
   -0.0633188862
   -0.0458927134
   -0.0250532223
   -0.0150131717
    0.0043412202
    0.0060972971
    0.0048647058
    0.0054575790
    0.0038380294
   -0.0007087346
   -0.0083464301
   -0.0770636349
   -0.0853344386
   -0.0418693392
   -0.0198519242
   -0.0119675005
   -0.0085414883
    0.0052821163
    0.0111832239
    0.0175713950
    0.0132481302
    0.0144109799
    0.0046762344
    0.0096333960
   -0.0722194629
   -0.0271490990
   -0.0127243574
   -0.0079013452
   -0.0063888092
    0.0052705718
    0.0116302964
    0.0470727030
    0.0467619608
    0.0401443899
    0.0206580820
    0.0123781406
    0.0133102101
   -0.0396918095
   -0.0112457822
   -0.0040213433
   -0.0031776710
   -0.0046255315
    0.0049973595
    0.0090071226
    0.0378374229
    0.0080567735
    0.0244808481
   -0.0596266963
   -0.0063328514
    0.0040268619
    0.0092228347
   -0.0001041237
   -0.0036951628
    0.0074131917
    0.0155411789
    0.0256630528
    0.0171954357
   -0.0595681661
   -0.0703614995
   -0.0112538438
    0.0069346748
    0.0159980071
   -0.0001239067
    0.0065917541
    0.0106336745
    0.0282516716
    0.0606032378
    0.0035684942
   -0.0387363210
   -0.0223234967
   -0.0027398912
    0.0090821284
   -0.0012872077
    0.0091902735
    0.0160055553
    0.0502564183
   -0.0064907501
   -0.0070622078
    0.0024164594
    0.0257182983
    0.0025763347
    0.0078529920
    0.0130508185
    0.0348316273
    0.1007640696
    0.0047252700
    0.0057987095
    0.0192987121
    0.0286886095
    0.0071097968
   -0.0003909660
    0.0103595962
    0.0189414862
    0.0565202349
    0.0921399881
    0.0439675276
    0.0188781398
    0.0187789485
    0.0125149656
    0.0081596709
    0.0013708676
    0.0081984881
    0.0131072112
    0.0232630405
    0.0338294997
    0.0310591406
    0.0406733115
    0.0599500852
    0.0442726531
    0.0232832025
    0.0188485553
    0.0053022454
    0.0050229239
    0.0022933853
   -0.0005279111
    0.0097496770
    0.0149576869
    0.0212546091
    0.0229895663
    0.0270468166
    0.0336930416
    0.0348822110
    0.0221778094
    0.0131322260
    0.0117863609
    0.0063439838
    0.0014228327
    0.0021506382
    0.0002516949
    0.0108350983
    0.0150606246
    0.0182989451
    0.0205785799
    0.0238199408
    0.0258107152
    0.0218950653
    0.0138862530
    0.0089295283
    0.0090047952
    0.0055595046
   -0.0011438687
    0.0014493096
    0.0007414121
    0.0111833128
    0.0141349062
    0.0163461956
    0.0183336906
    0.0198478026
    0.0191028402
    0.0148786034
    0.0099239005
    0.0063425189
    0.0032220350
   -0.0003857039
    0.0006033693
    0.0009230093
   -0.0000373578
    0.0109212916
    0.0129787633
    0.0146022420
    0.0157994165
    0.0159589180
    0.0141586207
    0.0107301374
    0.0073120368
    0.0043169227
    0.0016050071
    0.0006757019
    0.0008947042
    0.0003408407
    0.0106355749
    0.0079840597
    0.0054089921
    0.0031039177
    0.0015263032
    0.0010086226
    0.0005928769
    0.0040510030
    0.0024114331
    0.0014059662
    0.0008326077
    0.0026882125
    0.0019822533
    0.0004232758
    0.0028002981
    0.0033773618
    0.0032681731
    0.0017131889
   -0.0007096614
    0.0027512314
    0.0037015765
    0.0045308992
    0.0037561148
    0.0004727312
   -0.0026883060
    0.0036028630
    0.0051968196
    0.0072022740
    0.0032186592
   -0.0024248699
   -0.0054686773
    0.0032383957
    0.0048569259
    0.0107038032
    0.0135936491
   -0.0010441214
   -0.0069796401
   -0.0086149363
    0.0028574885
    0.0041259356
    0.0084990356
    0.0364947991
    0.0097929747
   -0.0093838629
   -0.0123128023
   -0.0113117832
    0.0036648612
    0.0052415731
    0.0217918496
   -0.0106156499
   -0.0190579278
   -0.0168000800
    0.0032863021
    0.0036110085
    0.0039311655
    0.0044898830
    0.0062916199
    0.0224599449
   -0.0072376392
   -0.0298560973
   -0.0271133690
   -0.0185880791
    0.0044737712
    0.0057018990
    0.0057624366
    0.0057226364
    0.0047074758
    0.0034646074
   -0.0075286132
   -0.0414134923
   -0.0458066818
   -0.0293931183
   -0.0170630989
    0.0053411868
    0.0086316948
    0.0107141301
    0.0095012083
    0.0083501044
    0.0035527606
   -0.0050001508
   -0.0411507239
   -0.0709085252
   -0.0489619896
   -0.0248214198
   -0.0131533085
   -0.0081629907
    0.0055206882
    0.0102714871
    0.0203639660
    0.0196122702
    0.0161155214
    0.0104970754
    0.0020160702
   -0.0221928168
   -0.0744241552
   -0.0751440893
   -0.0378815426
   -0.0164197661
   -0.0079667579
   -0.0051455385
    0.0052574256
    0.0094456762
    0.0258082690
    0.0301232831
    0.0248591945
    0.0086938793
   -0.0011805858
   -0.0500659741
   -0.0807756122
   -0.0562643134
   -0.0213690351
   -0.0071427776
   -0.0018788207
   -0.0025406663
    0.0079072293
    0.0179048054
    0.0481461627
    0.0239624206
    0.0065797981
   -0.0127610577
   -0.0673384740
   -0.0692170465
   -0.0290419233
   -0.0076586893
    0.0043384189
    0.0033512570
   -0.0012838652
    0.0067867840
    0.0116941005
    0.0407875711
    0.0596713867
    0.0224799679
    0.0139148583
   -0.0247184835
   -0.0587574424
   -0.0358920116
   -0.0114148590
    0.0069658851
    0.0161224719
    0.0043936471
   -0.0012651785
    0.0092547004
    0.0160449534
    0.0732237520
    0.0630590344
    0.0187186797
   -0.0205138209
   -0.0291318801
   -0.0148356763
   -0.0026859858
    0.0273795543
    0.0152063903
    0.0023482718
    0.0078660798
    0.0122032919
    0.0233843620
    0.1020233737
    0.0763499883
    0.0166138219
   -0.0048006711
   -0.0106305803
   -0.0081428289
    0.0114167270
    0.0239577902
    0.0076475304
    0.0002807124
    0.0101938769
    0.0162087153
    0.0407598440
    0.0447869055
    0.0198105279
    0.0026164693
   -0.0021253208
   -0.0011363918
    0.0145217803
    0.0110185881
    0.0026333468
    0.0084065487
    0.0129377862
    0.0211946570
    0.0379942746
    0.0651149213
    0.0665307318
    0.0271000512
    0.0151126916
    0.0078461277
    0.0063908492
    0.0032518181
    0.0081540631
    0.0041164153
    0.0101979577
    0.0154794006
    0.0221860742
    0.0277969809
    0.0387932225
    0.0534756463
    0.0574378062
    0.0311829508
    0.0170181556
    0.0102134852
    0.0201603833
    0.0021422449
    0.0026769075
    0.0036218572
    0.0011555035
    0.0117252606
    0.0165481239
    0.0204555701
    0.0252174334
    0.0327398395
    0.0384256167
    0.0308186975
    0.0178731164
    0.0107173327
    0.0104006647
    0.0074100034
   -0.0007186887
    0.0018387159
    0.0014221274
    0.0125303812
    0.0161632069
    0.0192614356
    0.0231821296
    0.0267762659
    0.0258914243
    0.0188131667
    0.0117579072
    0.0075078982
    0.0052037908
   -0.0002779644
    0.0003337491
    0.0011895705
    0.0003408989
    0.0125397017
    0.0152248938
    0.0177272396
    0.0200378920
    0.0206696163
    0.0178118744
    0.0127251657
    0.0083010677
    0.0049168213
    0.0015566091
    0.0002303568
    0.0008707633
    0.0005831662
    0.0120302415
    0.0140206222
    0.0156968251
    0.0156679064
    0.0127504050
    0.0091448557
    0.0059574450
    0.0031727326
    0.0012352204
    0.0008827806
    0.0007216228
    0.0094350781
    0.0067620009
    0.0043414359
    0.0023831384
    0.0013255860
    0.0008977321
    0.0032795088
    0.0019598298
    0.0012037784
    0.0019045105
    0.0007523410
    0.0027422005
    0.0027844246
    0.0018542415
   -0.0001184383
    0.0029665980
    0.0034965036
    0.0032981793
    0.0011395272
   -0.0018569348
    0.0038091163
    0.0047454134
    0.0034841748
   -0.0010601310
   -0.0045799048
    0.0037826299
    0.0052534937
    0.0071219476
    0.0014248310
   -0.0052770624
   -0.0079369887
    0.0037738655
    0.0047724166
    0.0083655511
    0.0074873021
   -0.0052994874
   -0.0108284033
   -0.0111266504
    0.0045550380
    0.0059492994
    0.0100111338
   -0.0029776504
   -0.0148389703
   -0.0161583867
    0.0049595943
    0.0053063773
    0.0053193874
    0.0049730624
    0.0051780879
   -0.0013606584
   -0.0188190223
   -0.0240555065
   -0.0192999772
    0.0065762790
    0.0076314731
    0.0074261115
    0.0064945018
    0.0040209224
   -0.0020933142
   -0.0202273776
   -0.0342465853
   -0.0292866396
   -0.0189156640
    0.0079367729
    0.0112506655
    0.0115232004
    0.0101817763
    0.0071283426
    0.0005840897
   -0.0158898346
   -0.0412531536
   -0.0432315622
   -0.0277811131
   -0.0153774163
   -0.0087977827
    0.0082244996
    0.0145302126
    0.0196101025
    0.0159743354
    0.0132735421
    0.0064001334
   -0.0061370747
   -0.0355401948
   -0.0548739375
   -0.0400558535
   -0.0209124528
   -0.0101020986
   -0.0052897479
    0.0075753667
    0.0142124304
    0.0311490602
    0.0288840596
    0.0210563865
    0.0149391277
    0.0041754735
   -0.0174448888
   -0.0511057334
   -0.0510358925
   -0.0283505614
   -0.0122211333
   -0.0040928531
   -0.0019173599
    0.0067017272
    0.0114606050
    0.0275132022
    0.0315040574
    0.0267619370
    0.0145962106
    0.0016936032
   -0.0286840166
   -0.0497127957
   -0.0350239723
   -0.0156218459
   -0.0035513168
    0.0017930035
    0.0001914384
    0.0092176735
    0.0167662543
    0.0530850945
    0.0431476307
    0.0316024001
    0.0195154308
   -0.0001986259
   -0.0296398226
   -0.0338429305
   -0.0187991178
   -0.0057421253
    0.0052173182
    0.0050332689
    0.0005530736
    0.0077695879
    0.0120918314
    0.0220184920
    0.0558274060
    0.0484852298
    0.0287174360
   -0.0009510170
   -0.0196815903
   -0.0174992703
   -0.0087368464
    0.0032247121
    0.0100299621
    0.0044008791
    0.0099162247
    0.0149186244
    0.0308179016
    0.0717685988
    0.0712065660
    0.0269640918
    0.0012311802
   -0.0087655423
   -0.0080375331
   -0.0020462616
    0.0090651740
    0.0080783640
    0.0022725434
    0.0083379402
    0.0122798939
    0.0183666534
    0.0462863146
    0.0818185933
    0.0907470989
    0.0555335274
    0.0195961993
    0.0040889966
   -0.0025827333
   -0.0031003801
    0.0030116082
    0.0079600586
    0.0043018481
    0.0101392674
    0.0147115362
    0.0213471808
    0.0524258630
    0.0641031467
    0.0657210101
    0.0329868703
    0.0141901058
    0.0047273380
    0.0008498165
   -0.0001980522
    0.0041341347
    0.0045603268
    0.0016950272
    0.0118783109
    0.0165377915
    0.0223205920
    0.0357261743
    0.0427949374
    0.0499611559
    0.0378990073
    0.0200470978
    0.0100537021
    0.0050420196
    0.0015981081
    0.0008220794
    0.0029711893
    0.0021077396
    0.0095059874
    0.0131478825
    0.0172302298
    0.0221961589
    0.0290128135
    0.0345558858
    0.0333431366
    0.0227189174
    0.0130847021
    0.0073316600
    0.0040575285
    0.0004010778
    0.0011317332
    0.0017436043
    0.0103808865
    0.0136615166
    0.0170696617
    0.0210072041
    0.0249095357
    0.0262307057
    0.0219682736
    0.0147800970
    0.0090613880
    0.0052191009
    0.0018670042
    0.0004988525
    0.0011336606
    0.0008909867
    0.0107873344
    0.0135007793
    0.0162144767
    0.0188500782
    0.0204226543
    0.0192405138
    0.0150739509
    0.0102890832
    0.0064484745
    0.0033711280
    0.0012117041
    0.0009011699
    0.0008841077
    0.0128616454
    0.0148037359
    0.0108152169
    0.0074557132
    0.0046180415
    0.0023819890
    0.0012573359
    0.0009504236
    0.0034202028
    0.0019483290
    0.0012181421
    0.0017830891
    0.0003444867
    0.0028156406
    0.0026807052
    0.0014136189
   -0.0009850888
    0.0033804290
    0.0027979458
    0.0000365850
   -0.0033205254
    0.0037330106
    0.0039497016
    0.0018121617
   -0.0031158314
   -0.0065300665
    0.0040058218
    0.0042722100
    0.0035614131
   -0.0020902112
   -0.0079943713
   -0.0099445493
    0.0044141031
    0.0038311833
   -0.0006178345
   -0.0092178449
   -0.0133919214
    0.0059034923
    0.0059366177
    0.0053537794
    0.0039105590
    0.0000509708
   -0.0095216230
   -0.0174506513
   -0.0175333095
    0.0077011967
    0.0080992931
    0.0074344953
    0.0055237754
    0.0012752447
   -0.0082032939
   -0.0204593867
   -0.0239186942
   -0.0187707908
    0.0067121503
    0.0095107998
    0.0112297289
    0.0106528791
    0.0088458353
    0.0045459696
   -0.0042817686
   -0.0194337662
   -0.0296416483
   -0.0256808223
   -0.0166944287
    0.0103411094
    0.0147828799
    0.0150625762
    0.0133145635
    0.0097364967
    0.0020292333
   -0.0125697831
   -0.0299676290
   -0.0322744160
   -0.0221325307
   -0.0123436684
    0.0097787530
    0.0162243982
    0.0210120384
    0.0178513089
    0.0161072927
    0.0097934479
   -0.0018808392
   -0.0212595751
   -0.0336203289
   -0.0272862794
   -0.0155182076
   -0.0071093742
   -0.0029531902
    0.0085828524
    0.0141845514
    0.0238007539
    0.0230172755
    0.0216386180
    0.0189420469
    0.0098676431
   -0.0060816786
   -0.0250690273
   -0.0283493142
   -0.0184901199
   -0.0084682410
   -0.0019243232
   -0.0001813611
    0.0074472021
    0.0114766222
    0.0188269853
    0.0264381360
    0.0275897564
    0.0286163108
    0.0231762656
    0.0109033069
   -0.0083199106
   -0.0213326887
   -0.0187461350
   -0.0101493928
   -0.0021100739
    0.0020630488
    0.0010428040
    0.0095218658
    0.0142886429
    0.0216037018
    0.0381787390
    0.0488557341
    0.0374540656
    0.0296997478
    0.0110986688
   -0.0070363956
   -0.0136173536
   -0.0102140982
   -0.0036926500
    0.0027568986
    0.0034905471
    0.0080931615
    0.0117006414
    0.0167752078
    0.0307946332
    0.0546014157
    0.0470321018
    0.0311619453
    0.0095376239
   -0.0035011043
   -0.0068434390
   -0.0044691806
    0.0010323548
    0.0045510980
    0.0027656935
    0.0098189158
    0.0138676427
    0.0203295994
    0.0519102336
    0.0467773585
    0.0247700451
    0.0079351198
   -0.0003904940
   -0.0026534384
   -0.0007489094
    0.0032392692
    0.0036962729
    0.0115591461
    0.0159713037
    0.0250238828
    0.0540514537
    0.0474119538
    0.0473022376
    0.0349111310
    0.0174262710
    0.0066756979
    0.0012996413
   -0.0003809042
    0.0012470425
    0.0030769788
    0.0021568378
    0.0095478549
    0.0130948555
    0.0176629750
    0.0264330225
    0.0354955584
    0.0383467745
    0.0356762473
    0.0232894617
    0.0122062894
    0.0055084572
    0.0018987390
    0.0006229264
    0.0017423821
    0.0020641065
    0.0106497614
    0.0141359984
    0.0184917349
    0.0244441120
    0.0290550276
    0.0301845589
    0.0245321705
    0.0156241785
    0.0087657880
    0.0044131907
    0.0016707271
    0.0010040362
    0.0015061943
    0.0113680117
    0.0145184313
    0.0181602011
    0.0218642705
    0.0239289153
    0.0223116117
    0.0168530732
    0.0109022718
    0.0064251797
    0.0032755780
    0.0013811225
    0.0011309573
    0.0010911466
    0.0116121488
    0.0142384222
    0.0168834035
    0.0188533021
    0.0119471306
    0.0047153378
    0.0024131439
    0.0013170553
    0.0010580806
    0.0134075969
    0.0035050917
    0.0019527091
    0.0012488073
    0.0027201322
    0.0014383007
   -0.0002823963
    0.0022658307
    0.0005927983
   -0.0020418866
    0.0029465903
    0.0016319967
   -0.0014506394
   -0.0047148974
    0.0035329137
    0.0024959538
   -0.0005045508
   -0.0050104526
   -0.0079014927
    0.0032320422
    0.0004846406
   -0.0048150165
   -0.0095370428
    0.0044185768
    0.0016163807
   -0.0039373773
   -0.0106767472
   -0.0137402259
    0.0078242548
    0.0076747708
    0.0064481796
    0.0035864894
   -0.0019970744
   -0.0103163093
   -0.0163526233
   -0.0161269446
    0.0077264700
    0.0096609804
    0.0101570618
    0.0092644961
    0.0067259572
    0.0014485913
   -0.0074585074
   -0.0168764576
   -0.0196519446
   -0.0157949152
    0.0078982833
    0.0109419088
    0.0128200578
    0.0124466081
    0.0107567152
    0.0063117552
   -0.0019748405
   -0.0134671809
   -0.0209309880
   -0.0191637755
   -0.0130480977
    0.0109794679
    0.0146917193
    0.0153975715
    0.0148080968
    0.0121127065
    0.0052787262
   -0.0059434272
   -0.0175123320
   -0.0205079723
   -0.0154446238
    0.0100083350
    0.0144681939
    0.0173463527
    0.0177616740
    0.0179203889
    0.0134860502
    0.0040631796
   -0.0088538369
   -0.0174293585
   -0.0162695461
   -0.0103406836
   -0.0047859376
    0.0087774447
    0.0127285908
    0.0170298164
    0.0195909841
    0.0228641142
    0.0218795494
    0.0151080272
    0.0030522311
   -0.0091559957
   -0.0136600906
   -0.0106653982
   -0.0054163312
   -0.0011495359
    0.0108756142
    0.0150642525
    0.0197853796
    0.0288914394
    0.0297763714
    0.0259924695
    0.0160166520
    0.0024417366
   -0.0069355324
   -0.0086521142
   -0.0056684397
   -0.0014206238
    0.0011501919
    0.0093065952
    0.0129222869
    0.0176756263
    0.0302017602
    0.0399254335
    0.0341314006
    0.0279421898
    0.0147254833
    0.0024189850
   -0.0038145368
   -0.0044137685
   -0.0019245469
    0.0011199917
    0.0109919643
    0.0150202203
    0.0226881417
    0.0410192308
    0.0384084109
    0.0347886607
    0.0251481760
    0.0119575832
    0.0027769712
   -0.0012568147
   -0.0015011599
    0.0004516445
    0.0019836445
    0.0092974916
    0.0126195344
    0.0173306863
    0.0274253827
    0.0357286674
    0.0346816615
    0.0304099094
    0.0195244761
    0.0092825046
    0.0030353716
    0.0003249893
    0.0002414613
    0.0014591605
    0.0105243959
    0.0140374128
    0.0191955786
    0.0265977847
    0.0300364615
    0.0295567953
    0.0233413250
    0.0142693517
    0.0072079607
    0.0029989507
    0.0010941381
    0.0010539240
    0.0015107768
    0.0115022927
    0.0149755197
    0.0195233324
    0.0237992091
    0.0254272670
    0.0231460887
    0.0169593268
    0.0104077367
    0.0056376598
    0.0026962233
    0.0013511770
    0.0012546543
    0.0120785749
    0.0151721236
    0.0184714744
    0.0207268919
    0.0044006432
    0.0022825416
    0.0013777185
    0.0011480790
    0.0121699499
    0.0146090086
    0.0166641136
    0.0034249745
    0.0019371874
    0.0012901797
   -0.0003465869
    0.0004923320
   -0.0026534280
    0.0015118354
   -0.0019247079
   -0.0058923508
   -0.0006526990
   -0.0055319832
   -0.0040352838
   -0.0095714423
   -0.0120106722
    0.0080004612
    0.0090258436
    0.0089173613
    0.0075596071
   -0.0010991567
   -0.0079953077
   -0.0127595387
   -0.0128949716
    0.0084578256
    0.0103895159
    0.0110762423
    0.0104656856
    0.0081089959
   -0.0041701208
   -0.0112744670
   -0.0138734667
    0.0083062540
    0.0109576809
    0.0127456877
    0.0130960342
    0.0120849175
    0.0083820028
    0.0015844225
   -0.0068561991
   -0.0125374046
   -0.0125741019
    0.0105808287
    0.0133762949
    0.0149071607
    0.0155634365
    0.0138385992
    0.0084551060
    0.0000666385
   -0.0080500929
   -0.0113467949
    0.0096403432
    0.0128226432
    0.0155746257
    0.0180094740
    0.0187448040
    0.0155390558
    0.0083192242
   -0.0008192572
   -0.0073100370
   -0.0085051534
    0.0085581892
    0.0115802913
    0.0149946552
    0.0191006848
    0.0226354119
    0.0217281509
    0.0165892410
    0.0077779684
   -0.0008009407
   -0.0052418473
    0.0101659100
    0.0135306846
    0.0181038129
    0.0245965712
    0.0260752628
    0.0232255989
    0.0161031657
   -0.0025323499
    0.0117732418
    0.0157679500
    0.0222988667
    0.0274574083
    0.0266677503
    0.0222751434
   -0.0009833601
   -0.0005706889
    0.0100789400
    0.0133458701
    0.0181178999
    0.0242943128
    0.0264759599
    0.0247914476
    0.0190609215
    0.0002903151
    0.0005747915
    0.0112141090
    0.0146878471
    0.0193533798
    0.0232299377
    0.0238625610
    0.0210388045
    0.0018287653
    0.0009824856
    0.0120711436
    0.0153888669
    0.0189225052
    0.0209186028
    0.0018933517
    0.0012465480
    0.0124851212
    0.0152145607
    0.0174351073
    0.0094713835
    0.0095791205
    0.0084530416
    0.0103029281
    0.0112391251
    0.0110857348
    0.0092347870
    0.0104319184
    0.0122161977
    0.0131722747
    0.0127134859
    0.0098575358
    0.0099392278
    0.0123341963
    0.0143675329
    0.0154818798
    0.0142778567
    0.0090928627
    0.0116901222
    0.0144733771
    0.0170966212
    0.0177419901
    0.0153077027
    0.0105978022
    0.0135754282
    0.0171162381
    0.0196540909
    0.0190318497
    0.0121188992
    0.0156454675
    0.0194147249
    0.0206996802
    0.0188233135
    0.0105430430
    0.0135755372
    0.0172989412
    0.0200661953
    0.0200252757
    0.0115635886
    0.0146379519
    0.0177249386
    0.0191309975
    0.0122486180
    0.0149270450
    0.0169436961
    0.0094291966
    0.0097648543
    0.0098832225
    0.0109743764
    0.0111345578
    0.0097787711
    0.0115040473
    0.0126481580
    0.0124572324
    0.0113254525
    0.0132690998
    0.0143018800
    0.0134196167
    0.0105987550
    0.0129516778
    0.0149833110
    0.0154441265
    0.0119438293
    0.0144490601
    0.0160634725
    0.0130931144
    0.0153197711
    0.0161062096
    0.0137262979
    0.0152598269
    0.0117320615
