 -1.168278  -1.302177  -5.810025
 -0.178328  -1.302177  -5.810025
 -1.663253  -0.807202  -5.810025
 -0.673303  -0.807202  -5.810025
  0.316646  -0.807202  -5.810025
 -1.168278  -0.312227  -5.810025
 -0.178328  -0.312227  -5.810025
  0.811621  -0.312227  -5.810025
 -1.663253   0.182748  -5.810025
 -0.673303   0.182748  -5.810025
  0.316646   0.182748  -5.810025
  1.306596   0.182748  -5.810025
 -1.168278   0.677722  -5.810025
 -0.178328   0.677722  -5.810025
  0.811621   0.677722  -5.810025
  1.801571   0.677722  -5.810025
 -1.663253   1.172697  -5.810025
 -0.673303   1.172697  -5.810025
  0.316646   1.172697  -5.810025
  1.306596   1.172697  -5.810025
 -1.168278   1.667672  -5.810025
 -0.178328   1.667672  -5.810025
  0.811621   1.667672  -5.810025
  1.801571   1.667672  -5.810025
 -0.673303   2.162646  -5.810025
  0.316646   2.162646  -5.810025
  1.306596   2.162646  -5.810025
 -0.178328   2.657621  -5.810025
  0.811621   2.657621  -5.810025
 -1.663253  -2.292126  -5.315050
 -0.673303  -2.292126  -5.315050
  0.316646  -2.292126  -5.315050
 -2.158227  -1.797151  -5.315050
 -1.168278  -1.797151  -5.315050
 -0.178328  -1.797151  -5.315050
  0.811621  -1.797151  -5.315050
 -2.653202  -1.302177  -5.315050
 -1.663253  -1.302177  -5.315050
 -0.673303  -1.302177  -5.315050
  0.316646  -1.302177  -5.315050
  1.306596  -1.302177  -5.315050
 -2.158227  -0.807202  -5.315050
 -1.168278  -0.807202  -5.315050
 -0.178328  -0.807202  -5.315050
  0.811621  -0.807202  -5.315050
  1.801571  -0.807202  -5.315050
 -2.653202  -0.312227  -5.315050
 -1.663253  -0.312227  -5.315050
 -0.673303  -0.312227  -5.315050
  0.316646  -0.312227  -5.315050
  1.306596  -0.312227  -5.315050
  2.296545  -0.312227  -5.315050
 -2.158227   0.182748  -5.315050
 -1.168278   0.182748  -5.315050
 -0.178328   0.182748  -5.315050
  0.811621   0.182748  -5.315050
  1.801571   0.182748  -5.315050
 -2.653202   0.677722  -5.315050
 -1.663253   0.677722  -5.315050
 -0.673303   0.677722  -5.315050
  0.316646   0.677722  -5.315050
  1.306596   0.677722  -5.315050
  2.296545   0.677722  -5.315050
 -2.158227   1.172697  -5.315050
 -1.168278   1.172697  -5.315050
 -0.178328   1.172697  -5.315050
  0.811621   1.172697  -5.315050
  1.801571   1.172697  -5.315050
  2.791520   1.172697  -5.315050
 -1.663253   1.667672  -5.315050
 -0.673303   1.667672  -5.315050
  0.316646   1.667672  -5.315050
  1.306596   1.667672  -5.315050
  2.296545   1.667672  -5.315050
 -2.158227   2.162646  -5.315050
 -1.168278   2.162646  -5.315050
 -0.178328   2.162646  -5.315050
  0.811621   2.162646  -5.315050
  1.801571   2.162646  -5.315050
 -1.663253   2.657621  -5.315050
 -0.673303   2.657621  -5.315050
  0.316646   2.657621  -5.315050
  1.306596   2.657621  -5.315050
  2.296545   2.657621  -5.315050
 -1.168278   3.152596  -5.315050
 -0.178328   3.152596  -5.315050
  0.811621   3.152596  -5.315050
  1.801571   3.152596  -5.315050
 -0.673303   3.647571  -5.315050
  0.316646   3.647571  -5.315050
 -1.663253  -2.787101  -4.820076
 -0.673303  -2.787101  -4.820076
  0.316646  -2.787101  -4.820076
 -2.158227  -2.292126  -4.820076
 -1.168278  -2.292126  -4.820076
 -0.178328  -2.292126  -4.820076
  0.811621  -2.292126  -4.820076
 -2.653202  -1.797151  -4.820076
 -1.663253  -1.797151  -4.820076
 -0.673303  -1.797151  -4.820076
  0.316646  -1.797151  -4.820076
  1.306596  -1.797151  -4.820076
 -3.148177  -1.302177  -4.820076
 -2.158227  -1.302177  -4.820076
 -1.168278  -1.302177  -4.820076
 -0.178328  -1.302177  -4.820076
  0.811621  -1.302177  -4.820076
  1.801571  -1.302177  -4.820076
 -2.653202  -0.807202  -4.820076
 -1.663253  -0.807202  -4.820076
 -0.673303  -0.807202  -4.820076
  0.316646  -0.807202  -4.820076
  1.306596  -0.807202  -4.820076
  2.296545  -0.807202  -4.820076
 -3.148177  -0.312227  -4.820076
 -2.158227  -0.312227  -4.820076
 -1.168278  -0.312227  -4.820076
 -0.178328  -0.312227  -4.820076
  0.811621  -0.312227  -4.820076
  1.801571  -0.312227  -4.820076
  2.791520  -0.312227  -4.820076
 -2.653202   0.182748  -4.820076
 -1.663253   0.182748  -4.820076
 -0.673303   0.182748  -4.820076
  0.316646   0.182748  -4.820076
  1.306596   0.182748  -4.820076
  2.296545   0.182748  -4.820076
 -3.148177   0.677722  -4.820076
 -2.158227   0.677722  -4.820076
 -1.168278   0.677722  -4.820076
 -0.178328   0.677722  -4.820076
  0.811621   0.677722  -4.820076
  1.801571   0.677722  -4.820076
  2.791520   0.677722  -4.820076
 -2.653202   1.172697  -4.820076
 -1.663253   1.172697  -4.820076
 -0.673303   1.172697  -4.820076
  0.316646   1.172697  -4.820076
  1.306596   1.172697  -4.820076
  2.296545   1.172697  -4.820076
  3.286495   1.172697  -4.820076
 -2.158227   1.667672  -4.820076
 -1.168278   1.667672  -4.820076
 -0.178328   1.667672  -4.820076
  0.811621   1.667672  -4.820076
  1.801571   1.667672  -4.820076
  2.791520   1.667672  -4.820076
 -2.653202   2.162646  -4.820076
 -1.663253   2.162646  -4.820076
 -0.673303   2.162646  -4.820076
  0.316646   2.162646  -4.820076
  1.306596   2.162646  -4.820076
  2.296545   2.162646  -4.820076
 -2.158227   2.657621  -4.820076
 -1.168278   2.657621  -4.820076
 -0.178328   2.657621  -4.820076
  0.811621   2.657621  -4.820076
  1.801571   2.657621  -4.820076
  2.791520   2.657621  -4.820076
 -1.663253   3.152596  -4.820076
 -0.673303   3.152596  -4.820076
  0.316646   3.152596  -4.820076
  1.306596   3.152596  -4.820076
  2.296545   3.152596  -4.820076
 -1.168278   3.647571  -4.820076
 -0.178328   3.647571  -4.820076
  0.811621   3.647571  -4.820076
  1.801571   3.647571  -4.820076
 -0.673303   4.142545  -4.820076
  0.316646   4.142545  -4.820076
 -1.663253  -3.282076  -4.325101
 -0.673303  -3.282076  -4.325101
  0.316646  -3.282076  -4.325101
 -2.158227  -2.787101  -4.325101
 -1.168278  -2.787101  -4.325101
 -0.178328  -2.787101  -4.325101
  0.811621  -2.787101  -4.325101
 -2.653202  -2.292126  -4.325101
 -1.663253  -2.292126  -4.325101
 -0.673303  -2.292126  -4.325101
  0.316646  -2.292126  -4.325101
  1.306596  -2.292126  -4.325101
 -3.148177  -1.797151  -4.325101
 -2.158227  -1.797151  -4.325101
 -1.168278  -1.797151  -4.325101
 -0.178328  -1.797151  -4.325101
  0.811621  -1.797151  -4.325101
  1.801571  -1.797151  -4.325101
 -3.643152  -1.302177  -4.325101
 -2.653202  -1.302177  -4.325101
 -1.663253  -1.302177  -4.325101
 -0.673303  -1.302177  -4.325101
  0.316646  -1.302177  -4.325101
  1.306596  -1.302177  -4.325101
  2.296545  -1.302177  -4.325101
 -3.148177  -0.807202  -4.325101
 -2.158227  -0.807202  -4.325101
 -1.168278  -0.807202  -4.325101
 -0.178328  -0.807202  -4.325101
  0.811621  -0.807202  -4.325101
  1.801571  -0.807202  -4.325101
  2.791520  -0.807202  -4.325101
 -3.643152  -0.312227  -4.325101
 -2.653202  -0.312227  -4.325101
 -1.663253  -0.312227  -4.325101
 -0.673303  -0.312227  -4.325101
  0.316646  -0.312227  -4.325101
  1.306596  -0.312227  -4.325101
  2.296545  -0.312227  -4.325101
  3.286495  -0.312227  -4.325101
 -3.148177   0.182748  -4.325101
 -2.158227   0.182748  -4.325101
 -1.168278   0.182748  -4.325101
 -0.178328   0.182748  -4.325101
  0.811621   0.182748  -4.325101
  1.801571   0.182748  -4.325101
  2.791520   0.182748  -4.325101
  3.781470   0.182748  -4.325101
 -3.643152   0.677722  -4.325101
 -2.653202   0.677722  -4.325101
 -1.663253   0.677722  -4.325101
 -0.673303   0.677722  -4.325101
  0.316646   0.677722  -4.325101
  1.306596   0.677722  -4.325101
  2.296545   0.677722  -4.325101
  3.286495   0.677722  -4.325101
 -3.148177   1.172697  -4.325101
 -2.158227   1.172697  -4.325101
 -1.168278   1.172697  -4.325101
 -0.178328   1.172697  -4.325101
  0.811621   1.172697  -4.325101
  1.801571   1.172697  -4.325101
  2.791520   1.172697  -4.325101
  3.781470   1.172697  -4.325101
 -2.653202   1.667672  -4.325101
 -1.663253   1.667672  -4.325101
 -0.673303   1.667672  -4.325101
  0.316646   1.667672  -4.325101
  1.306596   1.667672  -4.325101
  2.296545   1.667672  -4.325101
  3.286495   1.667672  -4.325101
 -3.148177   2.162646  -4.325101
 -2.158227   2.162646  -4.325101
 -1.168278   2.162646  -4.325101
 -0.178328   2.162646  -4.325101
  0.811621   2.162646  -4.325101
  1.801571   2.162646  -4.325101
  2.791520   2.162646  -4.325101
  3.781470   2.162646  -4.325101
 -2.653202   2.657621  -4.325101
 -1.663253   2.657621  -4.325101
 -0.673303   2.657621  -4.325101
  0.316646   2.657621  -4.325101
  1.306596   2.657621  -4.325101
  2.296545   2.657621  -4.325101
  3.286495   2.657621  -4.325101
 -2.158227   3.152596  -4.325101
 -1.168278   3.152596  -4.325101
 -0.178328   3.152596  -4.325101
  0.811621   3.152596  -4.325101
  1.801571   3.152596  -4.325101
  2.791520   3.152596  -4.325101
 -1.663253   3.647571  -4.325101
 -0.673303   3.647571  -4.325101
  0.316646   3.647571  -4.325101
  1.306596   3.647571  -4.325101
  2.296545   3.647571  -4.325101
 -1.168278   4.142545  -4.325101
 -0.178328   4.142545  -4.325101
  0.811621   4.142545  -4.325101
  1.801571   4.142545  -4.325101
  0.316646   4.637520  -4.325101
 -0.673303  -3.777050  -3.830126
 -2.158227  -3.282076  -3.830126
 -1.168278  -3.282076  -3.830126
 -0.178328  -3.282076  -3.830126
  0.811621  -3.282076  -3.830126
 -2.653202  -2.787101  -3.830126
 -1.663253  -2.787101  -3.830126
 -0.673303  -2.787101  -3.830126
  0.316646  -2.787101  -3.830126
  1.306596  -2.787101  -3.830126
 -3.148177  -2.292126  -3.830126
 -2.158227  -2.292126  -3.830126
 -1.168278  -2.292126  -3.830126
 -0.178328  -2.292126  -3.830126
  0.811621  -2.292126  -3.830126
  1.801571  -2.292126  -3.830126
 -3.643152  -1.797151  -3.830126
 -2.653202  -1.797151  -3.830126
 -1.663253  -1.797151  -3.830126
 -0.673303  -1.797151  -3.830126
  0.316646  -1.797151  -3.830126
  1.306596  -1.797151  -3.830126
  2.296545  -1.797151  -3.830126
 -3.148177  -1.302177  -3.830126
 -2.158227  -1.302177  -3.830126
 -1.168278  -1.302177  -3.830126
 -0.178328  -1.302177  -3.830126
  0.811621  -1.302177  -3.830126
  1.801571  -1.302177  -3.830126
  2.791520  -1.302177  -3.830126
 -3.643152  -0.807202  -3.830126
 -2.653202  -0.807202  -3.830126
 -1.663253  -0.807202  -3.830126
 -0.673303  -0.807202  -3.830126
  0.316646  -0.807202  -3.830126
  1.306596  -0.807202  -3.830126
  2.296545  -0.807202  -3.830126
  3.286495  -0.807202  -3.830126
 -4.138126  -0.312227  -3.830126
 -3.148177  -0.312227  -3.830126
 -2.158227  -0.312227  -3.830126
 -1.168278  -0.312227  -3.830126
 -0.178328  -0.312227  -3.830126
  0.811621  -0.312227  -3.830126
  1.801571  -0.312227  -3.830126
  2.791520  -0.312227  -3.830126
  3.781470  -0.312227  -3.830126
 -3.643152   0.182748  -3.830126
 -2.653202   0.182748  -3.830126
 -1.663253   0.182748  -3.830126
 -0.673303   0.182748  -3.830126
  0.316646   0.182748  -3.830126
  1.306596   0.182748  -3.830126
  2.296545   0.182748  -3.830126
  3.286495   0.182748  -3.830126
  4.276444   0.182748  -3.830126
 -3.148177   0.677722  -3.830126
 -2.158227   0.677722  -3.830126
 -1.168278   0.677722  -3.830126
 -0.178328   0.677722  -3.830126
  1.801571   0.677722  -3.830126
  2.791520   0.677722  -3.830126
  3.781470   0.677722  -3.830126
 -3.643152   1.172697  -3.830126
 -2.653202   1.172697  -3.830126
 -1.663253   1.172697  -3.830126
 -0.673303   1.172697  -3.830126
  1.306596   1.172697  -3.830126
  2.296545   1.172697  -3.830126
  3.286495   1.172697  -3.830126
  4.276444   1.172697  -3.830126
 -3.148177   1.667672  -3.830126
 -2.158227   1.667672  -3.830126
 -1.168278   1.667672  -3.830126
  1.801571   1.667672  -3.830126
  2.791520   1.667672  -3.830126
  3.781470   1.667672  -3.830126
 -2.653202   2.162646  -3.830126
 -1.663253   2.162646  -3.830126
 -0.673303   2.162646  -3.830126
  0.316646   2.162646  -3.830126
  1.306596   2.162646  -3.830126
  2.296545   2.162646  -3.830126
  3.286495   2.162646  -3.830126
  4.276444   2.162646  -3.830126
 -3.148177   2.657621  -3.830126
 -2.158227   2.657621  -3.830126
 -1.168278   2.657621  -3.830126
 -0.178328   2.657621  -3.830126
  0.811621   2.657621  -3.830126
  1.801571   2.657621  -3.830126
  2.791520   2.657621  -3.830126
  3.781470   2.657621  -3.830126
 -2.653202   3.152596  -3.830126
 -1.663253   3.152596  -3.830126
 -0.673303   3.152596  -3.830126
  0.316646   3.152596  -3.830126
  1.306596   3.152596  -3.830126
  2.296545   3.152596  -3.830126
  3.286495   3.152596  -3.830126
 -2.158227   3.647571  -3.830126
 -1.168278   3.647571  -3.830126
 -0.178328   3.647571  -3.830126
  0.811621   3.647571  -3.830126
  1.801571   3.647571  -3.830126
  2.791520   3.647571  -3.830126
 -1.663253   4.142545  -3.830126
 -0.673303   4.142545  -3.830126
  0.316646   4.142545  -3.830126
  1.306596   4.142545  -3.830126
  2.296545   4.142545  -3.830126
 -1.168278   4.637520  -3.830126
 -0.178328   4.637520  -3.830126
  0.811621   4.637520  -3.830126
 -1.168278  -3.777050  -3.335151
 -0.178328  -3.777050  -3.335151
  0.811621  -3.777050  -3.335151
 -2.653202  -3.282076  -3.335151
 -1.663253  -3.282076  -3.335151
 -0.673303  -3.282076  -3.335151
  0.316646  -3.282076  -3.335151
  1.306596  -3.282076  -3.335151
 -3.148177  -2.787101  -3.335151
 -2.158227  -2.787101  -3.335151
 -1.168278  -2.787101  -3.335151
 -0.178328  -2.787101  -3.335151
  0.811621  -2.787101  -3.335151
  1.801571  -2.787101  -3.335151
 -3.643152  -2.292126  -3.335151
 -2.653202  -2.292126  -3.335151
 -1.663253  -2.292126  -3.335151
 -0.673303  -2.292126  -3.335151
  0.316646  -2.292126  -3.335151
  1.306596  -2.292126  -3.335151
  2.296545  -2.292126  -3.335151
 -3.148177  -1.797151  -3.335151
 -2.158227  -1.797151  -3.335151
 -1.168278  -1.797151  -3.335151
 -0.178328  -1.797151  -3.335151
  0.811621  -1.797151  -3.335151
  1.801571  -1.797151  -3.335151
  2.791520  -1.797151  -3.335151
 -3.643152  -1.302177  -3.335151
 -2.653202  -1.302177  -3.335151
 -1.663253  -1.302177  -3.335151
 -0.673303  -1.302177  -3.335151
  1.306596  -1.302177  -3.335151
  2.296545  -1.302177  -3.335151
  3.286495  -1.302177  -3.335151
 -4.138126  -0.807202  -3.335151
 -3.148177  -0.807202  -3.335151
 -2.158227  -0.807202  -3.335151
 -1.168278  -0.807202  -3.335151
  0.811621  -0.807202  -3.335151
  1.801571  -0.807202  -3.335151
  2.791520  -0.807202  -3.335151
  3.781470  -0.807202  -3.335151
 -3.643152  -0.312227  -3.335151
 -2.653202  -0.312227  -3.335151
 -1.663253  -0.312227  -3.335151
  0.316646  -0.312227  -3.335151
  1.306596  -0.312227  -3.335151
  2.296545  -0.312227  -3.335151
  3.286495  -0.312227  -3.335151
  4.276444  -0.312227  -3.335151
 -4.138126   0.182748  -3.335151
 -3.148177   0.182748  -3.335151
 -2.158227   0.182748  -3.335151
 -1.168278   0.182748  -3.335151
 -0.178328   0.182748  -3.335151
  0.811621   0.182748  -3.335151
  1.801571   0.182748  -3.335151
  2.791520   0.182748  -3.335151
  3.781470   0.182748  -3.335151
  4.771419   0.182748  -3.335151
 -3.643152   0.677722  -3.335151
 -2.653202   0.677722  -3.335151
 -1.663253   0.677722  -3.335151
 -0.673303   0.677722  -3.335151
  1.306596   0.677722  -3.335151
  2.296545   0.677722  -3.335151
  3.286495   0.677722  -3.335151
  4.276444   0.677722  -3.335151
 -4.138126   1.172697  -3.335151
 -3.148177   1.172697  -3.335151
 -2.158227   1.172697  -3.335151
 -1.168278   1.172697  -3.335151
  1.801571   1.172697  -3.335151
  2.791520   1.172697  -3.335151
  3.781470   1.172697  -3.335151
  4.771419   1.172697  -3.335151
 -3.643152   1.667672  -3.335151
 -2.653202   1.667672  -3.335151
 -1.663253   1.667672  -3.335151
 -0.673303   1.667672  -3.335151
  2.296545   1.667672  -3.335151
  3.286495   1.667672  -3.335151
  4.276444   1.667672  -3.335151
 -3.148177   2.162646  -3.335151
 -2.158227   2.162646  -3.335151
 -1.168278   2.162646  -3.335151
 -0.178328   2.162646  -3.335151
  1.801571   2.162646  -3.335151
  2.791520   2.162646  -3.335151
  3.781470   2.162646  -3.335151
 -2.653202   2.657621  -3.335151
 -1.663253   2.657621  -3.335151
 -0.673303   2.657621  -3.335151
  0.316646   2.657621  -3.335151
  1.306596   2.657621  -3.335151
  2.296545   2.657621  -3.335151
  3.286495   2.657621  -3.335151
  4.276444   2.657621  -3.335151
 -3.148177   3.152596  -3.335151
 -2.158227   3.152596  -3.335151
 -1.168278   3.152596  -3.335151
 -0.178328   3.152596  -3.335151
  0.811621   3.152596  -3.335151
  1.801571   3.152596  -3.335151
  2.791520   3.152596  -3.335151
  3.781470   3.152596  -3.335151
 -2.653202   3.647571  -3.335151
 -1.663253   3.647571  -3.335151
 -0.673303   3.647571  -3.335151
  0.316646   3.647571  -3.335151
  1.306596   3.647571  -3.335151
  2.296545   3.647571  -3.335151
  3.286495   3.647571  -3.335151
 -2.158227   4.142545  -3.335151
 -1.168278   4.142545  -3.335151
 -0.178328   4.142545  -3.335151
  0.811621   4.142545  -3.335151
  1.801571   4.142545  -3.335151
  2.791520   4.142545  -3.335151
 -0.673303   4.637520  -3.335151
  0.316646   4.637520  -3.335151
  1.306596   4.637520  -3.335151
 -1.663253  -3.777050  -2.840177
 -0.673303  -3.777050  -2.840177
  0.316646  -3.777050  -2.840177
 -2.158227  -3.282076  -2.840177
 -1.168278  -3.282076  -2.840177
 -0.178328  -3.282076  -2.840177
  0.811621  -3.282076  -2.840177
  1.801571  -3.282076  -2.840177
 -2.653202  -2.787101  -2.840177
 -1.663253  -2.787101  -2.840177
 -0.673303  -2.787101  -2.840177
  0.316646  -2.787101  -2.840177
  1.306596  -2.787101  -2.840177
  2.296545  -2.787101  -2.840177
 -3.148177  -2.292126  -2.840177
 -2.158227  -2.292126  -2.840177
 -1.168278  -2.292126  -2.840177
 -0.178328  -2.292126  -2.840177
  0.811621  -2.292126  -2.840177
  1.801571  -2.292126  -2.840177
  2.791520  -2.292126  -2.840177
 -3.643152  -1.797151  -2.840177
 -2.653202  -1.797151  -2.840177
 -1.663253  -1.797151  -2.840177
 -0.673303  -1.797151  -2.840177
  1.306596  -1.797151  -2.840177
  2.296545  -1.797151  -2.840177
  3.286495  -1.797151  -2.840177
 -4.138126  -1.302177  -2.840177
 -3.148177  -1.302177  -2.840177
 -2.158227  -1.302177  -2.840177
 -1.168278  -1.302177  -2.840177
  1.801571  -1.302177  -2.840177
  2.791520  -1.302177  -2.840177
  3.781470  -1.302177  -2.840177
 -3.643152  -0.807202  -2.840177
 -2.653202  -0.807202  -2.840177
  1.306596  -0.807202  -2.840177
  2.296545  -0.807202  -2.840177
  3.286495  -0.807202  -2.840177
  4.276444  -0.807202  -2.840177
 -4.138126  -0.312227  -2.840177
 -3.148177  -0.312227  -2.840177
  0.811621  -0.312227  -2.840177
  1.801571  -0.312227  -2.840177
  2.791520  -0.312227  -2.840177
  3.781470  -0.312227  -2.840177
  4.771419  -0.312227  -2.840177
 -4.633101   0.182748  -2.840177
 -3.643152   0.182748  -2.840177
 -2.653202   0.182748  -2.840177
  1.306596   0.182748  -2.840177
  2.296545   0.182748  -2.840177
  3.286495   0.182748  -2.840177
  4.276444   0.182748  -2.840177
 -4.138126   0.677722  -2.840177
 -3.148177   0.677722  -2.840177
 -2.158227   0.677722  -2.840177
  1.801571   0.677722  -2.840177
  2.791520   0.677722  -2.840177
  3.781470   0.677722  -2.840177
  4.771419   0.677722  -2.840177
 -4.633101   1.172697  -2.840177
 -3.643152   1.172697  -2.840177
 -2.653202   1.172697  -2.840177
 -1.663253   1.172697  -2.840177
  2.296545   1.172697  -2.840177
  3.286495   1.172697  -2.840177
  4.276444   1.172697  -2.840177
 -4.138126   1.667672  -2.840177
 -3.148177   1.667672  -2.840177
 -2.158227   1.667672  -2.840177
 -1.168278   1.667672  -2.840177
  1.801571   1.667672  -2.840177
  2.791520   1.667672  -2.840177
  3.781470   1.667672  -2.840177
  4.771419   1.667672  -2.840177
 -3.643152   2.162646  -2.840177
 -2.653202   2.162646  -2.840177
 -1.663253   2.162646  -2.840177
 -0.673303   2.162646  -2.840177
  1.306596   2.162646  -2.840177
  2.296545   2.162646  -2.840177
  3.286495   2.162646  -2.840177
  4.276444   2.162646  -2.840177
 -4.138126   2.657621  -2.840177
 -3.148177   2.657621  -2.840177
 -2.158227   2.657621  -2.840177
 -1.168278   2.657621  -2.840177
 -0.178328   2.657621  -2.840177
  0.811621   2.657621  -2.840177
  1.801571   2.657621  -2.840177
  2.791520   2.657621  -2.840177
  3.781470   2.657621  -2.840177
  4.771419   2.657621  -2.840177
 -2.653202   3.152596  -2.840177
 -1.663253   3.152596  -2.840177
 -0.673303   3.152596  -2.840177
  0.316646   3.152596  -2.840177
  1.306596   3.152596  -2.840177
  2.296545   3.152596  -2.840177
  3.286495   3.152596  -2.840177
  4.276444   3.152596  -2.840177
 -2.158227   3.647571  -2.840177
 -1.168278   3.647571  -2.840177
 -0.178328   3.647571  -2.840177
  0.811621   3.647571  -2.840177
  1.801571   3.647571  -2.840177
  2.791520   3.647571  -2.840177
  3.781470   3.647571  -2.840177
 -1.663253   4.142545  -2.840177
 -0.673303   4.142545  -2.840177
  0.316646   4.142545  -2.840177
  1.306596   4.142545  -2.840177
  2.296545   4.142545  -2.840177
  3.286495   4.142545  -2.840177
 -1.168278   4.637520  -2.840177
 -0.178328   4.637520  -2.840177
  0.811621   4.637520  -2.840177
  1.801571   4.637520  -2.840177
  0.316646   5.132495  -2.840177
 -2.158227  -3.777050  -2.345202
 -1.168278  -3.777050  -2.345202
 -0.178328  -3.777050  -2.345202
  0.811621  -3.777050  -2.345202
 -2.653202  -3.282076  -2.345202
 -1.663253  -3.282076  -2.345202
 -0.673303  -3.282076  -2.345202
  0.316646  -3.282076  -2.345202
  1.306596  -3.282076  -2.345202
 -3.148177  -2.787101  -2.345202
 -2.158227  -2.787101  -2.345202
 -1.168278  -2.787101  -2.345202
 -0.178328  -2.787101  -2.345202
  0.811621  -2.787101  -2.345202
  1.801571  -2.787101  -2.345202
 -3.643152  -2.292126  -2.345202
 -2.653202  -2.292126  -2.345202
 -1.663253  -2.292126  -2.345202
 -0.673303  -2.292126  -2.345202
  0.316646  -2.292126  -2.345202
  1.306596  -2.292126  -2.345202
  2.296545  -2.292126  -2.345202
  3.286495  -2.292126  -2.345202
 -4.138126  -1.797151  -2.345202
 -3.148177  -1.797151  -2.345202
 -2.158227  -1.797151  -2.345202
 -1.168278  -1.797151  -2.345202
  0.811621  -1.797151  -2.345202
  1.801571  -1.797151  -2.345202
  2.791520  -1.797151  -2.345202
  3.781470  -1.797151  -2.345202
 -3.643152  -1.302177  -2.345202
 -2.653202  -1.302177  -2.345202
 -1.663253  -1.302177  -2.345202
  1.306596  -1.302177  -2.345202
  2.296545  -1.302177  -2.345202
  3.286495  -1.302177  -2.345202
  4.276444  -1.302177  -2.345202
 -4.138126  -0.807202  -2.345202
 -3.148177  -0.807202  -2.345202
  1.801571  -0.807202  -2.345202
  2.791520  -0.807202  -2.345202
  3.781470  -0.807202  -2.345202
  4.771419  -0.807202  -2.345202
 -4.633101  -0.312227  -2.345202
 -3.643152  -0.312227  -2.345202
 -2.653202  -0.312227  -2.345202
  1.306596  -0.312227  -2.345202
  2.296545  -0.312227  -2.345202
  3.286495  -0.312227  -2.345202
  4.276444  -0.312227  -2.345202
  5.266394  -0.312227  -2.345202
 -5.128076   0.182748  -2.345202
 -4.138126   0.182748  -2.345202
 -3.148177   0.182748  -2.345202
  3.781470   0.182748  -2.345202
  4.771419   0.182748  -2.345202
 -4.633101   0.677722  -2.345202
 -3.643152   0.677722  -2.345202
 -2.653202   0.677722  -2.345202
  3.286495   0.677722  -2.345202
  4.276444   0.677722  -2.345202
  5.266394   0.677722  -2.345202
 -5.128076   1.172697  -2.345202
 -4.138126   1.172697  -2.345202
 -3.148177   1.172697  -2.345202
 -2.158227   1.172697  -2.345202
  2.791520   1.172697  -2.345202
  3.781470   1.172697  -2.345202
  4.771419   1.172697  -2.345202
 -4.633101   1.667672  -2.345202
 -3.643152   1.667672  -2.345202
 -2.653202   1.667672  -2.345202
 -1.663253   1.667672  -2.345202
  2.296545   1.667672  -2.345202
  3.286495   1.667672  -2.345202
  4.276444   1.667672  -2.345202
  5.266394   1.667672  -2.345202
 -4.138126   2.162646  -2.345202
 -3.148177   2.162646  -2.345202
 -2.158227   2.162646  -2.345202
  1.801571   2.162646  -2.345202
  2.791520   2.162646  -2.345202
  3.781470   2.162646  -2.345202
  4.771419   2.162646  -2.345202
 -4.633101   2.657621  -2.345202
 -3.643152   2.657621  -2.345202
 -2.653202   2.657621  -2.345202
 -1.663253   2.657621  -2.345202
  0.316646   2.657621  -2.345202
  1.306596   2.657621  -2.345202
  2.296545   2.657621  -2.345202
  3.286495   2.657621  -2.345202
  4.276444   2.657621  -2.345202
 -4.138126   3.152596  -2.345202
 -3.148177   3.152596  -2.345202
 -2.158227   3.152596  -2.345202
 -1.168278   3.152596  -2.345202
 -0.178328   3.152596  -2.345202
  0.811621   3.152596  -2.345202
  1.801571   3.152596  -2.345202
  2.791520   3.152596  -2.345202
  3.781470   3.152596  -2.345202
 -2.653202   3.647571  -2.345202
 -1.663253   3.647571  -2.345202
 -0.673303   3.647571  -2.345202
  0.316646   3.647571  -2.345202
  1.306596   3.647571  -2.345202
  2.296545   3.647571  -2.345202
  3.286495   3.647571  -2.345202
  4.276444   3.647571  -2.345202
 -2.158227   4.142545  -2.345202
 -1.168278   4.142545  -2.345202
 -0.178328   4.142545  -2.345202
  0.811621   4.142545  -2.345202
  1.801571   4.142545  -2.345202
  2.791520   4.142545  -2.345202
  3.781470   4.142545  -2.345202
 -1.663253   4.637520  -2.345202
 -0.673303   4.637520  -2.345202
  0.316646   4.637520  -2.345202
  1.306596   4.637520  -2.345202
  2.296545   4.637520  -2.345202
 -0.178328   5.132495  -2.345202
  0.811621   5.132495  -2.345202
 -0.178328  -4.272025  -1.850227
 -1.663253  -3.777050  -1.850227
 -0.673303  -3.777050  -1.850227
  0.316646  -3.777050  -1.850227
  1.306596  -3.777050  -1.850227
 -3.148177  -3.282076  -1.850227
 -2.158227  -3.282076  -1.850227
 -1.168278  -3.282076  -1.850227
 -0.178328  -3.282076  -1.850227
  0.811621  -3.282076  -1.850227
  1.801571  -3.282076  -1.850227
 -3.643152  -2.787101  -1.850227
 -2.653202  -2.787101  -1.850227
 -1.663253  -2.787101  -1.850227
 -0.673303  -2.787101  -1.850227
  0.316646  -2.787101  -1.850227
  1.306596  -2.787101  -1.850227
  2.296545  -2.787101  -1.850227
  3.286495  -2.787101  -1.850227
 -3.148177  -2.292126  -1.850227
 -2.158227  -2.292126  -1.850227
 -1.168278  -2.292126  -1.850227
 -0.178328  -2.292126  -1.850227
  0.811621  -2.292126  -1.850227
  1.801571  -2.292126  -1.850227
  2.791520  -2.292126  -1.850227
  3.781470  -2.292126  -1.850227
 -3.643152  -1.797151  -1.850227
 -2.653202  -1.797151  -1.850227
 -1.663253  -1.797151  -1.850227
 -0.673303  -1.797151  -1.850227
  0.316646  -1.797151  -1.850227
  1.306596  -1.797151  -1.850227
  2.296545  -1.797151  -1.850227
  3.286495  -1.797151  -1.850227
  4.276444  -1.797151  -1.850227
 -4.138126  -1.302177  -1.850227
 -3.148177  -1.302177  -1.850227
 -2.158227  -1.302177  -1.850227
  0.811621  -1.302177  -1.850227
  1.801571  -1.302177  -1.850227
  2.791520  -1.302177  -1.850227
  3.781470  -1.302177  -1.850227
  4.771419  -1.302177  -1.850227
 -4.633101  -0.807202  -1.850227
 -3.643152  -0.807202  -1.850227
 -2.653202  -0.807202  -1.850227
  1.306596  -0.807202  -1.850227
  2.296545  -0.807202  -1.850227
  3.286495  -0.807202  -1.850227
  4.276444  -0.807202  -1.850227
  5.266394  -0.807202  -1.850227
 -5.128076  -0.312227  -1.850227
 -4.138126  -0.312227  -1.850227
 -3.148177  -0.312227  -1.850227
  0.811621  -0.312227  -1.850227
  1.801571  -0.312227  -1.850227
  2.791520  -0.312227  -1.850227
  3.781470  -0.312227  -1.850227
  4.771419  -0.312227  -1.850227
  5.761369  -0.312227  -1.850227
 -4.633101   0.182748  -1.850227
 -3.643152   0.182748  -1.850227
 -2.653202   0.182748  -1.850227
  3.286495   0.182748  -1.850227
  4.276444   0.182748  -1.850227
  5.266394   0.182748  -1.850227
 -5.128076   0.677722  -1.850227
 -4.138126   0.677722  -1.850227
 -3.148177   0.677722  -1.850227
 -2.158227   0.677722  -1.850227
  3.781470   0.677722  -1.850227
  4.771419   0.677722  -1.850227
  5.761369   0.677722  -1.850227
 -4.633101   1.172697  -1.850227
 -3.643152   1.172697  -1.850227
 -2.653202   1.172697  -1.850227
 -1.663253   1.172697  -1.850227
  3.286495   1.172697  -1.850227
  4.276444   1.172697  -1.850227
  5.266394   1.172697  -1.850227
 -5.128076   1.667672  -1.850227
 -4.138126   1.667672  -1.850227
 -3.148177   1.667672  -1.850227
 -2.158227   1.667672  -1.850227
  2.791520   1.667672  -1.850227
  3.781470   1.667672  -1.850227
  4.771419   1.667672  -1.850227
 -4.633101   2.162646  -1.850227
 -3.643152   2.162646  -1.850227
 -2.653202   2.162646  -1.850227
 -1.663253   2.162646  -1.850227
  2.296545   2.162646  -1.850227
  3.286495   2.162646  -1.850227
  4.276444   2.162646  -1.850227
  5.266394   2.162646  -1.850227
 -4.138126   2.657621  -1.850227
 -3.148177   2.657621  -1.850227
 -2.158227   2.657621  -1.850227
 -1.168278   2.657621  -1.850227
  0.811621   2.657621  -1.850227
  1.801571   2.657621  -1.850227
  2.791520   2.657621  -1.850227
  3.781470   2.657621  -1.850227
  4.771419   2.657621  -1.850227
 -4.633101   3.152596  -1.850227
 -3.643152   3.152596  -1.850227
 -2.653202   3.152596  -1.850227
 -1.663253   3.152596  -1.850227
 -0.673303   3.152596  -1.850227
  0.316646   3.152596  -1.850227
  1.306596   3.152596  -1.850227
  2.296545   3.152596  -1.850227
  3.286495   3.152596  -1.850227
  4.276444   3.152596  -1.850227
 -4.138126   3.647571  -1.850227
 -3.148177   3.647571  -1.850227
 -2.158227   3.647571  -1.850227
 -1.168278   3.647571  -1.850227
 -0.178328   3.647571  -1.850227
  0.811621   3.647571  -1.850227
  1.801571   3.647571  -1.850227
  2.791520   3.647571  -1.850227
  3.781470   3.647571  -1.850227
 -2.653202   4.142545  -1.850227
 -1.663253   4.142545  -1.850227
 -0.673303   4.142545  -1.850227
  0.316646   4.142545  -1.850227
  1.306596   4.142545  -1.850227
  2.296545   4.142545  -1.850227
  3.286495   4.142545  -1.850227
 -1.168278   4.637520  -1.850227
 -0.178328   4.637520  -1.850227
  0.811621   4.637520  -1.850227
  1.801571   4.637520  -1.850227
  2.791520   4.637520  -1.850227
  0.316646   5.132495  -1.850227
 -0.673303  -4.272025  -1.355252
  0.316646  -4.272025  -1.355252
 -2.158227  -3.777050  -1.355252
 -1.168278  -3.777050  -1.355252
 -0.178328  -3.777050  -1.355252
  0.811621  -3.777050  -1.355252
  1.801571  -3.777050  -1.355252
 -2.653202  -3.282076  -1.355252
 -1.663253  -3.282076  -1.355252
 -0.673303  -3.282076  -1.355252
  0.316646  -3.282076  -1.355252
  1.306596  -3.282076  -1.355252
  2.296545  -3.282076  -1.355252
  3.286495  -3.282076  -1.355252
 -3.148177  -2.787101  -1.355252
 -2.158227  -2.787101  -1.355252
 -1.168278  -2.787101  -1.355252
 -0.178328  -2.787101  -1.355252
  0.811621  -2.787101  -1.355252
  1.801571  -2.787101  -1.355252
  2.791520  -2.787101  -1.355252
  3.781470  -2.787101  -1.355252
 -3.643152  -2.292126  -1.355252
 -2.653202  -2.292126  -1.355252
 -1.663253  -2.292126  -1.355252
 -0.673303  -2.292126  -1.355252
  0.316646  -2.292126  -1.355252
  1.306596  -2.292126  -1.355252
  2.296545  -2.292126  -1.355252
  3.286495  -2.292126  -1.355252
  4.276444  -2.292126  -1.355252
 -4.138126  -1.797151  -1.355252
 -3.148177  -1.797151  -1.355252
 -2.158227  -1.797151  -1.355252
 -1.168278  -1.797151  -1.355252
 -0.178328  -1.797151  -1.355252
  0.811621  -1.797151  -1.355252
  1.801571  -1.797151  -1.355252
  2.791520  -1.797151  -1.355252
  3.781470  -1.797151  -1.355252
  4.771419  -1.797151  -1.355252
 -4.633101  -1.302177  -1.355252
 -3.643152  -1.302177  -1.355252
 -2.653202  -1.302177  -1.355252
 -1.663253  -1.302177  -1.355252
  0.316646  -1.302177  -1.355252
  1.306596  -1.302177  -1.355252
  2.296545  -1.302177  -1.355252
  3.286495  -1.302177  -1.355252
  4.276444  -1.302177  -1.355252
  5.266394  -1.302177  -1.355252
 -5.128076  -0.807202  -1.355252
 -4.138126  -0.807202  -1.355252
 -3.148177  -0.807202  -1.355252
 -2.158227  -0.807202  -1.355252
  0.811621  -0.807202  -1.355252
  1.801571  -0.807202  -1.355252
  2.791520  -0.807202  -1.355252
  3.781470  -0.807202  -1.355252
  4.771419  -0.807202  -1.355252
  5.761369  -0.807202  -1.355252
 -4.633101  -0.312227  -1.355252
 -3.643152  -0.312227  -1.355252
 -2.653202  -0.312227  -1.355252
  1.306596  -0.312227  -1.355252
  2.296545  -0.312227  -1.355252
  3.286495  -0.312227  -1.355252
  4.276444  -0.312227  -1.355252
  5.266394  -0.312227  -1.355252
  6.256343  -0.312227  -1.355252
 -5.128076   0.182748  -1.355252
 -4.138126   0.182748  -1.355252
 -3.148177   0.182748  -1.355252
 -2.158227   0.182748  -1.355252
  3.781470   0.182748  -1.355252
  4.771419   0.182748  -1.355252
  5.761369   0.182748  -1.355252
 -5.623050   0.677722  -1.355252
 -4.633101   0.677722  -1.355252
 -3.643152   0.677722  -1.355252
 -2.653202   0.677722  -1.355252
 -1.663253   0.677722  -1.355252
  3.286495   0.677722  -1.355252
  4.276444   0.677722  -1.355252
  5.266394   0.677722  -1.355252
  6.256343   0.677722  -1.355252
 -5.128076   1.172697  -1.355252
 -4.138126   1.172697  -1.355252
 -3.148177   1.172697  -1.355252
 -1.168278   1.172697  -1.355252
  3.781470   1.172697  -1.355252
  4.771419   1.172697  -1.355252
  5.761369   1.172697  -1.355252
 -5.623050   1.667672  -1.355252
 -4.633101   1.667672  -1.355252
 -3.643152   1.667672  -1.355252
 -2.653202   1.667672  -1.355252
 -1.663253   1.667672  -1.355252
  3.286495   1.667672  -1.355252
  4.276444   1.667672  -1.355252
  5.266394   1.667672  -1.355252
 -5.128076   2.162646  -1.355252
 -4.138126   2.162646  -1.355252
 -3.148177   2.162646  -1.355252
 -2.158227   2.162646  -1.355252
  2.791520   2.162646  -1.355252
  3.781470   2.162646  -1.355252
  4.771419   2.162646  -1.355252
  5.761369   2.162646  -1.355252
 -4.633101   2.657621  -1.355252
 -3.643152   2.657621  -1.355252
 -2.653202   2.657621  -1.355252
 -1.663253   2.657621  -1.355252
  0.316646   2.657621  -1.355252
  2.296545   2.657621  -1.355252
  3.286495   2.657621  -1.355252
  4.276444   2.657621  -1.355252
  5.266394   2.657621  -1.355252
 -4.138126   3.152596  -1.355252
 -3.148177   3.152596  -1.355252
 -2.158227   3.152596  -1.355252
 -1.168278   3.152596  -1.355252
 -0.178328   3.152596  -1.355252
  0.811621   3.152596  -1.355252
  1.801571   3.152596  -1.355252
  2.791520   3.152596  -1.355252
  3.781470   3.152596  -1.355252
  4.771419   3.152596  -1.355252
 -3.643152   3.647571  -1.355252
 -2.653202   3.647571  -1.355252
 -1.663253   3.647571  -1.355252
 -0.673303   3.647571  -1.355252
  0.316646   3.647571  -1.355252
  1.306596   3.647571  -1.355252
  2.296545   3.647571  -1.355252
  3.286495   3.647571  -1.355252
  4.276444   3.647571  -1.355252
 -3.148177   4.142545  -1.355252
 -2.158227   4.142545  -1.355252
 -1.168278   4.142545  -1.355252
 -0.178328   4.142545  -1.355252
  0.811621   4.142545  -1.355252
  1.801571   4.142545  -1.355252
  2.791520   4.142545  -1.355252
  3.781470   4.142545  -1.355252
 -1.663253   4.637520  -1.355252
 -0.673303   4.637520  -1.355252
  0.316646   4.637520  -1.355252
  1.306596   4.637520  -1.355252
  2.296545   4.637520  -1.355252
  3.286495   4.637520  -1.355252
 -1.168278  -4.272025  -0.860278
 -0.178328  -4.272025  -0.860278
  0.811621  -4.272025  -0.860278
 -2.653202  -3.777050  -0.860278
 -1.663253  -3.777050  -0.860278
 -0.673303  -3.777050  -0.860278
  0.316646  -3.777050  -0.860278
  1.306596  -3.777050  -0.860278
  2.296545  -3.777050  -0.860278
 -3.148177  -3.282076  -0.860278
 -2.158227  -3.282076  -0.860278
 -1.168278  -3.282076  -0.860278
 -0.178328  -3.282076  -0.860278
  0.811621  -3.282076  -0.860278
  1.801571  -3.282076  -0.860278
  2.791520  -3.282076  -0.860278
  3.781470  -3.282076  -0.860278
 -3.643152  -2.787101  -0.860278
 -2.653202  -2.787101  -0.860278
 -1.663253  -2.787101  -0.860278
 -0.673303  -2.787101  -0.860278
  0.316646  -2.787101  -0.860278
  1.306596  -2.787101  -0.860278
  2.296545  -2.787101  -0.860278
  3.286495  -2.787101  -0.860278
  4.276444  -2.787101  -0.860278
 -4.138126  -2.292126  -0.860278
 -3.148177  -2.292126  -0.860278
 -2.158227  -2.292126  -0.860278
 -1.168278  -2.292126  -0.860278
 -0.178328  -2.292126  -0.860278
  0.811621  -2.292126  -0.860278
  1.801571  -2.292126  -0.860278
  2.791520  -2.292126  -0.860278
  3.781470  -2.292126  -0.860278
  4.771419  -2.292126  -0.860278
 -4.633101  -1.797151  -0.860278
 -3.643152  -1.797151  -0.860278
 -2.653202  -1.797151  -0.860278
 -1.663253  -1.797151  -0.860278
  1.306596  -1.797151  -0.860278
  2.296545  -1.797151  -0.860278
  3.286495  -1.797151  -0.860278
  4.276444  -1.797151  -0.860278
  5.266394  -1.797151  -0.860278
 -5.128076  -1.302177  -0.860278
 -4.138126  -1.302177  -0.860278
 -3.148177  -1.302177  -0.860278
 -2.158227  -1.302177  -0.860278
  0.811621  -1.302177  -0.860278
  1.801571  -1.302177  -0.860278
  2.791520  -1.302177  -0.860278
  3.781470  -1.302177  -0.860278
  4.771419  -1.302177  -0.860278
  5.761369  -1.302177  -0.860278
 -4.633101  -0.807202  -0.860278
 -3.643152  -0.807202  -0.860278
 -2.653202  -0.807202  -0.860278
  2.296545  -0.807202  -0.860278
  3.286495  -0.807202  -0.860278
  4.276444  -0.807202  -0.860278
  5.266394  -0.807202  -0.860278
  6.256343  -0.807202  -0.860278
 -5.128076  -0.312227  -0.860278
 -4.138126  -0.312227  -0.860278
 -3.148177  -0.312227  -0.860278
 -2.158227  -0.312227  -0.860278
  2.791520  -0.312227  -0.860278
  3.781470  -0.312227  -0.860278
  4.771419  -0.312227  -0.860278
  5.761369  -0.312227  -0.860278
 -5.623050   0.182748  -0.860278
 -4.633101   0.182748  -0.860278
 -3.643152   0.182748  -0.860278
  3.286495   0.182748  -0.860278
  4.276444   0.182748  -0.860278
  5.266394   0.182748  -0.860278
  6.256343   0.182748  -0.860278
 -5.128076   0.677722  -0.860278
 -4.138126   0.677722  -0.860278
  2.791520   0.677722  -0.860278
  3.781470   0.677722  -0.860278
  4.771419   0.677722  -0.860278
  5.761369   0.677722  -0.860278
 -5.623050   1.172697  -0.860278
 -4.633101   1.172697  -0.860278
 -3.643152   1.172697  -0.860278
 -0.673303   1.172697  -0.860278
  3.286495   1.172697  -0.860278
  4.276444   1.172697  -0.860278
  5.266394   1.172697  -0.860278
  6.256343   1.172697  -0.860278
 -5.128076   1.667672  -0.860278
 -4.138126   1.667672  -0.860278
 -3.148177   1.667672  -0.860278
 -1.168278   1.667672  -0.860278
 -0.178328   1.667672  -0.860278
  2.791520   1.667672  -0.860278
  3.781470   1.667672  -0.860278
  4.771419   1.667672  -0.860278
  5.761369   1.667672  -0.860278
 -5.623050   2.162646  -0.860278
 -4.633101   2.162646  -0.860278
 -3.643152   2.162646  -0.860278
 -2.653202   2.162646  -0.860278
 -1.663253   2.162646  -0.860278
 -0.673303   2.162646  -0.860278
  0.316646   2.162646  -0.860278
  3.286495   2.162646  -0.860278
  4.276444   2.162646  -0.860278
  5.266394   2.162646  -0.860278
 -5.128076   2.657621  -0.860278
 -4.138126   2.657621  -0.860278
 -3.148177   2.657621  -0.860278
 -2.158227   2.657621  -0.860278
 -1.168278   2.657621  -0.860278
 -0.178328   2.657621  -0.860278
  0.811621   2.657621  -0.860278
  2.791520   2.657621  -0.860278
  3.781470   2.657621  -0.860278
  4.771419   2.657621  -0.860278
  5.761369   2.657621  -0.860278
 -4.633101   3.152596  -0.860278
 -3.643152   3.152596  -0.860278
 -2.653202   3.152596  -0.860278
 -1.663253   3.152596  -0.860278
 -0.673303   3.152596  -0.860278
  0.316646   3.152596  -0.860278
  1.306596   3.152596  -0.860278
  2.296545   3.152596  -0.860278
  3.286495   3.152596  -0.860278
  4.276444   3.152596  -0.860278
  5.266394   3.152596  -0.860278
 -4.138126   3.647571  -0.860278
 -3.148177   3.647571  -0.860278
 -2.158227   3.647571  -0.860278
 -1.168278   3.647571  -0.860278
 -0.178328   3.647571  -0.860278
  0.811621   3.647571  -0.860278
  1.801571   3.647571  -0.860278
  2.791520   3.647571  -0.860278
  3.781470   3.647571  -0.860278
 -3.643152   4.142545  -0.860278
 -2.653202   4.142545  -0.860278
 -1.663253   4.142545  -0.860278
 -0.673303   4.142545  -0.860278
  0.316646   4.142545  -0.860278
  1.306596   4.142545  -0.860278
  2.296545   4.142545  -0.860278
  3.286495   4.142545  -0.860278
 -1.168278   4.637520  -0.860278
 -0.178328   4.637520  -0.860278
  0.811621   4.637520  -0.860278
  1.801571   4.637520  -0.860278
  2.791520   4.637520  -0.860278
 -1.663253  -4.272025  -0.365303
 -0.673303  -4.272025  -0.365303
  0.316646  -4.272025  -0.365303
 -2.158227  -3.777050  -0.365303
 -1.168278  -3.777050  -0.365303
 -0.178328  -3.777050  -0.365303
  0.811621  -3.777050  -0.365303
  1.801571  -3.777050  -0.365303
  2.791520  -3.777050  -0.365303
 -2.653202  -3.282076  -0.365303
 -1.663253  -3.282076  -0.365303
 -0.673303  -3.282076  -0.365303
  0.316646  -3.282076  -0.365303
  1.306596  -3.282076  -0.365303
  2.296545  -3.282076  -0.365303
  3.286495  -3.282076  -0.365303
  4.276444  -3.282076  -0.365303
 -4.138126  -2.787101  -0.365303
 -3.148177  -2.787101  -0.365303
 -2.158227  -2.787101  -0.365303
 -1.168278  -2.787101  -0.365303
 -0.178328  -2.787101  -0.365303
  0.811621  -2.787101  -0.365303
  1.801571  -2.787101  -0.365303
  2.791520  -2.787101  -0.365303
  3.781470  -2.787101  -0.365303
  4.771419  -2.787101  -0.365303
 -4.633101  -2.292126  -0.365303
 -3.643152  -2.292126  -0.365303
 -2.653202  -2.292126  -0.365303
 -1.663253  -2.292126  -0.365303
  0.316646  -2.292126  -0.365303
  1.306596  -2.292126  -0.365303
  2.296545  -2.292126  -0.365303
  3.286495  -2.292126  -0.365303
  4.276444  -2.292126  -0.365303
  5.266394  -2.292126  -0.365303
 -4.138126  -1.797151  -0.365303
 -3.148177  -1.797151  -0.365303
 -2.158227  -1.797151  -0.365303
  0.811621  -1.797151  -0.365303
  1.801571  -1.797151  -0.365303
  2.791520  -1.797151  -0.365303
  3.781470  -1.797151  -0.365303
  4.771419  -1.797151  -0.365303
  5.761369  -1.797151  -0.365303
 -4.633101  -1.302177  -0.365303
 -3.643152  -1.302177  -0.365303
 -2.653202  -1.302177  -0.365303
 -1.663253  -1.302177  -0.365303
  1.306596  -1.302177  -0.365303
  2.296545  -1.302177  -0.365303
  3.286495  -1.302177  -0.365303
  4.276444  -1.302177  -0.365303
  5.266394  -1.302177  -0.365303
  6.256343  -1.302177  -0.365303
 -5.128076  -0.807202  -0.365303
 -4.138126  -0.807202  -0.365303
 -3.148177  -0.807202  -0.365303
  2.791520  -0.807202  -0.365303
  3.781470  -0.807202  -0.365303
  4.771419  -0.807202  -0.365303
  5.761369  -0.807202  -0.365303
 -5.623050  -0.312227  -0.365303
 -4.633101  -0.312227  -0.365303
 -3.643152  -0.312227  -0.365303
 -2.653202  -0.312227  -0.365303
  5.266394  -0.312227  -0.365303
  6.256343  -0.312227  -0.365303
 -5.128076   0.182748  -0.365303
 -4.138126   0.182748  -0.365303
  2.791520   0.182748  -0.365303
  4.771419   0.182748  -0.365303
  5.761369   0.182748  -0.365303
  6.751318   0.182748  -0.365303
 -5.623050   0.677722  -0.365303
 -4.633101   0.677722  -0.365303
 -3.643152   0.677722  -0.365303
  4.276444   0.677722  -0.365303
  5.266394   0.677722  -0.365303
  6.256343   0.677722  -0.365303
 -5.128076   1.172697  -0.365303
 -4.138126   1.172697  -0.365303
 -0.178328   1.172697  -0.365303
  2.791520   1.172697  -0.365303
  3.781470   1.172697  -0.365303
  4.771419   1.172697  -0.365303
  5.761369   1.172697  -0.365303
  6.751318   1.172697  -0.365303
 -5.623050   1.667672  -0.365303
 -4.633101   1.667672  -0.365303
 -3.643152   1.667672  -0.365303
 -0.673303   1.667672  -0.365303
  0.316646   1.667672  -0.365303
  3.286495   1.667672  -0.365303
  4.276444   1.667672  -0.365303
  5.266394   1.667672  -0.365303
  6.256343   1.667672  -0.365303
 -5.128076   2.162646  -0.365303
 -4.138126   2.162646  -0.365303
 -3.148177   2.162646  -0.365303
 -2.158227   2.162646  -0.365303
 -1.168278   2.162646  -0.365303
 -0.178328   2.162646  -0.365303
  0.811621   2.162646  -0.365303
  2.791520   2.162646  -0.365303
  3.781470   2.162646  -0.365303
  4.771419   2.162646  -0.365303
  5.761369   2.162646  -0.365303
 -4.633101   2.657621  -0.365303
 -3.643152   2.657621  -0.365303
 -2.653202   2.657621  -0.365303
 -1.663253   2.657621  -0.365303
 -0.673303   2.657621  -0.365303
  0.316646   2.657621  -0.365303
  2.296545   2.657621  -0.365303
  3.286495   2.657621  -0.365303
  4.276444   2.657621  -0.365303
  5.266394   2.657621  -0.365303
 -5.128076   3.152596  -0.365303
 -4.138126   3.152596  -0.365303
 -3.148177   3.152596  -0.365303
 -2.158227   3.152596  -0.365303
 -1.168278   3.152596  -0.365303
 -0.178328   3.152596  -0.365303
  0.811621   3.152596  -0.365303
  1.801571   3.152596  -0.365303
  2.791520   3.152596  -0.365303
  3.781470   3.152596  -0.365303
  4.771419   3.152596  -0.365303
 -4.633101   3.647571  -0.365303
 -3.643152   3.647571  -0.365303
 -2.653202   3.647571  -0.365303
 -1.663253   3.647571  -0.365303
 -0.673303   3.647571  -0.365303
  0.316646   3.647571  -0.365303
  1.306596   3.647571  -0.365303
  2.296545   3.647571  -0.365303
  3.286495   3.647571  -0.365303
  4.276444   3.647571  -0.365303
 -3.148177   4.142545  -0.365303
 -2.158227   4.142545  -0.365303
 -1.168278   4.142545  -0.365303
 -0.178328   4.142545  -0.365303
  0.811621   4.142545  -0.365303
  1.801571   4.142545  -0.365303
  2.791520   4.142545  -0.365303
  3.781470   4.142545  -0.365303
 -0.673303   4.637520  -0.365303
  0.316646   4.637520  -0.365303
  1.306596   4.637520  -0.365303
  2.296545   4.637520  -0.365303
 -1.168278  -4.272025   0.129672
 -0.178328  -4.272025   0.129672
  0.811621  -4.272025   0.129672
  1.801571  -4.272025   0.129672
 -2.653202  -3.777050   0.129672
 -1.663253  -3.777050   0.129672
 -0.673303  -3.777050   0.129672
  0.316646  -3.777050   0.129672
  1.306596  -3.777050   0.129672
  2.296545  -3.777050   0.129672
  3.286495  -3.777050   0.129672
 -3.148177  -3.282076   0.129672
 -2.158227  -3.282076   0.129672
 -1.168278  -3.282076   0.129672
 -0.178328  -3.282076   0.129672
  0.811621  -3.282076   0.129672
  1.801571  -3.282076   0.129672
  2.791520  -3.282076   0.129672
  3.781470  -3.282076   0.129672
  4.771419  -3.282076   0.129672
 -3.643152  -2.787101   0.129672
 -2.653202  -2.787101   0.129672
 -1.663253  -2.787101   0.129672
 -0.673303  -2.787101   0.129672
  0.316646  -2.787101   0.129672
  1.306596  -2.787101   0.129672
  2.296545  -2.787101   0.129672
  3.286495  -2.787101   0.129672
  4.276444  -2.787101   0.129672
  5.266394  -2.787101   0.129672
 -4.138126  -2.292126   0.129672
 -3.148177  -2.292126   0.129672
 -2.158227  -2.292126   0.129672
 -1.168278  -2.292126   0.129672
  0.811621  -2.292126   0.129672
  1.801571  -2.292126   0.129672
  2.791520  -2.292126   0.129672
  3.781470  -2.292126   0.129672
  4.771419  -2.292126   0.129672
  5.761369  -2.292126   0.129672
 -4.633101  -1.797151   0.129672
 -3.643152  -1.797151   0.129672
 -2.653202  -1.797151   0.129672
 -1.663253  -1.797151   0.129672
  1.306596  -1.797151   0.129672
  2.296545  -1.797151   0.129672
  3.286495  -1.797151   0.129672
  4.276444  -1.797151   0.129672
  5.266394  -1.797151   0.129672
  6.256343  -1.797151   0.129672
 -5.128076  -1.302177   0.129672
 -4.138126  -1.302177   0.129672
 -3.148177  -1.302177   0.129672
 -2.158227  -1.302177   0.129672
  0.811621  -1.302177   0.129672
  2.791520  -1.302177   0.129672
  3.781470  -1.302177   0.129672
  4.771419  -1.302177   0.129672
  5.761369  -1.302177   0.129672
 -5.623050  -0.807202   0.129672
 -4.633101  -0.807202   0.129672
 -3.643152  -0.807202   0.129672
 -2.653202  -0.807202   0.129672
  4.276444  -0.807202   0.129672
  5.266394  -0.807202   0.129672
  6.256343  -0.807202   0.129672
 -5.128076  -0.312227   0.129672
 -4.138126  -0.312227   0.129672
 -3.148177  -0.312227   0.129672
  4.771419  -0.312227   0.129672
  5.761369  -0.312227   0.129672
  6.751318  -0.312227   0.129672
 -5.623050   0.182748   0.129672
 -4.633101   0.182748   0.129672
 -3.643152   0.182748   0.129672
  5.266394   0.182748   0.129672
  6.256343   0.182748   0.129672
 -5.128076   0.677722   0.129672
 -4.138126   0.677722   0.129672
  4.771419   0.677722   0.129672
  5.761369   0.677722   0.129672
  6.751318   0.677722   0.129672
 -5.623050   1.172697   0.129672
 -4.633101   1.172697   0.129672
 -3.643152   1.172697   0.129672
  2.296545   1.172697   0.129672
  4.276444   1.172697   0.129672
  5.266394   1.172697   0.129672
  6.256343   1.172697   0.129672
 -5.128076   1.667672   0.129672
 -4.138126   1.667672   0.129672
 -1.168278   1.667672   0.129672
 -0.178328   1.667672   0.129672
  0.811621   1.667672   0.129672
  1.801571   1.667672   0.129672
  2.791520   1.667672   0.129672
  3.781470   1.667672   0.129672
  4.771419   1.667672   0.129672
  5.761369   1.667672   0.129672
  6.751318   1.667672   0.129672
 -5.623050   2.162646   0.129672
 -4.633101   2.162646   0.129672
 -3.643152   2.162646   0.129672
 -2.653202   2.162646   0.129672
 -1.663253   2.162646   0.129672
 -0.673303   2.162646   0.129672
  0.316646   2.162646   0.129672
  1.306596   2.162646   0.129672
  2.296545   2.162646   0.129672
  3.286495   2.162646   0.129672
  4.276444   2.162646   0.129672
  5.266394   2.162646   0.129672
  6.256343   2.162646   0.129672
 -5.128076   2.657621   0.129672
 -4.138126   2.657621   0.129672
 -3.148177   2.657621   0.129672
 -2.158227   2.657621   0.129672
 -1.168278   2.657621   0.129672
 -0.178328   2.657621   0.129672
  0.811621   2.657621   0.129672
  1.801571   2.657621   0.129672
  2.791520   2.657621   0.129672
  3.781470   2.657621   0.129672
  4.771419   2.657621   0.129672
  5.761369   2.657621   0.129672
 -4.633101   3.152596   0.129672
 -3.643152   3.152596   0.129672
 -2.653202   3.152596   0.129672
 -1.663253   3.152596   0.129672
 -0.673303   3.152596   0.129672
  0.316646   3.152596   0.129672
  1.306596   3.152596   0.129672
  2.296545   3.152596   0.129672
  3.286495   3.152596   0.129672
  4.276444   3.152596   0.129672
  5.266394   3.152596   0.129672
 -4.138126   3.647571   0.129672
 -3.148177   3.647571   0.129672
 -2.158227   3.647571   0.129672
 -1.168278   3.647571   0.129672
 -0.178328   3.647571   0.129672
  0.811621   3.647571   0.129672
  1.801571   3.647571   0.129672
  2.791520   3.647571   0.129672
  3.781470   3.647571   0.129672
  4.771419   3.647571   0.129672
 -3.643152   4.142545   0.129672
 -2.653202   4.142545   0.129672
 -1.663253   4.142545   0.129672
 -0.673303   4.142545   0.129672
  0.316646   4.142545   0.129672
  1.306596   4.142545   0.129672
  2.296545   4.142545   0.129672
  3.286495   4.142545   0.129672
  0.811621   4.637520   0.129672
  1.801571   4.637520   0.129672
 -0.673303  -4.272025   0.624647
  0.316646  -4.272025   0.624647
  1.306596  -4.272025   0.624647
  2.296545  -4.272025   0.624647
 -2.158227  -3.777050   0.624647
 -1.168278  -3.777050   0.624647
 -0.178328  -3.777050   0.624647
  0.811621  -3.777050   0.624647
  1.801571  -3.777050   0.624647
  2.791520  -3.777050   0.624647
 -3.643152  -3.282076   0.624647
 -2.653202  -3.282076   0.624647
 -1.663253  -3.282076   0.624647
 -0.673303  -3.282076   0.624647
  0.316646  -3.282076   0.624647
  1.306596  -3.282076   0.624647
  2.296545  -3.282076   0.624647
  3.286495  -3.282076   0.624647
  4.276444  -3.282076   0.624647
 -4.138126  -2.787101   0.624647
 -3.148177  -2.787101   0.624647
 -2.158227  -2.787101   0.624647
 -1.168278  -2.787101   0.624647
 -0.178328  -2.787101   0.624647
  0.811621  -2.787101   0.624647
  1.801571  -2.787101   0.624647
  2.791520  -2.787101   0.624647
  3.781470  -2.787101   0.624647
  4.771419  -2.787101   0.624647
 -4.633101  -2.292126   0.624647
 -3.643152  -2.292126   0.624647
 -2.653202  -2.292126   0.624647
 -1.663253  -2.292126   0.624647
 -0.673303  -2.292126   0.624647
  0.316646  -2.292126   0.624647
  1.306596  -2.292126   0.624647
  2.296545  -2.292126   0.624647
  3.286495  -2.292126   0.624647
  4.276444  -2.292126   0.624647
  5.266394  -2.292126   0.624647
 -5.128076  -1.797151   0.624647
 -4.138126  -1.797151   0.624647
 -3.148177  -1.797151   0.624647
 -2.158227  -1.797151   0.624647
 -1.168278  -1.797151   0.624647
 -0.178328  -1.797151   0.624647
  0.811621  -1.797151   0.624647
  1.801571  -1.797151   0.624647
  2.791520  -1.797151   0.624647
  3.781470  -1.797151   0.624647
  4.771419  -1.797151   0.624647
  5.761369  -1.797151   0.624647
 -5.623050  -1.302177   0.624647
 -4.633101  -1.302177   0.624647
 -3.643152  -1.302177   0.624647
 -2.653202  -1.302177   0.624647
 -1.663253  -1.302177   0.624647
 -0.673303  -1.302177   0.624647
  0.316646  -1.302177   0.624647
  3.286495  -1.302177   0.624647
  4.276444  -1.302177   0.624647
  5.266394  -1.302177   0.624647
  6.256343  -1.302177   0.624647
 -5.128076  -0.807202   0.624647
 -4.138126  -0.807202   0.624647
 -3.148177  -0.807202   0.624647
  3.781470  -0.807202   0.624647
  4.771419  -0.807202   0.624647
  5.761369  -0.807202   0.624647
  6.751318  -0.807202   0.624647
 -5.623050  -0.312227   0.624647
 -4.633101  -0.312227   0.624647
 -3.643152  -0.312227   0.624647
  5.266394  -0.312227   0.624647
  6.256343  -0.312227   0.624647
 -6.118025   0.182748   0.624647
 -5.128076   0.182748   0.624647
 -4.138126   0.182748   0.624647
 -3.148177   0.182748   0.624647
  4.771419   0.182748   0.624647
  5.761369   0.182748   0.624647
  6.751318   0.182748   0.624647
 -5.623050   0.677722   0.624647
 -4.633101   0.677722   0.624647
 -3.643152   0.677722   0.624647
  5.266394   0.677722   0.624647
  6.256343   0.677722   0.624647
 -5.128076   1.172697   0.624647
 -4.138126   1.172697   0.624647
 -0.178328   1.172697   0.624647
  0.811621   1.172697   0.624647
  1.801571   1.172697   0.624647
  4.771419   1.172697   0.624647
  5.761369   1.172697   0.624647
  6.751318   1.172697   0.624647
 -5.623050   1.667672   0.624647
 -4.633101   1.667672   0.624647
 -3.643152   1.667672   0.624647
 -1.663253   1.667672   0.624647
 -0.673303   1.667672   0.624647
  0.316646   1.667672   0.624647
  1.306596   1.667672   0.624647
  4.276444   1.667672   0.624647
  5.266394   1.667672   0.624647
  6.256343   1.667672   0.624647
 -5.128076   2.162646   0.624647
 -4.138126   2.162646   0.624647
 -3.148177   2.162646   0.624647
 -2.158227   2.162646   0.624647
 -1.168278   2.162646   0.624647
 -0.178328   2.162646   0.624647
  0.811621   2.162646   0.624647
  1.801571   2.162646   0.624647
  3.781470   2.162646   0.624647
  4.771419   2.162646   0.624647
  5.761369   2.162646   0.624647
 -4.633101   2.657621   0.624647
 -3.643152   2.657621   0.624647
 -2.653202   2.657621   0.624647
 -1.663253   2.657621   0.624647
 -0.673303   2.657621   0.624647
  0.316646   2.657621   0.624647
  1.306596   2.657621   0.624647
  2.296545   2.657621   0.624647
  3.286495   2.657621   0.624647
  4.276444   2.657621   0.624647
  5.266394   2.657621   0.624647
  6.256343   2.657621   0.624647
 -4.138126   3.152596   0.624647
 -3.148177   3.152596   0.624647
 -2.158227   3.152596   0.624647
 -1.168278   3.152596   0.624647
 -0.178328   3.152596   0.624647
  0.811621   3.152596   0.624647
  1.801571   3.152596   0.624647
  2.791520   3.152596   0.624647
  3.781470   3.152596   0.624647
  4.771419   3.152596   0.624647
  5.761369   3.152596   0.624647
 -3.643152   3.647571   0.624647
 -2.653202   3.647571   0.624647
 -1.663253   3.647571   0.624647
 -0.673303   3.647571   0.624647
  0.316646   3.647571   0.624647
  1.306596   3.647571   0.624647
  2.296545   3.647571   0.624647
  3.286495   3.647571   0.624647
  4.276444   3.647571   0.624647
  5.266394   3.647571   0.624647
 -3.148177   4.142545   0.624647
 -2.158227   4.142545   0.624647
 -1.168278   4.142545   0.624647
 -0.178328   4.142545   0.624647
  0.811621   4.142545   0.624647
  1.801571   4.142545   0.624647
  2.791520   4.142545   0.624647
  3.781470   4.142545   0.624647
  1.306596   4.637520   0.624647
 -0.178328  -4.272025   1.119621
  0.811621  -4.272025   1.119621
  1.801571  -4.272025   1.119621
  2.791520  -4.272025   1.119621
 -1.663253  -3.777050   1.119621
 -0.673303  -3.777050   1.119621
  0.316646  -3.777050   1.119621
  1.306596  -3.777050   1.119621
  2.296545  -3.777050   1.119621
  3.286495  -3.777050   1.119621
 -3.148177  -3.282076   1.119621
 -2.158227  -3.282076   1.119621
 -1.168278  -3.282076   1.119621
 -0.178328  -3.282076   1.119621
  0.811621  -3.282076   1.119621
  1.801571  -3.282076   1.119621
  2.791520  -3.282076   1.119621
  3.781470  -3.282076   1.119621
  4.771419  -3.282076   1.119621
 -4.633101  -2.787101   1.119621
 -3.643152  -2.787101   1.119621
 -2.653202  -2.787101   1.119621
 -1.663253  -2.787101   1.119621
 -0.673303  -2.787101   1.119621
  0.316646  -2.787101   1.119621
  1.306596  -2.787101   1.119621
  2.296545  -2.787101   1.119621
  3.286495  -2.787101   1.119621
  4.276444  -2.787101   1.119621
  5.266394  -2.787101   1.119621
 -5.128076  -2.292126   1.119621
 -4.138126  -2.292126   1.119621
 -3.148177  -2.292126   1.119621
 -2.158227  -2.292126   1.119621
 -1.168278  -2.292126   1.119621
 -0.178328  -2.292126   1.119621
  0.811621  -2.292126   1.119621
  1.801571  -2.292126   1.119621
  2.791520  -2.292126   1.119621
  3.781470  -2.292126   1.119621
  4.771419  -2.292126   1.119621
  5.761369  -2.292126   1.119621
 -5.623050  -1.797151   1.119621
 -4.633101  -1.797151   1.119621
 -3.643152  -1.797151   1.119621
 -2.653202  -1.797151   1.119621
 -1.663253  -1.797151   1.119621
 -0.673303  -1.797151   1.119621
  0.316646  -1.797151   1.119621
  2.296545  -1.797151   1.119621
  3.286495  -1.797151   1.119621
  4.276444  -1.797151   1.119621
  5.266394  -1.797151   1.119621
  6.256343  -1.797151   1.119621
 -5.128076  -1.302177   1.119621
 -4.138126  -1.302177   1.119621
 -3.148177  -1.302177   1.119621
 -2.158227  -1.302177   1.119621
 -1.168278  -1.302177   1.119621
 -0.178328  -1.302177   1.119621
  2.791520  -1.302177   1.119621
  3.781470  -1.302177   1.119621
  4.771419  -1.302177   1.119621
  5.761369  -1.302177   1.119621
  6.751318  -1.302177   1.119621
 -5.623050  -0.807202   1.119621
 -4.633101  -0.807202   1.119621
 -3.643152  -0.807202   1.119621
 -2.653202  -0.807202   1.119621
  4.276444  -0.807202   1.119621
  5.266394  -0.807202   1.119621
  6.256343  -0.807202   1.119621
 -6.118025  -0.312227   1.119621
 -5.128076  -0.312227   1.119621
 -4.138126  -0.312227   1.119621
 -3.148177  -0.312227   1.119621
 -0.178328  -0.312227   1.119621
  4.771419  -0.312227   1.119621
  5.761369  -0.312227   1.119621
  6.751318  -0.312227   1.119621
 -5.623050   0.182748   1.119621
 -4.633101   0.182748   1.119621
 -3.643152   0.182748   1.119621
  0.316646   0.182748   1.119621
  5.266394   0.182748   1.119621
  6.256343   0.182748   1.119621
 -6.118025   0.677722   1.119621
 -5.128076   0.677722   1.119621
 -4.138126   0.677722   1.119621
 -3.148177   0.677722   1.119621
 -0.178328   0.677722   1.119621
  4.771419   0.677722   1.119621
  5.761369   0.677722   1.119621
  6.751318   0.677722   1.119621
 -5.623050   1.172697   1.119621
 -4.633101   1.172697   1.119621
 -3.643152   1.172697   1.119621
 -2.653202   1.172697   1.119621
 -0.673303   1.172697   1.119621
  0.316646   1.172697   1.119621
  1.306596   1.172697   1.119621
  4.276444   1.172697   1.119621
  5.266394   1.172697   1.119621
  6.256343   1.172697   1.119621
 -6.118025   1.667672   1.119621
 -5.128076   1.667672   1.119621
 -4.138126   1.667672   1.119621
 -3.148177   1.667672   1.119621
 -2.158227   1.667672   1.119621
 -1.168278   1.667672   1.119621
 -0.178328   1.667672   1.119621
  0.811621   1.667672   1.119621
  1.801571   1.667672   1.119621
  4.771419   1.667672   1.119621
  5.761369   1.667672   1.119621
  6.751318   1.667672   1.119621
 -5.623050   2.162646   1.119621
 -4.633101   2.162646   1.119621
 -3.643152   2.162646   1.119621
 -2.653202   2.162646   1.119621
 -1.663253   2.162646   1.119621
 -0.673303   2.162646   1.119621
  0.316646   2.162646   1.119621
  1.306596   2.162646   1.119621
  2.296545   2.162646   1.119621
  4.276444   2.162646   1.119621
  5.266394   2.162646   1.119621
  6.256343   2.162646   1.119621
 -5.128076   2.657621   1.119621
 -4.138126   2.657621   1.119621
 -3.148177   2.657621   1.119621
 -2.158227   2.657621   1.119621
 -1.168278   2.657621   1.119621
 -0.178328   2.657621   1.119621
  0.811621   2.657621   1.119621
  1.801571   2.657621   1.119621
  2.791520   2.657621   1.119621
  3.781470   2.657621   1.119621
  4.771419   2.657621   1.119621
  5.761369   2.657621   1.119621
 -4.633101   3.152596   1.119621
 -3.643152   3.152596   1.119621
 -2.653202   3.152596   1.119621
 -1.663253   3.152596   1.119621
 -0.673303   3.152596   1.119621
  0.316646   3.152596   1.119621
  1.306596   3.152596   1.119621
  2.296545   3.152596   1.119621
  3.286495   3.152596   1.119621
  4.276444   3.152596   1.119621
  5.266394   3.152596   1.119621
 -4.138126   3.647571   1.119621
 -3.148177   3.647571   1.119621
 -2.158227   3.647571   1.119621
 -1.168278   3.647571   1.119621
 -0.178328   3.647571   1.119621
  0.811621   3.647571   1.119621
  1.801571   3.647571   1.119621
  2.791520   3.647571   1.119621
  3.781470   3.647571   1.119621
  4.771419   3.647571   1.119621
 -2.653202   4.142545   1.119621
 -1.663253   4.142545   1.119621
  0.316646   4.142545   1.119621
  1.306596   4.142545   1.119621
  2.296545   4.142545   1.119621
  3.286495   4.142545   1.119621
  4.276444   4.142545   1.119621
  0.316646  -4.272025   1.614596
  1.306596  -4.272025   1.614596
  2.296545  -4.272025   1.614596
 -2.158227  -3.777050   1.614596
 -1.168278  -3.777050   1.614596
 -0.178328  -3.777050   1.614596
  0.811621  -3.777050   1.614596
  1.801571  -3.777050   1.614596
  2.791520  -3.777050   1.614596
 -3.643152  -3.282076   1.614596
 -2.653202  -3.282076   1.614596
 -1.663253  -3.282076   1.614596
 -0.673303  -3.282076   1.614596
  0.316646  -3.282076   1.614596
  1.306596  -3.282076   1.614596
  2.296545  -3.282076   1.614596
  3.286495  -3.282076   1.614596
  4.276444  -3.282076   1.614596
 -4.138126  -2.787101   1.614596
 -3.148177  -2.787101   1.614596
 -2.158227  -2.787101   1.614596
 -1.168278  -2.787101   1.614596
 -0.178328  -2.787101   1.614596
  0.811621  -2.787101   1.614596
  1.801571  -2.787101   1.614596
  2.791520  -2.787101   1.614596
  3.781470  -2.787101   1.614596
  4.771419  -2.787101   1.614596
 -4.633101  -2.292126   1.614596
 -3.643152  -2.292126   1.614596
 -2.653202  -2.292126   1.614596
 -1.663253  -2.292126   1.614596
 -0.673303  -2.292126   1.614596
  0.316646  -2.292126   1.614596
  2.296545  -2.292126   1.614596
  3.286495  -2.292126   1.614596
  4.276444  -2.292126   1.614596
  5.266394  -2.292126   1.614596
 -5.128076  -1.797151   1.614596
 -4.138126  -1.797151   1.614596
 -3.148177  -1.797151   1.614596
 -2.158227  -1.797151   1.614596
 -1.168278  -1.797151   1.614596
 -0.178328  -1.797151   1.614596
  2.791520  -1.797151   1.614596
  3.781470  -1.797151   1.614596
  4.771419  -1.797151   1.614596
  5.761369  -1.797151   1.614596
 -5.623050  -1.302177   1.614596
 -4.633101  -1.302177   1.614596
 -3.643152  -1.302177   1.614596
 -2.653202  -1.302177   1.614596
  3.286495  -1.302177   1.614596
  4.276444  -1.302177   1.614596
  5.266394  -1.302177   1.614596
  6.256343  -1.302177   1.614596
 -6.118025  -0.807202   1.614596
 -5.128076  -0.807202   1.614596
 -4.138126  -0.807202   1.614596
 -3.148177  -0.807202   1.614596
  4.771419  -0.807202   1.614596
  5.761369  -0.807202   1.614596
  6.751318  -0.807202   1.614596
 -5.623050  -0.312227   1.614596
 -4.633101  -0.312227   1.614596
  5.266394  -0.312227   1.614596
  6.256343  -0.312227   1.614596
 -6.118025   0.182748   1.614596
 -5.128076   0.182748   1.614596
 -0.178328   0.182748   1.614596
  4.771419   0.182748   1.614596
  5.761369   0.182748   1.614596
  6.751318   0.182748   1.614596
 -5.623050   0.677722   1.614596
 -4.633101   0.677722   1.614596
 -0.673303   0.677722   1.614596
  0.316646   0.677722   1.614596
  4.276444   0.677722   1.614596
  5.266394   0.677722   1.614596
  6.256343   0.677722   1.614596
 -6.118025   1.172697   1.614596
 -5.128076   1.172697   1.614596
 -4.138126   1.172697   1.614596
 -1.168278   1.172697   1.614596
 -0.178328   1.172697   1.614596
  0.811621   1.172697   1.614596
  1.801571   1.172697   1.614596
  4.771419   1.172697   1.614596
  5.761369   1.172697   1.614596
  6.751318   1.172697   1.614596
 -5.623050   1.667672   1.614596
 -4.633101   1.667672   1.614596
 -3.643152   1.667672   1.614596
 -2.653202   1.667672   1.614596
 -1.663253   1.667672   1.614596
 -0.673303   1.667672   1.614596
  0.316646   1.667672   1.614596
  1.306596   1.667672   1.614596
  4.276444   1.667672   1.614596
  5.266394   1.667672   1.614596
  6.256343   1.667672   1.614596
 -5.128076   2.162646   1.614596
 -4.138126   2.162646   1.614596
 -3.148177   2.162646   1.614596
 -2.158227   2.162646   1.614596
 -1.168278   2.162646   1.614596
 -0.178328   2.162646   1.614596
  0.811621   2.162646   1.614596
  1.801571   2.162646   1.614596
  2.791520   2.162646   1.614596
  3.781470   2.162646   1.614596
  4.771419   2.162646   1.614596
  5.761369   2.162646   1.614596
 -5.623050   2.657621   1.614596
 -4.633101   2.657621   1.614596
 -3.643152   2.657621   1.614596
 -2.653202   2.657621   1.614596
 -1.663253   2.657621   1.614596
 -0.673303   2.657621   1.614596
  0.316646   2.657621   1.614596
  1.306596   2.657621   1.614596
  2.296545   2.657621   1.614596
  3.286495   2.657621   1.614596
  4.276444   2.657621   1.614596
  5.266394   2.657621   1.614596
  6.256343   2.657621   1.614596
 -5.128076   3.152596   1.614596
 -4.138126   3.152596   1.614596
 -3.148177   3.152596   1.614596
 -2.158227   3.152596   1.614596
 -1.168278   3.152596   1.614596
 -0.178328   3.152596   1.614596
  0.811621   3.152596   1.614596
  1.801571   3.152596   1.614596
  2.791520   3.152596   1.614596
  3.781470   3.152596   1.614596
  4.771419   3.152596   1.614596
  5.761369   3.152596   1.614596
 -4.633101   3.647571   1.614596
 -3.643152   3.647571   1.614596
 -2.653202   3.647571   1.614596
 -1.663253   3.647571   1.614596
 -0.673303   3.647571   1.614596
  0.316646   3.647571   1.614596
  1.306596   3.647571   1.614596
  2.296545   3.647571   1.614596
  3.286495   3.647571   1.614596
  4.276444   3.647571   1.614596
 -3.148177   4.142545   1.614596
 -2.158227   4.142545   1.614596
  2.791520   4.142545   1.614596
  3.781470   4.142545   1.614596
 -0.178328  -4.272025   2.109571
  0.811621  -4.272025   2.109571
  1.801571  -4.272025   2.109571
  2.791520  -4.272025   2.109571
 -1.663253  -3.777050   2.109571
 -0.673303  -3.777050   2.109571
  0.316646  -3.777050   2.109571
  1.306596  -3.777050   2.109571
  2.296545  -3.777050   2.109571
  3.286495  -3.777050   2.109571
 -4.138126  -3.282076   2.109571
 -3.148177  -3.282076   2.109571
 -2.158227  -3.282076   2.109571
 -1.168278  -3.282076   2.109571
 -0.178328  -3.282076   2.109571
  0.811621  -3.282076   2.109571
  1.801571  -3.282076   2.109571
  2.791520  -3.282076   2.109571
  3.781470  -3.282076   2.109571
 -4.633101  -2.787101   2.109571
 -3.643152  -2.787101   2.109571
 -2.653202  -2.787101   2.109571
 -1.663253  -2.787101   2.109571
 -0.673303  -2.787101   2.109571
  0.316646  -2.787101   2.109571
  1.306596  -2.787101   2.109571
  2.296545  -2.787101   2.109571
  3.286495  -2.787101   2.109571
  4.276444  -2.787101   2.109571
  5.266394  -2.787101   2.109571
 -5.128076  -2.292126   2.109571
 -4.138126  -2.292126   2.109571
 -3.148177  -2.292126   2.109571
 -2.158227  -2.292126   2.109571
 -1.168278  -2.292126   2.109571
 -0.178328  -2.292126   2.109571
  0.811621  -2.292126   2.109571
  1.801571  -2.292126   2.109571
  2.791520  -2.292126   2.109571
  3.781470  -2.292126   2.109571
  4.771419  -2.292126   2.109571
  5.761369  -2.292126   2.109571
 -5.623050  -1.797151   2.109571
 -4.633101  -1.797151   2.109571
 -3.643152  -1.797151   2.109571
 -2.653202  -1.797151   2.109571
 -1.663253  -1.797151   2.109571
 -0.673303  -1.797151   2.109571
  0.316646  -1.797151   2.109571
  2.296545  -1.797151   2.109571
  3.286495  -1.797151   2.109571
  4.276444  -1.797151   2.109571
  5.266394  -1.797151   2.109571
  6.256343  -1.797151   2.109571
 -6.118025  -1.302177   2.109571
 -5.128076  -1.302177   2.109571
 -4.138126  -1.302177   2.109571
 -3.148177  -1.302177   2.109571
 -2.158227  -1.302177   2.109571
  2.791520  -1.302177   2.109571
  3.781470  -1.302177   2.109571
  4.771419  -1.302177   2.109571
  5.761369  -1.302177   2.109571
 -5.623050  -0.807202   2.109571
 -4.633101  -0.807202   2.109571
 -3.643152  -0.807202   2.109571
  2.296545  -0.807202   2.109571
  4.276444  -0.807202   2.109571
  5.266394  -0.807202   2.109571
  6.256343  -0.807202   2.109571
 -6.118025  -0.312227   2.109571
 -5.128076  -0.312227   2.109571
  4.771419  -0.312227   2.109571
  5.761369  -0.312227   2.109571
  6.751318  -0.312227   2.109571
 -5.623050   0.182748   2.109571
 -4.633101   0.182748   2.109571
  0.316646   0.182748   2.109571
  1.306596   0.182748   2.109571
  5.266394   0.182748   2.109571
  6.256343   0.182748   2.109571
 -6.118025   0.677722   2.109571
 -5.128076   0.677722   2.109571
 -0.178328   0.677722   2.109571
  0.811621   0.677722   2.109571
  1.801571   0.677722   2.109571
  4.771419   0.677722   2.109571
  5.761369   0.677722   2.109571
  6.751318   0.677722   2.109571
 -5.623050   1.172697   2.109571
 -4.633101   1.172697   2.109571
 -0.673303   1.172697   2.109571
  0.316646   1.172697   2.109571
  1.306596   1.172697   2.109571
  2.296545   1.172697   2.109571
  3.286495   1.172697   2.109571
  4.276444   1.172697   2.109571
  5.266394   1.172697   2.109571
  6.256343   1.172697   2.109571
 -6.118025   1.667672   2.109571
 -5.128076   1.667672   2.109571
 -4.138126   1.667672   2.109571
 -3.148177   1.667672   2.109571
 -1.168278   1.667672   2.109571
 -0.178328   1.667672   2.109571
  0.811621   1.667672   2.109571
  1.801571   1.667672   2.109571
  2.791520   1.667672   2.109571
  3.781470   1.667672   2.109571
  4.771419   1.667672   2.109571
  5.761369   1.667672   2.109571
 -5.623050   2.162646   2.109571
 -4.633101   2.162646   2.109571
 -3.643152   2.162646   2.109571
 -2.653202   2.162646   2.109571
 -1.663253   2.162646   2.109571
 -0.673303   2.162646   2.109571
  0.316646   2.162646   2.109571
  1.306596   2.162646   2.109571
  2.296545   2.162646   2.109571
  3.286495   2.162646   2.109571
  4.276444   2.162646   2.109571
  5.266394   2.162646   2.109571
  6.256343   2.162646   2.109571
 -5.128076   2.657621   2.109571
 -4.138126   2.657621   2.109571
 -3.148177   2.657621   2.109571
 -2.158227   2.657621   2.109571
 -1.168278   2.657621   2.109571
 -0.178328   2.657621   2.109571
  0.811621   2.657621   2.109571
  1.801571   2.657621   2.109571
  2.791520   2.657621   2.109571
  3.781470   2.657621   2.109571
  4.771419   2.657621   2.109571
  5.761369   2.657621   2.109571
 -4.633101   3.152596   2.109571
 -3.643152   3.152596   2.109571
 -2.653202   3.152596   2.109571
 -1.663253   3.152596   2.109571
 -0.673303   3.152596   2.109571
  0.316646   3.152596   2.109571
  1.306596   3.152596   2.109571
  2.296545   3.152596   2.109571
  3.286495   3.152596   2.109571
  4.276444   3.152596   2.109571
  5.266394   3.152596   2.109571
 -4.138126   3.647571   2.109571
 -3.148177   3.647571   2.109571
 -2.158227   3.647571   2.109571
 -1.168278   3.647571   2.109571
 -0.178328   3.647571   2.109571
  1.801571   3.647571   2.109571
  2.791520   3.647571   2.109571
  3.781470   3.647571   2.109571
  4.771419   3.647571   2.109571
 -3.643152   4.142545   2.109571
 -2.653202   4.142545   2.109571
 -1.663253   4.142545   2.109571
  3.286495   4.142545   2.109571
  0.316646  -4.272025   2.604546
  1.306596  -4.272025   2.604546
  2.296545  -4.272025   2.604546
 -0.178328  -3.777050   2.604546
  0.811621  -3.777050   2.604546
  1.801571  -3.777050   2.604546
  2.791520  -3.777050   2.604546
 -3.643152  -3.282076   2.604546
 -2.653202  -3.282076   2.604546
 -1.663253  -3.282076   2.604546
 -0.673303  -3.282076   2.604546
  0.316646  -3.282076   2.604546
  1.306596  -3.282076   2.604546
  2.296545  -3.282076   2.604546
  3.286495  -3.282076   2.604546
 -4.138126  -2.787101   2.604546
 -3.148177  -2.787101   2.604546
 -2.158227  -2.787101   2.604546
 -1.168278  -2.787101   2.604546
 -0.178328  -2.787101   2.604546
  0.811621  -2.787101   2.604546
  1.801571  -2.787101   2.604546
  2.791520  -2.787101   2.604546
  3.781470  -2.787101   2.604546
  4.771419  -2.787101   2.604546
 -4.633101  -2.292126   2.604546
 -3.643152  -2.292126   2.604546
 -2.653202  -2.292126   2.604546
 -1.663253  -2.292126   2.604546
 -0.673303  -2.292126   2.604546
  0.316646  -2.292126   2.604546
  1.306596  -2.292126   2.604546
  2.296545  -2.292126   2.604546
  3.286495  -2.292126   2.604546
  4.276444  -2.292126   2.604546
  5.266394  -2.292126   2.604546
 -5.128076  -1.797151   2.604546
 -4.138126  -1.797151   2.604546
 -3.148177  -1.797151   2.604546
 -2.158227  -1.797151   2.604546
 -1.168278  -1.797151   2.604546
 -0.178328  -1.797151   2.604546
  0.811621  -1.797151   2.604546
  1.801571  -1.797151   2.604546
  2.791520  -1.797151   2.604546
  3.781470  -1.797151   2.604546
  4.771419  -1.797151   2.604546
  5.761369  -1.797151   2.604546
 -5.623050  -1.302177   2.604546
 -4.633101  -1.302177   2.604546
 -3.643152  -1.302177   2.604546
 -2.653202  -1.302177   2.604546
 -1.663253  -1.302177   2.604546
  0.316646  -1.302177   2.604546
  2.296545  -1.302177   2.604546
  3.286495  -1.302177   2.604546
  4.276444  -1.302177   2.604546
  5.266394  -1.302177   2.604546
  6.256343  -1.302177   2.604546
 -6.118025  -0.807202   2.604546
 -5.128076  -0.807202   2.604546
 -4.138126  -0.807202   2.604546
  2.791520  -0.807202   2.604546
  3.781470  -0.807202   2.604546
  4.771419  -0.807202   2.604546
  5.761369  -0.807202   2.604546
 -5.623050  -0.312227   2.604546
 -4.633101  -0.312227   2.604546
  0.316646  -0.312227   2.604546
  1.306596  -0.312227   2.604546
  2.296545  -0.312227   2.604546
  4.276444  -0.312227   2.604546
  5.266394  -0.312227   2.604546
  6.256343  -0.312227   2.604546
 -6.118025   0.182748   2.604546
 -5.128076   0.182748   2.604546
 -0.178328   0.182748   2.604546
  0.811621   0.182748   2.604546
  1.801571   0.182748   2.604546
  2.791520   0.182748   2.604546
  4.771419   0.182748   2.604546
  5.761369   0.182748   2.604546
  6.751318   0.182748   2.604546
 -5.623050   0.677722   2.604546
 -4.633101   0.677722   2.604546
 -0.673303   0.677722   2.604546
  0.316646   0.677722   2.604546
  1.306596   0.677722   2.604546
  2.296545   0.677722   2.604546
  3.286495   0.677722   2.604546
  4.276444   0.677722   2.604546
  5.266394   0.677722   2.604546
  6.256343   0.677722   2.604546
 -6.118025   1.172697   2.604546
 -5.128076   1.172697   2.604546
 -4.138126   1.172697   2.604546
 -1.168278   1.172697   2.604546
 -0.178328   1.172697   2.604546
  0.811621   1.172697   2.604546
  1.801571   1.172697   2.604546
  2.791520   1.172697   2.604546
  3.781470   1.172697   2.604546
  4.771419   1.172697   2.604546
  5.761369   1.172697   2.604546
 -5.623050   1.667672   2.604546
 -4.633101   1.667672   2.604546
 -3.643152   1.667672   2.604546
 -0.673303   1.667672   2.604546
  0.316646   1.667672   2.604546
  1.306596   1.667672   2.604546
  2.296545   1.667672   2.604546
  3.286495   1.667672   2.604546
  4.276444   1.667672   2.604546
  5.266394   1.667672   2.604546
  6.256343   1.667672   2.604546
 -6.118025   2.162646   2.604546
 -5.128076   2.162646   2.604546
 -4.138126   2.162646   2.604546
 -3.148177   2.162646   2.604546
 -1.168278   2.162646   2.604546
 -0.178328   2.162646   2.604546
  0.811621   2.162646   2.604546
  1.801571   2.162646   2.604546
  2.791520   2.162646   2.604546
  3.781470   2.162646   2.604546
  4.771419   2.162646   2.604546
  5.761369   2.162646   2.604546
 -5.623050   2.657621   2.604546
 -4.633101   2.657621   2.604546
 -3.643152   2.657621   2.604546
 -2.653202   2.657621   2.604546
 -1.663253   2.657621   2.604546
 -0.673303   2.657621   2.604546
  0.316646   2.657621   2.604546
  1.306596   2.657621   2.604546
  2.296545   2.657621   2.604546
  3.286495   2.657621   2.604546
  4.276444   2.657621   2.604546
  5.266394   2.657621   2.604546
 -5.128076   3.152596   2.604546
 -4.138126   3.152596   2.604546
 -3.148177   3.152596   2.604546
 -2.158227   3.152596   2.604546
 -1.168278   3.152596   2.604546
 -0.178328   3.152596   2.604546
  0.811621   3.152596   2.604546
  1.801571   3.152596   2.604546
  2.791520   3.152596   2.604546
  3.781470   3.152596   2.604546
  4.771419   3.152596   2.604546
 -4.633101   3.647571   2.604546
 -3.643152   3.647571   2.604546
 -2.653202   3.647571   2.604546
 -1.663253   3.647571   2.604546
 -0.673303   3.647571   2.604546
  2.296545   3.647571   2.604546
  3.286495   3.647571   2.604546
  4.276444   3.647571   2.604546
 -3.148177   4.142545   2.604546
 -2.158227   4.142545   2.604546
 -1.168278   4.142545   2.604546
  0.811621  -4.272025   3.099520
  1.801571  -4.272025   3.099520
 -0.673303  -3.777050   3.099520
  0.316646  -3.777050   3.099520
  1.306596  -3.777050   3.099520
  2.296545  -3.777050   3.099520
 -4.138126  -3.282076   3.099520
 -3.148177  -3.282076   3.099520
 -2.158227  -3.282076   3.099520
 -1.168278  -3.282076   3.099520
 -0.178328  -3.282076   3.099520
  0.811621  -3.282076   3.099520
  1.801571  -3.282076   3.099520
  2.791520  -3.282076   3.099520
 -4.633101  -2.787101   3.099520
 -3.643152  -2.787101   3.099520
 -2.653202  -2.787101   3.099520
 -1.663253  -2.787101   3.099520
 -0.673303  -2.787101   3.099520
  0.316646  -2.787101   3.099520
  1.306596  -2.787101   3.099520
  2.296545  -2.787101   3.099520
  3.286495  -2.787101   3.099520
  4.276444  -2.787101   3.099520
 -5.128076  -2.292126   3.099520
 -4.138126  -2.292126   3.099520
 -3.148177  -2.292126   3.099520
 -2.158227  -2.292126   3.099520
 -1.168278  -2.292126   3.099520
 -0.178328  -2.292126   3.099520
  0.811621  -2.292126   3.099520
  1.801571  -2.292126   3.099520
  2.791520  -2.292126   3.099520
  3.781470  -2.292126   3.099520
  4.771419  -2.292126   3.099520
 -5.623050  -1.797151   3.099520
 -4.633101  -1.797151   3.099520
 -3.643152  -1.797151   3.099520
 -2.653202  -1.797151   3.099520
 -1.663253  -1.797151   3.099520
 -0.673303  -1.797151   3.099520
  0.316646  -1.797151   3.099520
  1.306596  -1.797151   3.099520
  2.296545  -1.797151   3.099520
  3.286495  -1.797151   3.099520
  4.276444  -1.797151   3.099520
  5.266394  -1.797151   3.099520
 -6.118025  -1.302177   3.099520
 -5.128076  -1.302177   3.099520
 -4.138126  -1.302177   3.099520
 -3.148177  -1.302177   3.099520
 -2.158227  -1.302177   3.099520
 -1.168278  -1.302177   3.099520
 -0.178328  -1.302177   3.099520
  0.811621  -1.302177   3.099520
  1.801571  -1.302177   3.099520
  2.791520  -1.302177   3.099520
  3.781470  -1.302177   3.099520
  4.771419  -1.302177   3.099520
  5.761369  -1.302177   3.099520
 -5.623050  -0.807202   3.099520
 -4.633101  -0.807202   3.099520
 -3.643152  -0.807202   3.099520
 -1.663253  -0.807202   3.099520
 -0.673303  -0.807202   3.099520
  0.316646  -0.807202   3.099520
  1.306596  -0.807202   3.099520
  2.296545  -0.807202   3.099520
  3.286495  -0.807202   3.099520
  4.276444  -0.807202   3.099520
  5.266394  -0.807202   3.099520
  6.256343  -0.807202   3.099520
 -6.118025  -0.312227   3.099520
 -5.128076  -0.312227   3.099520
 -4.138126  -0.312227   3.099520
 -1.168278  -0.312227   3.099520
 -0.178328  -0.312227   3.099520
  0.811621  -0.312227   3.099520
  1.801571  -0.312227   3.099520
  2.791520  -0.312227   3.099520
  3.781470  -0.312227   3.099520
  4.771419  -0.312227   3.099520
  5.761369  -0.312227   3.099520
 -5.623050   0.182748   3.099520
 -4.633101   0.182748   3.099520
 -0.673303   0.182748   3.099520
  0.316646   0.182748   3.099520
  1.306596   0.182748   3.099520
  2.296545   0.182748   3.099520
  3.286495   0.182748   3.099520
  4.276444   0.182748   3.099520
  5.266394   0.182748   3.099520
  6.256343   0.182748   3.099520
 -6.118025   0.677722   3.099520
 -5.128076   0.677722   3.099520
 -4.138126   0.677722   3.099520
 -1.168278   0.677722   3.099520
 -0.178328   0.677722   3.099520
  0.811621   0.677722   3.099520
  1.801571   0.677722   3.099520
  2.791520   0.677722   3.099520
  3.781470   0.677722   3.099520
  4.771419   0.677722   3.099520
  5.761369   0.677722   3.099520
 -5.623050   1.172697   3.099520
 -4.633101   1.172697   3.099520
 -3.643152   1.172697   3.099520
 -0.673303   1.172697   3.099520
  0.316646   1.172697   3.099520
  1.306596   1.172697   3.099520
  2.296545   1.172697   3.099520
  3.286495   1.172697   3.099520
  4.276444   1.172697   3.099520
  5.266394   1.172697   3.099520
  6.256343   1.172697   3.099520
 -6.118025   1.667672   3.099520
 -5.128076   1.667672   3.099520
 -4.138126   1.667672   3.099520
 -1.168278   1.667672   3.099520
 -0.178328   1.667672   3.099520
  0.811621   1.667672   3.099520
  1.801571   1.667672   3.099520
  2.791520   1.667672   3.099520
  3.781470   1.667672   3.099520
  4.771419   1.667672   3.099520
  5.761369   1.667672   3.099520
 -5.623050   2.162646   3.099520
 -4.633101   2.162646   3.099520
 -3.643152   2.162646   3.099520
 -1.663253   2.162646   3.099520
 -0.673303   2.162646   3.099520
  0.316646   2.162646   3.099520
  1.306596   2.162646   3.099520
  2.296545   2.162646   3.099520
  3.286495   2.162646   3.099520
  4.276444   2.162646   3.099520
  5.266394   2.162646   3.099520
 -5.128076   2.657621   3.099520
 -4.138126   2.657621   3.099520
 -3.148177   2.657621   3.099520
 -2.158227   2.657621   3.099520
 -1.168278   2.657621   3.099520
 -0.178328   2.657621   3.099520
  0.811621   2.657621   3.099520
  1.801571   2.657621   3.099520
  2.791520   2.657621   3.099520
  3.781470   2.657621   3.099520
  4.771419   2.657621   3.099520
 -4.633101   3.152596   3.099520
 -3.643152   3.152596   3.099520
 -2.653202   3.152596   3.099520
 -1.663253   3.152596   3.099520
 -0.673303   3.152596   3.099520
  0.316646   3.152596   3.099520
  1.306596   3.152596   3.099520
  2.296545   3.152596   3.099520
  3.286495   3.152596   3.099520
  4.276444   3.152596   3.099520
 -4.138126   3.647571   3.099520
 -3.148177   3.647571   3.099520
 -2.158227   3.647571   3.099520
 -1.168278   3.647571   3.099520
 -0.178328   3.647571   3.099520
  2.791520   3.647571   3.099520
  3.781470   3.647571   3.099520
 -3.643152   4.142545   3.099520
 -2.653202   4.142545   3.099520
 -1.663253   4.142545   3.099520
 -0.178328  -3.777050   3.594495
  0.811621  -3.777050   3.594495
  1.801571  -3.777050   3.594495
 -3.643152  -3.282076   3.594495
 -2.653202  -3.282076   3.594495
 -1.663253  -3.282076   3.594495
 -0.673303  -3.282076   3.594495
  0.316646  -3.282076   3.594495
  1.306596  -3.282076   3.594495
  2.296545  -3.282076   3.594495
  3.286495  -3.282076   3.594495
 -4.138126  -2.787101   3.594495
 -3.148177  -2.787101   3.594495
 -2.158227  -2.787101   3.594495
 -1.168278  -2.787101   3.594495
 -0.178328  -2.787101   3.594495
  0.811621  -2.787101   3.594495
  1.801571  -2.787101   3.594495
  2.791520  -2.787101   3.594495
 -4.633101  -2.292126   3.594495
 -3.643152  -2.292126   3.594495
 -2.653202  -2.292126   3.594495
 -1.663253  -2.292126   3.594495
 -0.673303  -2.292126   3.594495
  0.316646  -2.292126   3.594495
  1.306596  -2.292126   3.594495
  2.296545  -2.292126   3.594495
  3.286495  -2.292126   3.594495
  4.276444  -2.292126   3.594495
 -5.128076  -1.797151   3.594495
 -4.138126  -1.797151   3.594495
 -3.148177  -1.797151   3.594495
 -2.158227  -1.797151   3.594495
 -1.168278  -1.797151   3.594495
 -0.178328  -1.797151   3.594495
  0.811621  -1.797151   3.594495
  1.801571  -1.797151   3.594495
  2.791520  -1.797151   3.594495
  3.781470  -1.797151   3.594495
  4.771419  -1.797151   3.594495
 -5.623050  -1.302177   3.594495
 -4.633101  -1.302177   3.594495
 -3.643152  -1.302177   3.594495
 -2.653202  -1.302177   3.594495
 -1.663253  -1.302177   3.594495
 -0.673303  -1.302177   3.594495
  0.316646  -1.302177   3.594495
  1.306596  -1.302177   3.594495
  2.296545  -1.302177   3.594495
  3.286495  -1.302177   3.594495
  4.276444  -1.302177   3.594495
  5.266394  -1.302177   3.594495
 -6.118025  -0.807202   3.594495
 -5.128076  -0.807202   3.594495
 -4.138126  -0.807202   3.594495
 -3.148177  -0.807202   3.594495
 -1.168278  -0.807202   3.594495
 -0.178328  -0.807202   3.594495
  0.811621  -0.807202   3.594495
  1.801571  -0.807202   3.594495
  2.791520  -0.807202   3.594495
  3.781470  -0.807202   3.594495
  4.771419  -0.807202   3.594495
  5.761369  -0.807202   3.594495
 -5.623050  -0.312227   3.594495
 -4.633101  -0.312227   3.594495
 -3.643152  -0.312227   3.594495
 -0.673303  -0.312227   3.594495
  0.316646  -0.312227   3.594495
  1.306596  -0.312227   3.594495
  2.296545  -0.312227   3.594495
  3.286495  -0.312227   3.594495
  4.276444  -0.312227   3.594495
  5.266394  -0.312227   3.594495
 -6.118025   0.182748   3.594495
 -5.128076   0.182748   3.594495
 -4.138126   0.182748   3.594495
 -1.168278   0.182748   3.594495
 -0.178328   0.182748   3.594495
  0.811621   0.182748   3.594495
  1.801571   0.182748   3.594495
  2.791520   0.182748   3.594495
  3.781470   0.182748   3.594495
  4.771419   0.182748   3.594495
  5.761369   0.182748   3.594495
 -5.623050   0.677722   3.594495
 -4.633101   0.677722   3.594495
 -3.643152   0.677722   3.594495
 -1.663253   0.677722   3.594495
 -0.673303   0.677722   3.594495
  0.316646   0.677722   3.594495
  1.306596   0.677722   3.594495
  2.296545   0.677722   3.594495
  3.286495   0.677722   3.594495
  4.276444   0.677722   3.594495
  5.266394   0.677722   3.594495
 -6.118025   1.172697   3.594495
 -5.128076   1.172697   3.594495
 -4.138126   1.172697   3.594495
 -3.148177   1.172697   3.594495
 -2.158227   1.172697   3.594495
 -1.168278   1.172697   3.594495
 -0.178328   1.172697   3.594495
  0.811621   1.172697   3.594495
  1.801571   1.172697   3.594495
  2.791520   1.172697   3.594495
  3.781470   1.172697   3.594495
  4.771419   1.172697   3.594495
  5.761369   1.172697   3.594495
 -5.623050   1.667672   3.594495
 -4.633101   1.667672   3.594495
 -3.643152   1.667672   3.594495
 -2.653202   1.667672   3.594495
 -1.663253   1.667672   3.594495
 -0.673303   1.667672   3.594495
  0.316646   1.667672   3.594495
  1.306596   1.667672   3.594495
  2.296545   1.667672   3.594495
  3.286495   1.667672   3.594495
  4.276444   1.667672   3.594495
  5.266394   1.667672   3.594495
 -5.128076   2.162646   3.594495
 -4.138126   2.162646   3.594495
 -3.148177   2.162646   3.594495
 -2.158227   2.162646   3.594495
 -1.168278   2.162646   3.594495
 -0.178328   2.162646   3.594495
  0.811621   2.162646   3.594495
  1.801571   2.162646   3.594495
  2.791520   2.162646   3.594495
  3.781470   2.162646   3.594495
  4.771419   2.162646   3.594495
 -5.623050   2.657621   3.594495
 -4.633101   2.657621   3.594495
 -3.643152   2.657621   3.594495
 -2.653202   2.657621   3.594495
 -1.663253   2.657621   3.594495
 -0.673303   2.657621   3.594495
  0.316646   2.657621   3.594495
  1.306596   2.657621   3.594495
  2.296545   2.657621   3.594495
  3.286495   2.657621   3.594495
  4.276444   2.657621   3.594495
 -5.128076   3.152596   3.594495
 -4.138126   3.152596   3.594495
 -3.148177   3.152596   3.594495
 -2.158227   3.152596   3.594495
 -1.168278   3.152596   3.594495
 -0.178328   3.152596   3.594495
  1.801571   3.152596   3.594495
  2.791520   3.152596   3.594495
  3.781470   3.152596   3.594495
 -4.633101   3.647571   3.594495
 -3.643152   3.647571   3.594495
 -2.653202   3.647571   3.594495
 -1.663253   3.647571   3.594495
 -0.673303   3.647571   3.594495
 -3.148177   4.142545   3.594495
 -2.158227   4.142545   3.594495
  1.306596  -3.777050   4.089470
 -3.148177  -3.282076   4.089470
 -2.158227  -3.282076   4.089470
 -0.178328  -3.282076   4.089470
  0.811621  -3.282076   4.089470
  1.801571  -3.282076   4.089470
 -3.643152  -2.787101   4.089470
 -2.653202  -2.787101   4.089470
 -1.663253  -2.787101   4.089470
 -0.673303  -2.787101   4.089470
  0.316646  -2.787101   4.089470
  1.306596  -2.787101   4.089470
  2.296545  -2.787101   4.089470
  3.286495  -2.787101   4.089470
 -5.128076  -2.292126   4.089470
 -4.138126  -2.292126   4.089470
 -3.148177  -2.292126   4.089470
 -2.158227  -2.292126   4.089470
 -1.168278  -2.292126   4.089470
 -0.178328  -2.292126   4.089470
  0.811621  -2.292126   4.089470
  1.801571  -2.292126   4.089470
  2.791520  -2.292126   4.089470
 -4.633101  -1.797151   4.089470
 -3.643152  -1.797151   4.089470
 -2.653202  -1.797151   4.089470
 -1.663253  -1.797151   4.089470
 -0.673303  -1.797151   4.089470
  0.316646  -1.797151   4.089470
  1.306596  -1.797151   4.089470
  2.296545  -1.797151   4.089470
  3.286495  -1.797151   4.089470
  4.276444  -1.797151   4.089470
 -5.128076  -1.302177   4.089470
 -4.138126  -1.302177   4.089470
 -3.148177  -1.302177   4.089470
 -2.158227  -1.302177   4.089470
 -1.168278  -1.302177   4.089470
 -0.178328  -1.302177   4.089470
  0.811621  -1.302177   4.089470
  1.801571  -1.302177   4.089470
  2.791520  -1.302177   4.089470
  3.781470  -1.302177   4.089470
  4.771419  -1.302177   4.089470
 -5.623050  -0.807202   4.089470
 -4.633101  -0.807202   4.089470
 -3.643152  -0.807202   4.089470
 -1.663253  -0.807202   4.089470
 -0.673303  -0.807202   4.089470
  0.316646  -0.807202   4.089470
  1.306596  -0.807202   4.089470
  2.296545  -0.807202   4.089470
  3.286495  -0.807202   4.089470
  4.276444  -0.807202   4.089470
  5.266394  -0.807202   4.089470
 -6.118025  -0.312227   4.089470
 -5.128076  -0.312227   4.089470
 -4.138126  -0.312227   4.089470
 -3.148177  -0.312227   4.089470
 -1.168278  -0.312227   4.089470
 -0.178328  -0.312227   4.089470
  0.811621  -0.312227   4.089470
  1.801571  -0.312227   4.089470
  2.791520  -0.312227   4.089470
  3.781470  -0.312227   4.089470
  4.771419  -0.312227   4.089470
 -5.623050   0.182748   4.089470
 -4.633101   0.182748   4.089470
 -3.643152   0.182748   4.089470
 -1.663253   0.182748   4.089470
 -0.673303   0.182748   4.089470
  0.316646   0.182748   4.089470
  1.306596   0.182748   4.089470
  2.296545   0.182748   4.089470
  3.286495   0.182748   4.089470
  4.276444   0.182748   4.089470
  5.266394   0.182748   4.089470
 -6.118025   0.677722   4.089470
 -5.128076   0.677722   4.089470
 -4.138126   0.677722   4.089470
 -3.148177   0.677722   4.089470
 -2.158227   0.677722   4.089470
 -1.168278   0.677722   4.089470
 -0.178328   0.677722   4.089470
  0.811621   0.677722   4.089470
  1.801571   0.677722   4.089470
  2.791520   0.677722   4.089470
  3.781470   0.677722   4.089470
  4.771419   0.677722   4.089470
 -5.623050   1.172697   4.089470
 -4.633101   1.172697   4.089470
 -3.643152   1.172697   4.089470
 -2.653202   1.172697   4.089470
 -1.663253   1.172697   4.089470
 -0.673303   1.172697   4.089470
  0.316646   1.172697   4.089470
  1.306596   1.172697   4.089470
  2.296545   1.172697   4.089470
  3.286495   1.172697   4.089470
  4.276444   1.172697   4.089470
  5.266394   1.172697   4.089470
 -5.128076   1.667672   4.089470
 -4.138126   1.667672   4.089470
 -3.148177   1.667672   4.089470
 -2.158227   1.667672   4.089470
 -1.168278   1.667672   4.089470
 -0.178328   1.667672   4.089470
  0.811621   1.667672   4.089470
  1.801571   1.667672   4.089470
  2.791520   1.667672   4.089470
  3.781470   1.667672   4.089470
  4.771419   1.667672   4.089470
 -5.623050   2.162646   4.089470
 -4.633101   2.162646   4.089470
 -3.643152   2.162646   4.089470
 -2.653202   2.162646   4.089470
 -1.663253   2.162646   4.089470
 -0.673303   2.162646   4.089470
  0.316646   2.162646   4.089470
  1.306596   2.162646   4.089470
  2.296545   2.162646   4.089470
  3.286495   2.162646   4.089470
  4.276444   2.162646   4.089470
 -5.128076   2.657621   4.089470
 -4.138126   2.657621   4.089470
 -3.148177   2.657621   4.089470
 -2.158227   2.657621   4.089470
 -1.168278   2.657621   4.089470
 -0.178328   2.657621   4.089470
  2.791520   2.657621   4.089470
  3.781470   2.657621   4.089470
 -4.633101   3.152596   4.089470
 -3.643152   3.152596   4.089470
 -2.653202   3.152596   4.089470
 -1.663253   3.152596   4.089470
 -0.673303   3.152596   4.089470
 -4.138126   3.647571   4.089470
 -3.148177   3.647571   4.089470
 -2.158227   3.647571   4.089470
 -1.168278   3.647571   4.089470
 -3.148177  -2.787101   4.584445
 -2.158227  -2.787101   4.584445
 -1.168278  -2.787101   4.584445
  0.811621  -2.787101   4.584445
  1.801571  -2.787101   4.584445
 -4.633101  -2.292126   4.584445
 -3.643152  -2.292126   4.584445
 -2.653202  -2.292126   4.584445
 -1.663253  -2.292126   4.584445
 -0.673303  -2.292126   4.584445
  0.316646  -2.292126   4.584445
  1.306596  -2.292126   4.584445
  2.296545  -2.292126   4.584445
 -5.128076  -1.797151   4.584445
 -4.138126  -1.797151   4.584445
 -3.148177  -1.797151   4.584445
 -2.158227  -1.797151   4.584445
 -1.168278  -1.797151   4.584445
 -0.178328  -1.797151   4.584445
  0.811621  -1.797151   4.584445
  1.801571  -1.797151   4.584445
  2.791520  -1.797151   4.584445
 -4.633101  -1.302177   4.584445
 -3.643152  -1.302177   4.584445
 -2.653202  -1.302177   4.584445
 -1.663253  -1.302177   4.584445
 -0.673303  -1.302177   4.584445
  0.316646  -1.302177   4.584445
  1.306596  -1.302177   4.584445
  2.296545  -1.302177   4.584445
  3.286495  -1.302177   4.584445
 -5.128076  -0.807202   4.584445
 -4.138126  -0.807202   4.584445
 -3.148177  -0.807202   4.584445
 -2.158227  -0.807202   4.584445
 -1.168278  -0.807202   4.584445
 -0.178328  -0.807202   4.584445
  0.811621  -0.807202   4.584445
  1.801571  -0.807202   4.584445
  2.791520  -0.807202   4.584445
  3.781470  -0.807202   4.584445
 -5.623050  -0.312227   4.584445
 -4.633101  -0.312227   4.584445
 -3.643152  -0.312227   4.584445
 -2.653202  -0.312227   4.584445
 -1.663253  -0.312227   4.584445
 -0.673303  -0.312227   4.584445
  0.316646  -0.312227   4.584445
  1.306596  -0.312227   4.584445
  2.296545  -0.312227   4.584445
  3.286495  -0.312227   4.584445
  4.276444  -0.312227   4.584445
 -5.128076   0.182748   4.584445
 -4.138126   0.182748   4.584445
 -3.148177   0.182748   4.584445
 -2.158227   0.182748   4.584445
 -1.168278   0.182748   4.584445
 -0.178328   0.182748   4.584445
  0.811621   0.182748   4.584445
  1.801571   0.182748   4.584445
  2.791520   0.182748   4.584445
  3.781470   0.182748   4.584445
  4.771419   0.182748   4.584445
 -5.623050   0.677722   4.584445
 -4.633101   0.677722   4.584445
 -3.643152   0.677722   4.584445
 -2.653202   0.677722   4.584445
 -1.663253   0.677722   4.584445
 -0.673303   0.677722   4.584445
  0.316646   0.677722   4.584445
  1.306596   0.677722   4.584445
  2.296545   0.677722   4.584445
  3.286495   0.677722   4.584445
  4.276444   0.677722   4.584445
 -5.128076   1.172697   4.584445
 -4.138126   1.172697   4.584445
 -3.148177   1.172697   4.584445
 -2.158227   1.172697   4.584445
 -1.168278   1.172697   4.584445
 -0.178328   1.172697   4.584445
  0.811621   1.172697   4.584445
  1.801571   1.172697   4.584445
  2.791520   1.172697   4.584445
  3.781470   1.172697   4.584445
 -5.623050   1.667672   4.584445
 -4.633101   1.667672   4.584445
 -3.643152   1.667672   4.584445
 -2.653202   1.667672   4.584445
 -1.663253   1.667672   4.584445
 -0.673303   1.667672   4.584445
  0.316646   1.667672   4.584445
  2.296545   1.667672   4.584445
  3.286495   1.667672   4.584445
  4.276444   1.667672   4.584445
 -5.128076   2.162646   4.584445
 -4.138126   2.162646   4.584445
 -3.148177   2.162646   4.584445
 -2.158227   2.162646   4.584445
 -1.168278   2.162646   4.584445
 -0.178328   2.162646   4.584445
  2.791520   2.162646   4.584445
 -4.633101   2.657621   4.584445
 -3.643152   2.657621   4.584445
 -2.653202   2.657621   4.584445
 -1.663253   2.657621   4.584445
 -0.673303   2.657621   4.584445
 -4.138126   3.152596   4.584445
 -3.148177   3.152596   4.584445
 -2.158227   3.152596   4.584445
 -1.168278   3.152596   4.584445
 -3.643152   3.647571   4.584445
 -2.653202   3.647571   4.584445
 -1.663253   3.647571   4.584445
 -4.138126  -2.292126   5.079419
 -3.148177  -2.292126   5.079419
 -2.158227  -2.292126   5.079419
 -1.168278  -2.292126   5.079419
 -4.633101  -1.797151   5.079419
 -3.643152  -1.797151   5.079419
 -2.653202  -1.797151   5.079419
 -1.663253  -1.797151   5.079419
 -0.673303  -1.797151   5.079419
  1.306596  -1.797151   5.079419
 -5.128076  -1.302177   5.079419
 -4.138126  -1.302177   5.079419
 -3.148177  -1.302177   5.079419
 -2.158227  -1.302177   5.079419
 -1.168278  -1.302177   5.079419
 -0.178328  -1.302177   5.079419
  0.811621  -1.302177   5.079419
  1.801571  -1.302177   5.079419
 -4.633101  -0.807202   5.079419
 -3.643152  -0.807202   5.079419
 -2.653202  -0.807202   5.079419
 -1.663253  -0.807202   5.079419
 -0.673303  -0.807202   5.079419
  0.316646  -0.807202   5.079419
  1.306596  -0.807202   5.079419
 -5.128076  -0.312227   5.079419
 -4.138126  -0.312227   5.079419
 -3.148177  -0.312227   5.079419
 -2.158227  -0.312227   5.079419
 -1.168278  -0.312227   5.079419
 -0.178328  -0.312227   5.079419
  0.811621  -0.312227   5.079419
  1.801571  -0.312227   5.079419
 -5.623050   0.182748   5.079419
 -4.633101   0.182748   5.079419
 -3.643152   0.182748   5.079419
 -2.653202   0.182748   5.079419
 -1.663253   0.182748   5.079419
 -0.673303   0.182748   5.079419
  0.316646   0.182748   5.079419
 -5.128076   0.677722   5.079419
 -4.138126   0.677722   5.079419
 -3.148177   0.677722   5.079419
 -2.158227   0.677722   5.079419
 -1.168278   0.677722   5.079419
 -0.178328   0.677722   5.079419
 -4.633101   1.172697   5.079419
 -3.643152   1.172697   5.079419
 -2.653202   1.172697   5.079419
 -1.663253   1.172697   5.079419
 -0.673303   1.172697   5.079419
  0.316646   1.172697   5.079419
 -5.128076   1.667672   5.079419
 -4.138126   1.667672   5.079419
 -3.148177   1.667672   5.079419
 -2.158227   1.667672   5.079419
 -1.168278   1.667672   5.079419
 -0.178328   1.667672   5.079419
 -4.633101   2.162646   5.079419
 -3.643152   2.162646   5.079419
 -2.653202   2.162646   5.079419
 -1.663253   2.162646   5.079419
 -0.673303   2.162646   5.079419
 -4.138126   2.657621   5.079419
 -3.148177   2.657621   5.079419
 -2.158227   2.657621   5.079419
 -1.168278   2.657621   5.079419
 -3.643152   3.152596   5.079419
 -2.653202   3.152596   5.079419
 -1.663253   3.152596   5.079419
 -3.148177  -1.797151   5.574394
 -2.158227  -1.797151   5.574394
 -1.168278  -1.797151   5.574394
 -3.643152  -1.302177   5.574394
 -2.653202  -1.302177   5.574394
 -1.663253  -1.302177   5.574394
 -0.673303  -1.302177   5.574394
 -4.138126  -0.807202   5.574394
 -3.148177  -0.807202   5.574394
 -2.158227  -0.807202   5.574394
 -1.168278  -0.807202   5.574394
 -0.178328  -0.807202   5.574394
 -4.633101  -0.312227   5.574394
 -3.643152  -0.312227   5.574394
 -2.653202  -0.312227   5.574394
 -1.663253  -0.312227   5.574394
 -0.673303  -0.312227   5.574394
 -5.128076   0.182748   5.574394
 -4.138126   0.182748   5.574394
 -3.148177   0.182748   5.574394
 -2.158227   0.182748   5.574394
 -1.168278   0.182748   5.574394
 -0.178328   0.182748   5.574394
 -4.633101   0.677722   5.574394
 -3.643152   0.677722   5.574394
 -2.653202   0.677722   5.574394
 -1.663253   0.677722   5.574394
 -0.673303   0.677722   5.574394
 -4.138126   1.172697   5.574394
 -3.148177   1.172697   5.574394
 -2.158227   1.172697   5.574394
 -1.168278   1.172697   5.574394
 -0.178328   1.172697   5.574394
 -4.633101   1.667672   5.574394
 -3.643152   1.667672   5.574394
 -2.653202   1.667672   5.574394
 -1.663253   1.667672   5.574394
 -0.673303   1.667672   5.574394
 -4.138126   2.162646   5.574394
 -3.148177   2.162646   5.574394
 -2.158227   2.162646   5.574394
 -1.168278   2.162646   5.574394
 -3.643152   2.657621   5.574394
 -2.653202   2.657621   5.574394
 -1.663253   2.657621   5.574394
 -3.148177  -1.302177   6.069369
 -2.158227  -1.302177   6.069369
 -3.643152  -0.807202   6.069369
 -2.653202  -0.807202   6.069369
 -1.663253  -0.807202   6.069369
 -4.138126  -0.312227   6.069369
 -3.148177  -0.312227   6.069369
 -2.158227  -0.312227   6.069369
 -1.168278  -0.312227   6.069369
 -3.643152   0.182748   6.069369
 -2.653202   0.182748   6.069369
 -1.663253   0.182748   6.069369
 -0.673303   0.182748   6.069369
 -4.138126   0.677722   6.069369
 -3.148177   0.677722   6.069369
 -2.158227   0.677722   6.069369
 -1.168278   0.677722   6.069369
 -3.643152   1.172697   6.069369
 -2.653202   1.172697   6.069369
 -1.663253   1.172697   6.069369
 -3.148177   1.667672   6.069369
 -2.158227   1.667672   6.069369
 -1.168278   1.667672   6.069369
 -2.653202   2.162646   6.069369
