    0.0034491418
    0.0053816122
    0.0024537982
    0.0046260895
    0.0066085006
    0.0035500875
    0.0059478229
    0.0077880088
    0.0022070959
    0.0048521785
    0.0073435774
    0.0087422385
    0.0033631882
    0.0063167625
    0.0085449993
    0.0092179377
    0.0016547344
    0.0046853960
    0.0076408994
    0.0091201533
    0.0027580830
    0.0059168132
    0.0082991131
    0.0089557210
    0.0038188942
    0.0066309187
    0.0081628568
    0.0045729980
    0.0067008399
    0.0025891582
    0.0045008036
    0.0061544081
    0.0017009182
    0.0037705392
    0.0059321930
    0.0074615352
    0.0006082897
    0.0027505609
    0.0051475030
    0.0073964274
    0.0085972239
    0.0015224168
    0.0039942656
    0.0067029946
    0.0087753142
    0.0095186656
    0.0000414034
    0.0026044261
    0.0055256487
    0.0084109481
    0.0099975460
    0.0101417431
    0.0009258989
    0.0039612284
    0.0074567234
    0.0101644847
    0.0108337639
   -0.0009368765
    0.0020287625
    0.0057612983
    0.0097265961
    0.0113967769
    0.0110007185
   -0.0000562241
    0.0034632939
    0.0079705252
    0.0113832323
    0.0114737946
    0.0105364554
    0.0010839549
    0.0051533836
    0.0096557866
    0.0113222971
    0.0106868660
   -0.0009491046
    0.0023893239
    0.0065371564
    0.0097359473
    0.0102337598
    0.0001877564
    0.0035666599
    0.0070083159
    0.0088612542
    0.0090537007
    0.0012951692
    0.0043235053
    0.0067890299
    0.0079097923
    0.0021924978
    0.0046457363
    0.0026679496
    0.0046617581
    0.0063341760
    0.0018217099
    0.0040284352
    0.0064250335
    0.0079333043
    0.0007488211
    0.0029995456
    0.0057017932
    0.0082944694
    0.0092854884
   -0.0005845601
    0.0018092788
    0.0043813459
    0.0076202431
    0.0098758226
    0.0103380091
    0.0003392035
    0.0030003636
    0.0060952868
    0.0095075612
    0.0111338957
    0.0111558454
   -0.0015567756
    0.0013962412
    0.0044475233
    0.0082747449
    0.0113817553
    0.0121859397
    0.0116303861
   -0.0007770211
    0.0025545475
    0.0065522533
    0.0112337800
    0.0132143267
    0.0127525512
   -0.0031131212
    0.0001135253
    0.0041703003
    0.0100519563
    0.0148735640
    0.0140135865
    0.0125606001
   -0.0024430122
    0.0013124925
    0.0067853857
    0.0150658484
    0.0159144055
    0.0133853363
    0.0117333194
   -0.0014243954
    0.0030131296
    0.0102404107
    0.0161674355
    0.0140004702
    0.0120908552
   -0.0035235899
   -0.0000381471
    0.0049553446
    0.0114768541
    0.0132507283
    0.0119235716
   -0.0022407657
    0.0014920513
    0.0062367596
    0.0101596111
    0.0108533792
    0.0102790025
   -0.0008023717
    0.0028043812
    0.0065171962
    0.0087803263
    0.0092915229
    0.0005339646
    0.0036721918
    0.0063341172
    0.0077737163
    0.0015937236
    0.0041258949
    0.0026096526
    0.0045396027
    0.0060785745
    0.0018588749
    0.0041317638
    0.0065776380
    0.0079368449
    0.0008276560
    0.0031742953
    0.0062090702
    0.0090466206
    0.0096086118
   -0.0004891080
    0.0020154227
    0.0047737810
    0.0090707443
    0.0111985138
    0.0108597303
   -0.0021598722
    0.0006855699
    0.0032812864
    0.0070141324
    0.0117765070
    0.0124161982
    0.0118526367
   -0.0012789110
    0.0021215026
    0.0047138446
    0.0097706773
    0.0130663401
    0.0133491497
    0.0126473587
   -0.0037453444
   -0.0000072115
    0.0034068385
    0.0070682949
    0.0121591594
    0.0143695168
    0.0142279844
    0.0129875306
   -0.0031687630
    0.0010979363
    0.0049177964
    0.0108585856
    0.0161322525
    0.0157554634
    0.0145432133
    0.0126505213
   -0.0059687028
   -0.0025026638
    0.0019732757
    0.0081400121
    0.0216981708
    0.0201068108
    0.0159562095
    0.0139598005
   -0.0056892491
   -0.0017229068
    0.0037335271
    0.0184413363
    0.0340224203
    0.0185257322
    0.0148939897
    0.0127030446
   -0.0049151721
   -0.0003657035
    0.0073791792
    0.0301537687
    0.0234246277
    0.0155292592
    0.0132306167
   -0.0068351718
   -0.0034975197
    0.0015650783
    0.0110613154
    0.0202303211
    0.0154725860
    0.0131918665
    0.0114797411
   -0.0054713074
   -0.0016230825
    0.0035320473
    0.0104176666
    0.0130562621
    0.0123661936
    0.0112611462
   -0.0036717052
    0.0002767963
    0.0048518296
    0.0089559277
    0.0105457562
    0.0104641671
   -0.0018180342
    0.0018405831
    0.0054714871
    0.0080802522
    0.0090920947
   -0.0002149190
    0.0029179128
    0.0056355243
    0.0073406468
    0.0035416649
    0.0040712286
    0.0017810523
    0.0039562161
    0.0061061813
    0.0072219824
    0.0008294328
    0.0032339051
    0.0062431448
    0.0088241956
    0.0091262724
   -0.0004593087
    0.0021126102
    0.0051481398
    0.0101017521
    0.0117522978
    0.0106951317
   -0.0021434326
    0.0008398861
    0.0034609829
    0.0089362724
    0.0157619599
    0.0134891528
    0.0119535105
   -0.0010148510
    0.0026754051
    0.0051744886
    0.0175667718
    0.0175515787
    0.0142827258
    0.0131069401
   -0.0037534239
    0.0013099086
    0.0047753676
    0.0101506647
    0.0198593887
    0.0163310613
    0.0153276355
    0.0139718781
   -0.0065393089
   -0.0025015328
    0.0045799345
    0.0072275741
    0.0146637331
    0.0170070219
    0.0170867859
    0.0163233334
    0.0141022406
   -0.0067072376
   -0.0007513739
    0.0055810181
    0.0111934448
    0.0197822597
    0.0196852252
    0.0182499802
    0.0163295783
    0.0133672897
   -0.0065417621
   -0.0002678197
    0.0058610219
    0.0254775116
    0.0211328211
    0.0180620473
    0.0151131207
   -0.0098752401
   -0.0062045253
   -0.0000842568
    0.0127627794
    0.0449474919
    0.0193322517
    0.0163339966
    0.0133191304
   -0.0096365513
   -0.0051342607
    0.0020064890
    0.0224855794
    0.0167851681
    0.0140860715
   -0.0082785322
   -0.0029504030
    0.0051152685
    0.0342435497
    0.0244488890
    0.0164531214
    0.0142173442
    0.0119652673
   -0.0094931636
   -0.0058866603
   -0.0003957787
    0.0068704664
    0.0150107460
    0.0146607416
    0.0135962092
    0.0119584917
   -0.0073837604
   -0.0031491319
    0.0018700791
    0.0072444660
    0.0111290322
    0.0120742256
    0.0113972440
   -0.0049237763
   -0.0007525258
    0.0035596808
    0.0074674171
    0.0097924898
    0.0102493579
   -0.0026515294
    0.0010464676
    0.0045525438
    0.0072736066
    0.0086225200
   -0.0008320517
    0.0022607268
    0.0049501516
    0.0034572001
    0.0051178762
    0.0059397106
    0.0007478907
    0.0030803205
    0.0056226013
    0.0075153840
    0.0077880855
   -0.0004668260
    0.0021420531
    0.0051879016
    0.0090933299
    0.0104084205
    0.0095625192
   -0.0021152563
    0.0008150647
    0.0037510649
    0.0093824329
    0.0154648086
    0.0128610936
    0.0111506450
   -0.0010248942
    0.0026016189
    0.0062331734
    0.0276038290
    0.0213125939
    0.0142037152
    0.0126905307
   -0.0037666352
    0.0017646932
    0.0052548610
    0.0253647024
    0.0192793729
    0.0155339548
    0.0141239115
   -0.0069277171
   -0.0017142743
    0.0103671518
    0.0146689917
    0.0311182277
    0.0184030467
    0.0172988230
    0.0149549342
   -0.0070565932
    0.0048294859
    0.0287935098
    0.0361352254
    0.0209244908
    0.0204895737
    0.0184152729
    0.0147222970
   -0.0109937088
   -0.0060336460
    0.0139244610
    0.0260098833
    0.0412457419
    0.0303318494
    0.0228338614
    0.0222449911
    0.0176739345
    0.0135798844
   -0.0123624870
   -0.0051053035
    0.0077674311
    0.0300769945
    0.0393051595
    0.0244689829
    0.0205446898
    0.0156704455
   -0.0143609479
   -0.0131267924
   -0.0058879620
    0.0075135655
    0.0284590843
    0.0219296323
    0.0173392878
    0.0134441356
   -0.0152719509
   -0.0124977714
   -0.0042018808
    0.0196218541
    0.0217879111
    0.0180493660
    0.0144502243
   -0.0144850049
   -0.0095507884
   -0.0000439239
    0.0230680378
    0.0211063777
    0.0177276200
    0.0148397628
   -0.0117515530
   -0.0051449462
    0.0025508569
    0.0122689289
    0.0164382463
    0.0162393190
    0.0145307650
    0.0122752819
   -0.0117880864
   -0.0078968901
   -0.0013713044
    0.0040895866
    0.0098584608
    0.0132941144
    0.0134126525
    0.0119864146
   -0.0088238103
   -0.0042480424
    0.0011132596
    0.0057271488
    0.0097273669
    0.0114506304
    0.0111375575
   -0.0057940928
   -0.0014983576
    0.0028068992
    0.0065043190
    0.0089890980
    0.0097440358
    0.0004137299
    0.0038298406
    0.0065054757
    0.0026146456
    0.0045677103
    0.0057673900
    0.0020050024
    0.0047426761
    0.0072402770
    0.0080887455
    0.0076701221
    0.0007874940
    0.0039950968
    0.0079912818
    0.0112436717
    0.0104827639
    0.0094366553
   -0.0010804355
    0.0026117318
    0.0066938971
    0.0172897713
    0.0163620036
    0.0124683138
    0.0112977514
   -0.0037563676
    0.0010348652
    0.0047269774
    0.0239756685
    0.0182305606
    0.0143448964
    0.0132146038
   -0.0069893356
   -0.0020318901
    0.0077897865
    0.0176409270
    0.0181406680
    0.0166958170
    0.0147843492
   -0.0073383501
    0.0075843767
    0.0250623160
    0.0208212825
    0.0190124927
    0.0153695922
   -0.0122064326
   -0.0047480812
    0.0413275692
    0.0258120836
    0.0258467324
    0.0195792580
    0.0147346724
   -0.0145737677
   -0.0146070480
    0.0055158969
    0.0365186976
    0.0379988360
    0.0262454874
    0.0179717920
   -0.0182274984
   -0.0165792199
    0.0078120452
    0.0407659955
    0.0369759082
    0.0215388399
    0.0155082883
   -0.0178034048
   -0.0214928805
   -0.0180600685
   -0.0021233379
    0.0364183197
    0.0245242696
    0.0173850464
   -0.0203732234
   -0.0226170565
   -0.0159359796
    0.0113489988
    0.0344430375
    0.0244214277
    0.0184476642
    0.0142503557
   -0.0210120187
   -0.0197376700
   -0.0071819262
    0.0307204508
    0.0320007725
    0.0230105551
    0.0185006939
    0.0148739309
   -0.0176482887
   -0.0188111043
   -0.0132339196
    0.0025612546
    0.0136072169
    0.0172171269
    0.0191858860
    0.0177177437
    0.0148997634
    0.0121768281
   -0.0142943901
   -0.0063473637
    0.0036999744
    0.0076937031
    0.0134782987
    0.0155907609
    0.0142718621
    0.0121467270
   -0.0092066128
   -0.0019887830
    0.0039011324
    0.0086575255
    0.0122745671
    0.0128182320
    0.0116210038
   -0.0050438303
    0.0004728626
    0.0050640249
    0.0087656063
    0.0106138366
    0.0105477522
   -0.0021195270
    0.0021119991
    0.0056694864
    0.0080957267
    0.0031234812
    0.0015455582
    0.0037780528
    0.0053056469
    0.0056325740
    0.0006406822
    0.0037088936
    0.0065447046
    0.0079635586
    0.0075842540
   -0.0010131702
    0.0027370513
    0.0067137365
    0.0106125999
    0.0110133539
    0.0096325901
   -0.0034805491
    0.0008120682
    0.0055034924
    0.0123917036
    0.0185184777
    0.0136189098
    0.0118928747
    0.0113109897
   -0.0065600727
   -0.0024241223
    0.0041297780
    0.0121210285
    0.0268366844
    0.0154507301
    0.0146539719
    0.0134844020
   -0.0073387164
    0.0021946086
    0.0182067224
    0.0226409254
    0.0183894322
    0.0177010891
    0.0149712625
   -0.0124987996
   -0.0058964204
    0.0235541061
    0.0237758929
    0.0197922478
    0.0152027224
   -0.0156762978
   -0.0162357263
    0.0130235667
    0.0383975904
    0.0416156127
    0.0282352328
    0.0195866927
    0.0141928080
   -0.0162657123
   -0.0215834840
   -0.0196106122
    0.0255549565
    0.0174848198
   -0.0217015873
   -0.0290173726
   -0.0225088411
    0.0393515563
    0.0206861408
    0.0147979969
   -0.0191479774
   -0.0277813983
   -0.0356082936
   -0.0262147667
    0.0557019243
    0.0233909514
    0.0167028121
   -0.0231702329
   -0.0322100236
   -0.0355728911
   -0.0128230635
    0.0451866520
    0.0242759389
    0.0178795438
    0.0135875027
   -0.0256751596
   -0.0316162412
   -0.0249586558
    0.0387604019
    0.0238756644
    0.0182492962
    0.0143834722
   -0.0197361114
   -0.0250692238
   -0.0249648510
   -0.0081104514
    0.0261339118
    0.0236218428
    0.0226555618
    0.0181013462
    0.0146786421
   -0.0192341514
   -0.0210850393
   -0.0155058438
    0.0014407748
    0.0117039191
    0.0128783113
    0.0179340001
    0.0171268182
    0.0144670747
   -0.0152836096
   -0.0077571099
    0.0021020093
    0.0072869219
    0.0123579871
    0.0145988022
    0.0135765672
    0.0116492542
   -0.0097264670
   -0.0031424979
    0.0030268690
    0.0077734311
    0.0110981979
    0.0118425620
    0.0109121691
   -0.0054801969
   -0.0003891934
    0.0041524984
    0.0076532116
    0.0095049559
    0.0013723143
    0.0047292129
    0.0032038804
    0.0027089819
    0.0046626803
    0.0050979737
    0.0045661095
   -0.0010474248
    0.0023001326
    0.0057778719
    0.0077254872
    0.0071895622
    0.0062753854
   -0.0030627761
    0.0008079693
    0.0057441154
    0.0101229543
    0.0111728900
    0.0092879013
    0.0085344507
    0.0085682623
   -0.0020559700
    0.0042059630
    0.0109107983
    0.0164944231
    0.0142628281
    0.0115791235
    0.0115429115
    0.0111153536
   -0.0064113076
    0.0006558425
    0.0105337865
    0.0250720777
    0.0281683148
    0.0158358799
    0.0148381539
    0.0150892077
    0.0133397218
   -0.0113924163
   -0.0063441739
    0.0090351543
    0.0308751873
    0.0177941145
    0.0196975355
    0.0183539567
    0.0145757035
   -0.0151669742
   -0.0158316887
   -0.0007813477
    0.0275809126
    0.0259850563
    0.0250316676
    0.0200068486
    0.0143831976
   -0.0165815598
   -0.0226347161
   -0.0222356624
    0.0837765187
    0.0494871756
    0.0462824107
    0.0269843254
    0.0190744624
    0.0130632848
   -0.0241090702
   -0.0351305408
   -0.0279971244
    0.0456260557
    0.0241032090
    0.0164190357
   -0.0218790920
   -0.0351790824
   -0.0529988439
   -0.0359065189
    0.0292793869
    0.0195283230
    0.0135881285
   -0.0294089952
   -0.0481756914
   -0.0659627868
   -0.0315050892
    0.0368347758
    0.0214572499
    0.0155538705
   -0.0229733246
   -0.0367250178
   -0.0554172658
   -0.0550272066
    0.0374908724
    0.0220245418
    0.0168338412
   -0.0268672328
   -0.0398978266
   -0.0481656452
   -0.0179951855
    0.0435669777
    0.0221623148
    0.0174207882
    0.0134781785
   -0.0282165504
   -0.0358202278
   -0.0298144960
    0.0237815745
    0.0270744789
    0.0364055313
    0.0234160777
    0.0176250261
    0.0139849822
   -0.0202752224
   -0.0259072856
   -0.0262537143
   -0.0125699226
    0.0138644176
    0.0134631711
    0.0200531549
    0.0218888454
    0.0174331695
    0.0140702698
   -0.0188960172
   -0.0207058043
   -0.0161107746
   -0.0040339923
    0.0056561104
    0.0112638540
    0.0162935191
    0.0159840047
    0.0136198129
   -0.0146329194
   -0.0086397482
   -0.0004850300
    0.0058152757
    0.0107480455
    0.0130075949
    0.0124141775
   -0.0039546921
    0.0017324995
    0.0063929551
    0.0095140843
    0.0104695006
    0.0031058405
    0.0023208091
    0.0021996897
    0.0011888062
    0.0036732588
    0.0045115750
    0.0034437313
    0.0027219814
    0.0002807166
    0.0044016527
    0.0076771389
    0.0070527251
    0.0048334959
    0.0045354891
    0.0052727009
   -0.0017854545
    0.0037040032
    0.0102095815
    0.0133481451
    0.0090960194
    0.0068655610
    0.0074227289
    0.0078742095
   -0.0051212480
    0.0010358628
    0.0102861570
    0.0213005582
    0.0180400233
    0.0106118509
    0.0103793543
    0.0112083062
    0.0104905447
   -0.0092972482
   -0.0044425208
    0.0076540121
    0.0256084831
    0.0393246240
    0.0185061899
    0.0130522648
    0.0155790164
    0.0151749716
    0.0125165498
   -0.0130794921
   -0.0125313901
   -0.0010218253
    0.0267548171
    0.0571630286
    0.0155144304
    0.0189539198
    0.0215250778
    0.0184186414
    0.0133343860
   -0.0152073848
   -0.0200022375
   -0.0180867937
    0.0119026281
    0.0518476456
    0.0198472654
    0.0288530888
    0.0270033073
    0.0194073260
    0.0127777462
   -0.0233695706
   -0.0339630964
   -0.0271390821
    0.0671209413
    0.0501163655
    0.0374123031
    0.0282569202
    0.0174997688
    0.0114168676
   -0.0225394807
   -0.0383070144
   -0.0612497646
   -0.0320510693
    0.0360614603
    0.0232766569
    0.0145447084
   -0.0195476157
   -0.0337461177
   -0.0634154155
   -0.0881299911
   -0.0279195201
    0.0454374550
    0.0270741245
    0.0177582884
    0.0119424988
   -0.0267341470
   -0.0490211772
   -0.0886561889
   -0.0030525437
    0.0269310150
    0.0198541948
    0.0138948150
   -0.0204700101
   -0.0348656660
   -0.0626123594
   -0.0926725352
   -0.0612788381
    0.0263413199
    0.0204164134
    0.0153395441
   -0.0247516598
   -0.0408495648
   -0.0634750894
   -0.0658570284
    0.0336352135
    0.0206563766
    0.0161668538
    0.0122303084
   -0.0274692592
   -0.0407010086
   -0.0488133911
   -0.0274924948
    0.0247289908
    0.0494642372
    0.0218267964
    0.0166199049
    0.0129095605
   -0.0271495520
   -0.0337655902
   -0.0291866487
   -0.0061143620
    0.0115390139
    0.0181170026
    0.0319182752
    0.0225879127
    0.0167459647
    0.0132198109
   -0.0236218660
   -0.0237638939
   -0.0145591106
   -0.0004277645
    0.0083289647
    0.0164190236
    0.0190472111
    0.0160339792
    0.0130755500
   -0.0182549577
   -0.0147365688
   -0.0063286037
    0.0022479656
    0.0088975582
    0.0134396120
    0.0139254208
    0.0123037019
   -0.0082507910
   -0.0018396498
    0.0040609342
    0.0085960337
    0.0108595528
    0.0108305686
    0.0010949614
    0.0010779986
   -0.0000445934
   -0.0007059130
    0.0019515699
    0.0035699310
    0.0022521746
    0.0003130237
    0.0005272701
   -0.0020422832
    0.0018659194
    0.0064737202
    0.0075748550
    0.0031697990
    0.0013501728
    0.0027182198
    0.0042720714
   -0.0043047543
    0.0002522512
    0.0077248999
    0.0173592635
    0.0121168393
    0.0040325300
    0.0042773024
    0.0062115585
    0.0069040608
   -0.0072971623
   -0.0032670440
    0.0062418226
    0.0243856886
    0.0483206995
    0.0125222519
    0.0071347939
    0.0096280834
    0.0103215489
    0.0093043436
   -0.0103788739
   -0.0088272789
    0.0013412578
    0.0219908107
    0.0114068873
    0.0145584719
    0.0160733877
    0.0141734603
    0.0109079623
   -0.0126388368
   -0.0150936290
   -0.0097860890
    0.0172883373
    0.0337925148
    0.0155668166
    0.0244457086
    0.0229193964
    0.0167985472
    0.0113232116
   -0.0194090454
   -0.0244569450
   -0.0064133378
    0.0315170668
    0.0363791168
    0.0296537339
    0.0167335714
    0.0107041115
   -0.0203724493
   -0.0333034895
   -0.0449401852
    0.0235647749
    0.0478228711
    0.0570985555
    0.0273130620
    0.0145764578
   -0.0187831722
   -0.0329671424
   -0.0631090780
    0.0604852135
    0.0453659045
    0.0199808462
    0.0121535041
   -0.0277567524
   -0.0557304632
    0.0622331069
    0.0440541987
    0.0252842488
    0.0150078336
   -0.0218724898
   -0.0408749906
   -0.0852226235
    0.0387434221
    0.0328045426
    0.0254681205
    0.0173551821
    0.0119028912
   -0.0289285410
   -0.0556098160
   -0.0959506286
   -0.0336562172
    0.0389637945
    0.0406025384
    0.0236232585
    0.0184451923
    0.0134079383
   -0.0207632223
   -0.0355030572
   -0.0631463103
   -0.0883421847
   -0.0642654657
    0.0072528703
    0.0313714301
    0.0255659289
    0.0190288885
    0.0144676398
   -0.0238792905
   -0.0383200113
   -0.0564071302
   -0.0566008995
   -0.0194521840
    0.0110840682
    0.0352868288
    0.0334475608
    0.0199083761
    0.0151681414
    0.0115543949
   -0.0249947248
   -0.0352322336
   -0.0401113815
   -0.0269209457
   -0.0029121226
    0.0108136946
    0.0322711842
    0.0329488825
    0.0204732422
    0.0155128422
    0.0120370985
   -0.0233908896
   -0.0277336977
   -0.0241457671
   -0.0109525365
    0.0023185536
    0.0125300121
    0.0206963468
    0.0188879156
    0.0151713636
   -0.0195824059
   -0.0192581416
   -0.0129857264
   -0.0033309386
    0.0051926775
    0.0119449083
    0.0148186238
    0.0137736066
   -0.0061849090
    0.0006148789
    0.0064250544
    0.0103065723
    0.0114085563
   -0.0004913130
   -0.0002939697
   -0.0018271779
   -0.0003822757
    0.0016383280
    0.0008488214
   -0.0025626629
   -0.0035297275
   -0.0014549549
   -0.0013010733
    0.0030358924
    0.0064550365
    0.0017977726
   -0.0035582997
   -0.0022830643
    0.0011211277
    0.0033356132
   -0.0059392591
   -0.0034704364
    0.0024239274
    0.0129376975
    0.0185908126
    0.0008920077
   -0.0024779729
    0.0017940662
    0.0048217252
    0.0057644143
   -0.0080588702
   -0.0068005743
   -0.0005051667
    0.0133687805
    0.0332956649
    0.0006178723
    0.0044344665
    0.0080710855
    0.0086741268
    0.0077682917
   -0.0108159683
   -0.0062237373
    0.0107396622
    0.0196439954
    0.0119267379
    0.0160785932
    0.0143996382
    0.0118104842
    0.0089424947
   -0.0143565954
   -0.0149436258
    0.0029896875
    0.0530929838
    0.0269331551
    0.0361360205
    0.0269189997
    0.0208478453
    0.0133800909
    0.0091735414
   -0.0161849049
   -0.0231603551
   -0.0198308502
    0.0513600750
    0.0554330766
    0.0240812451
    0.0129616145
   -0.0160633604
   -0.0263857593
   -0.0434163363
    0.0011634507
    0.0198922313
    0.0114826485
   -0.0246760239
   -0.0485225867
    0.0909129344
    0.0360657063
    0.0152016997
    0.0098804609
   -0.0208196160
   -0.0401675791
   -0.0873338396
    0.0527418316
    0.0194479600
    0.0121064324
   -0.0299815421
   -0.0649160507
    0.0443940694
    0.0512165125
    0.0338585065
    0.0216622036
    0.0142386255
    0.0099405200
   -0.0220348483
   -0.0415149691
   -0.0878402858
   -0.0010315221
    0.0301372638
    0.0297369615
    0.0212778552
    0.0157661453
    0.0113358441
   -0.0275410177
   -0.0508976711
   -0.0885826447
   -0.0849800633
   -0.0393213636
    0.0048652718
    0.0426624054
    0.0390280141
    0.0228327862
    0.0168393747
    0.0124905015
   -0.0313485021
   -0.0512888749
   -0.0673975647
   -0.0486668835
   -0.0105513056
    0.0111449080
    0.0541815375
    0.0251349584
    0.0179284450
    0.0133708709
   -0.0209115222
   -0.0313090458
   -0.0419213479
   -0.0398366894
   -0.0194003954
    0.0006803890
    0.0167532206
    0.0342108533
    0.0252332295
    0.0184033788
    0.0139256439
   -0.0207469819
   -0.0271778231
   -0.0290335581
   -0.0205752957
   -0.0061870815
    0.0059863900
    0.0166127215
    0.0203999558
    0.0173802782
    0.0138811617
   -0.0208640451
   -0.0179551212
   -0.0095470531
    0.0000729017
    0.0082268894
    0.0137819316
    0.0146901640
    0.0129748014
   -0.0034458784
    0.0031770460
    0.0084142727
    0.0111317571
   -0.0018753140
   -0.0034957361
   -0.0060394873
   -0.0063971424
   -0.0026324844
   -0.0010065209
   -0.0011979938
   -0.0053537311
   -0.0086640267
   -0.0068267185
   -0.0027363021
   -0.0039589194
   -0.0012266274
    0.0021062477
   -0.0003967877
   -0.0094741587
   -0.0106705346
   -0.0049995612
    0.0000366454
    0.0026063659
   -0.0059471566
   -0.0032011144
    0.0033908022
    0.0119839659
   -0.0020046469
   -0.0146919336
   -0.0083479739
   -0.0002998192
    0.0035415023
    0.0047037928
   -0.0082131775
   -0.0065428925
    0.0007006842
    0.0218779206
   -0.0108416183
   -0.0112292055
    0.0009562467
    0.0056697377
    0.0068074641
    0.0063000807
   -0.0103311658
   -0.0106116562
   -0.0041573717
    0.0173356412
   -0.0015913012
    0.0130810447
    0.0122750511
    0.0108405402
    0.0091218299
    0.0071735154
   -0.0118328276
   -0.0148544741
   -0.0115217894
    0.0214968054
    0.0437591241
    0.0395724920
    0.0224192500
    0.0145967209
    0.0100966013
   -0.0124059555
   -0.0178597412
   -0.0227280426
    0.0143946491
    0.0395639264
    0.0153178907
    0.0098729290
   -0.0185111118
   -0.0308417465
   -0.0308290193
    0.0330920262
    0.0135611719
    0.0090247397
   -0.0172259175
   -0.0307341955
   -0.0613606085
    0.0194580911
    0.0114791163
   -0.0260123151
   -0.0564616298
    0.0280474420
    0.0142194091
    0.0096926575
   -0.0206519861
   -0.0403671135
   -0.0950146669
    0.0831480783
    0.0286630356
    0.0165113960
    0.0114275796
   -0.0280984461
   -0.0583757707
   -0.0178897515
    0.0038175660
    0.0155999441
    0.0583311158
    0.0574840511
    0.0301425338
    0.0179181308
    0.0129736311
    0.0094158652
   -0.0200647200
   -0.0355544553
   -0.0682786675
   -0.0940924649
   -0.0634403440
   -0.0130781503
    0.0063149788
    0.0388818206
    0.0477841799
    0.0354438552
    0.0202498395
    0.0142875475
    0.0105046300
   -0.0234586206
   -0.0390817287
   -0.0602192574
   -0.0606512657
   -0.0285417756
   -0.0018687079
    0.0163020303
    0.0385385348
    0.0319692218
    0.0226051435
    0.0155378878
    0.0114195413
   -0.0248462713
   -0.0360362376
   -0.0421162074
   -0.0305547064
   -0.0099577927
    0.0056566427
    0.0202572790
    0.0260635596
    0.0218386263
    0.0162793054
    0.0120859871
   -0.0233872231
   -0.0283215223
   -0.0256089374
   -0.0139897497
   -0.0010500480
    0.0096947521
    0.0176061008
    0.0185889483
    0.0157117273
    0.0122934047
   -0.0196401254
   -0.0197618363
   -0.0142381387
   -0.0052311931
    0.0034748727
    0.0104888500
    0.0140699277
    0.0138206936
    0.0054603854
    0.0096175196
   -0.0047921030
   -0.0081586808
   -0.0102514376
   -0.0085539271
   -0.0033623703
   -0.0034217793
   -0.0073828516
   -0.0133320153
   -0.0137030944
   -0.0085075163
   -0.0052993709
   -0.0045039295
   -0.0025777484
   -0.0037521642
   -0.0140963461
   -0.0212418567
   -0.0152711403
   -0.0060364291
   -0.0003656689
   -0.0066014320
   -0.0066405245
   -0.0043992934
    0.0006078429
   -0.0069387135
   -0.0290765095
   -0.0276620917
   -0.0114682992
   -0.0013320609
    0.0027215659
   -0.0077317925
   -0.0088305385
   -0.0089625147
   -0.0013864354
    0.0104036018
   -0.0241010092
   -0.0433295083
   -0.0205948154
   -0.0021715540
    0.0038129444
    0.0053621404
   -0.0085703627
   -0.0104485835
   -0.0128473172
   -0.0110333997
    0.0165344031
    0.0176243122
   -0.0361191415
   -0.0113834991
    0.0036514359
    0.0068995711
    0.0078064525
    0.0070773239
   -0.0090920505
   -0.0115765861
   -0.0146683901
   -0.0160963815
    0.0198237474
    0.0597369292
    0.0070909928
    0.0248472668
    0.0130176207
    0.0101191805
    0.0077752516
   -0.0122717478
   -0.0164734043
   -0.0165702847
    0.0502834532
    0.0162693119
    0.0106582833
    0.0076944931
   -0.0124424094
   -0.0178131488
   -0.0251016205
    0.0150536462
    0.0100087203
   -0.0119301451
   -0.0178840678
   -0.0304766574
   -0.0333972231
    0.0267216774
    0.0128311876
    0.0089247069
   -0.0164168133
   -0.0287004152
   -0.0620198858
    0.0159583146
    0.0108594616
   -0.0236017576
   -0.0491020040
    0.0110512994
    0.0053219984
    0.0770063711
    0.0189972019
    0.0127412667
    0.0091737648
   -0.0184622609
   -0.0335570008
   -0.0714157730
   -0.0316809609
    0.0020010491
   -0.0034792229
    0.0237334221
    0.0240817747
    0.0144419303
    0.0105082468
   -0.0233373652
   -0.0421961006
   -0.0733594718
   -0.0699971840
   -0.0263309056
   -0.0028690449
    0.0100430811
    0.0334597635
    0.0349406817
    0.0165470846
    0.0117428579
   -0.0269187671
   -0.0430126603
   -0.0542189645
   -0.0374700211
   -0.0115207947
    0.0039792621
    0.0191667125
    0.0317237249
    0.0318647599
    0.0190335693
    0.0128952347
    0.0095395763
   -0.0271491644
   -0.0354684375
   -0.0329952452
   -0.0176007051
   -0.0022390134
    0.0098600295
    0.0201998346
    0.0236408497
    0.0192866973
    0.0137449016
    0.0101968043
   -0.0237913859
   -0.0250910988
   -0.0182900645
   -0.0069871306
    0.0034029711
    0.0120874207
    0.0171364509
    0.0169317809
    0.0136979049
    0.0105384005
   -0.0185279513
   -0.0160710721
   -0.0092225744
   -0.0010563313
    0.0062449707
    0.0115673954
    0.0135311397
    0.0125292017
    0.0070946184
   -0.0089581299
   -0.0128176868
   -0.0129450216
   -0.0091141949
   -0.0049748696
   -0.0080737180
   -0.0153668515
   -0.0197653932
   -0.0157561526
   -0.0083057548
   -0.0058416819
   -0.0056051246
   -0.0060559543
   -0.0148136800
   -0.0283629086
   -0.0280252997
   -0.0157056584
   -0.0054207346
   -0.0002216900
   -0.0060169296
   -0.0071557188
   -0.0082240697
   -0.0062938914
   -0.0089726874
   -0.0339501244
   -0.0491650380
   -0.0317157117
   -0.0107835129
   -0.0011219597
    0.0023384598
   -0.0064490729
   -0.0079531346
   -0.0112032802
   -0.0135243901
   -0.0037336703
   -0.0237398943
   -0.0677477434
   -0.0590950781
   -0.0220184046
   -0.0026097504
    0.0031237309
    0.0043784867
   -0.0067317435
   -0.0081406466
   -0.0117620008
   -0.0229001170
   -0.0164626353
    0.0080225262
   -0.0612219368
   -0.0318892100
   -0.0027638364
    0.0046900181
    0.0061981771
    0.0056269240
   -0.0081494974
   -0.0103328410
   -0.0203134939
   -0.0346217041
    0.0430701004
    0.0046554554
    0.0217966102
    0.0128746070
    0.0091496104
    0.0077745206
    0.0061294896
   -0.0083828543
   -0.0090555136
   -0.0110033791
   -0.0162247415
    0.0207064187
    0.0108078743
    0.0081194220
   -0.0086599678
   -0.0096789714
   -0.0048191819
    0.0022071347
    0.0657736355
    0.0173023671
    0.0106607604
    0.0077444926
   -0.0108071232
   -0.0097844256
    0.0062927224
    0.0452191908
    0.0137210048
    0.0096950330
   -0.0108262203
   -0.0143315894
   -0.0145728489
   -0.0142667692
    0.0145048056
    0.0195320720
    0.0117406666
    0.0085172691
   -0.0141970059
   -0.0219936905
   -0.0409380805
   -0.0311308865
    0.0138434249
   -0.0017057160
    0.0458151449
    0.0318170401
    0.0137390846
    0.0100106878
   -0.0123853466
   -0.0191526643
   -0.0342346456
   -0.0586436590
   -0.0399730152
   -0.0071070335
   -0.0022667830
    0.0078805780
    0.0412237426
    0.0164119679
    0.0114580269
    0.0084723312
   -0.0152734195
   -0.0246250485
   -0.0414081723
   -0.0512914233
   -0.0297995283
   -0.0083627406
    0.0020689888
    0.0181126524
    0.0518767064
    0.0219666141
    0.0129837685
    0.0095009794
   -0.0178977906
   -0.0274545733
   -0.0374852833
   -0.0337690359
   -0.0166079986
   -0.0025350536
    0.0089549464
    0.0222415638
    0.0356746060
    0.0253148573
    0.0146882252
    0.0104416854
   -0.0190870364
   -0.0257223292
   -0.0276566035
   -0.0196275792
   -0.0074543035
    0.0030652858
    0.0127708772
    0.0205040725
    0.0213846394
    0.0155945966
    0.0111862611
   -0.0181625416
   -0.0208003522
   -0.0181558058
   -0.0103513218
   -0.0014314818
    0.0066419629
    0.0132034267
    0.0162036875
    0.0146454131
    0.0114239556
   -0.0151306342
   -0.0109405405
    0.0022859281
    0.0080405012
    0.0117140535
    0.0124008191
    0.0108787973
   -0.0131550351
   -0.0157284739
   -0.0133468433
   -0.0055122442
   -0.0076038584
   -0.0141037574
   -0.0218451591
   -0.0220108808
   -0.0145905932
   -0.0055698655
   -0.0063755154
   -0.0068857147
   -0.0120666723
   -0.0269045525
   -0.0361282449
   -0.0272161562
   -0.0128596718
   -0.0039283898
   -0.0060632980
   -0.0078997354
   -0.0088949735
   -0.0081473886
   -0.0248895880
   -0.0542672556
   -0.0532557463
   -0.0261699241
   -0.0077056328
   -0.0003272979
   -0.0061454060
   -0.0086607402
   -0.0138982475
   -0.0111620253
   -0.0089938702
   -0.0613441485
   -0.0576941038
   -0.0156708509
   -0.0009965818
    0.0029125802
   -0.0059616508
   -0.0078525246
   -0.0154735130
   -0.0279518646
    0.0098273978
   -0.0241290814
   -0.0324046855
   -0.0009496158
    0.0046294314
    0.0050821569
   -0.0059096939
   -0.0061710207
   -0.0100186967
   -0.0302505266
    0.0096826225
    0.0113500230
    0.0076626195
    0.0061072440
   -0.0061664404
   -0.0054103966
   -0.0002141202
   -0.0023156066
    0.0143567946
    0.0084711823
    0.0063211015
   -0.0063623438
    0.0028519716
    0.0120254582
    0.0082005316
   -0.0074224512
   -0.0045027989
    0.0146963918
    0.0195603705
    0.0104082470
    0.0075274119
   -0.0085943571
    0.0012114833
   -0.0019124941
    0.0050535462
    0.0362302285
    0.0126610897
    0.0091073591
   -0.0093364377
   -0.0110151647
   -0.0060486397
   -0.0006722028
   -0.0063887793
    0.0151561189
    0.0484388133
    0.0151640489
    0.0106562932
    0.0079052849
   -0.0116843069
   -0.0164287213
   -0.0249217429
   -0.0101115176
   -0.0028687051
   -0.0071174875
    0.0014048131
    0.0197732671
    0.0207508014
    0.0122057256
    0.0090503816
   -0.0146489130
   -0.0220366229
   -0.0272614187
   -0.0154891567
   -0.0097146656
   -0.0023158987
    0.0082236275
    0.0236262622
    0.0580849079
    0.0311334424
    0.0143080562
    0.0101557494
   -0.0120357981
   -0.0170156370
   -0.0228621473
   -0.0218966749
   -0.0141562191
   -0.0058552801
    0.0027098908
    0.0127411124
    0.0241643287
    0.0275501202
    0.0166339853
    0.0112292136
    0.0083954857
   -0.0131667425
   -0.0173392236
   -0.0195277219
   -0.0160216028
   -0.0090061485
   -0.0012494248
    0.0066117243
    0.0142554031
    0.0190636162
    0.0165945310
    0.0119991147
    0.0089899316
   -0.0132318122
   -0.0155393112
   -0.0148940359
   -0.0105284018
   -0.0042422340
    0.0023632165
    0.0085861702
    0.0131679449
    0.0141350047
    0.0118804043
   -0.0125952879
   -0.0104380380
    0.0110370955
    0.0107346865
   -0.0115725552
   -0.0158330638
   -0.0160128857
   -0.0118208055
   -0.0065719997
   -0.0110863476
   -0.0192660621
   -0.0240690745
   -0.0199365282
   -0.0115635425
   -0.0046437375
   -0.0055459354
   -0.0063872134
   -0.0088160284
   -0.0194848685
   -0.0338679981
   -0.0344751029
   -0.0212436896
   -0.0089820122
   -0.0047275093
   -0.0059561533
   -0.0075416360
   -0.0072481171
   -0.0131614698
   -0.0397771954
   -0.0577627719
   -0.0420328095
   -0.0172435784
   -0.0044675460
    0.0003472565
   -0.0046392464
   -0.0058213265
   -0.0087595679
   -0.0107061884
   -0.0026550861
   -0.0276168194
   -0.0740610692
   -0.0806545745
   -0.0365020591
   -0.0082297396
    0.0004539781
    0.0026256273
   -0.0045385489
   -0.0050616786
   -0.0078537450
   -0.0150251770
   -0.0045553376
    0.0250280427
   -0.0605927000
   -0.0774067153
   -0.0153376852
    0.0019776359
    0.0041439543
    0.0040817101
   -0.0046238480
   -0.0042347923
   -0.0045127541
   -0.0084254669
   -0.0081547335
   -0.0277953909
    0.0144369237
    0.0086093456
    0.0059660566
   -0.0042575425
   -0.0002325966
    0.0106185041
   -0.0234297168
    0.0353750002
    0.0097452527
    0.0064455178
   -0.0050043908
   -0.0010192618
    0.0207284024
    0.0088681750
    0.0062898660
   -0.0043172585
    0.0190536215
   -0.0088109945
    0.0178425252
    0.0121200691
    0.0079253649
   -0.0062197990
   -0.0022434055
   -0.0101420057
    0.0062650852
    0.0339069761
    0.0152680779
    0.0096506574
    0.0070624721
   -0.0071198656
   -0.0021751013
   -0.0121456725
   -0.0008544569
    0.0170969152
    0.0310314941
    0.0366907627
    0.0163448596
    0.0111078362
    0.0082728341
   -0.0078870102
   -0.0091272691
   -0.0098857414
    0.0114995722
   -0.0006182596
   -0.0037260164
    0.0069172792
    0.0192419305
    0.0358259802
    0.0215435320
    0.0125198242
    0.0094085208
   -0.0093709712
   -0.0120101028
   -0.0137494659
    0.0173383879
    0.0083908259
   -0.0036788481
    0.0020210595
    0.0114079710
    0.0220499043
    0.0257174407
    0.0149550335
    0.0105160796
    0.0079762053
   -0.0108278099
   -0.0135454835
   -0.0115693424
   -0.0026098822
   -0.0042580544
   -0.0007214448
    0.0060472345
    0.0137802262
    0.0196839275
    0.0165914392
    0.0116142975
    0.0087116593
   -0.0115340636
   -0.0128054159
   -0.0101050294
   -0.0065149100
   -0.0029153064
    0.0023853389
    0.0084680688
    0.0136673144
    0.0149448005
    0.0121070047
    0.0092551871
   -0.0111039045
   -0.0109130206
   -0.0083617819
   -0.0047739993
   -0.0003213895
    0.0092132835
    0.0118074345
    0.0113589925
    0.0093794739
   -0.0097824086
   -0.0086688934
   -0.0059740516
    0.0096758256
   -0.0136898217
   -0.0161386279
   -0.0141181030
   -0.0144387501
   -0.0213293996
   -0.0218716326
   -0.0155776629
   -0.0042882209
   -0.0050336380
   -0.0063425410
   -0.0121391176
   -0.0247433604
   -0.0328491481
   -0.0267079687
   -0.0144273189
   -0.0042193295
   -0.0050918774
   -0.0054535045
   -0.0067945360
   -0.0214228435
   -0.0440182420
   -0.0463032452
   -0.0266656872
   -0.0100038156
   -0.0022302215
   -0.0039594967
   -0.0049552238
   -0.0059203225
   -0.0027344100
   -0.0061429446
   -0.0439610665
   -0.0713263753
   -0.0521466167
   -0.0186015849
   -0.0035420786
    0.0010342749
   -0.0035812914
   -0.0042254491
   -0.0055309199
   -0.0034688434
    0.0160016514
   -0.0132622879
   -0.0730542662
   -0.0894926253
   -0.0370764237
   -0.0048192282
    0.0023919754
    0.0033114925
   -0.0034130680
   -0.0028104436
   -0.0033352313
    0.0034733528
    0.0249041574
   -0.0440787622
   -0.0684191218
   -0.0047033353
    0.0082459017
    0.0056944664
    0.0044723218
   -0.0036896778
   -0.0018880047
    0.0025560017
   -0.0088243598
    0.0360031382
    0.0123621009
    0.0065606842
   -0.0026838028
    0.0060888011
   -0.0217468754
   -0.0498035719
   -0.0174682125
    0.0352061926
    0.0102177678
    0.0064063068
   -0.0040369205
    0.0006560771
    0.0018514328
   -0.0222724572
   -0.0099862824
    0.0239640317
    0.0158363511
    0.0083526302
    0.0059848161
   -0.0035527140
    0.0083818280
   -0.0032016852
   -0.0067294648
   -0.0010812457
    0.0103252903
    0.0238983784
    0.0179766016
    0.0102114915
    0.0072412740
   -0.0053459102
   -0.0034518177
    0.0088028719
    0.0094884375
   -0.0052461465
    0.0012004353
    0.0094719694
    0.0134150945
    0.0136619259
    0.0110887070
    0.0084160709
   -0.0061170022
   -0.0052303887
    0.0025464446
   -0.0027141154
    0.0001301409
    0.0073440629
    0.0130573246
    0.0142661862
    0.0116584137
    0.0093618660
    0.0072630750
   -0.0065615876
   -0.0073173145
   -0.0073841125
    0.0111843621
    0.0036018445
   -0.0006892251
    0.0044205353
    0.0106135910
    0.0146456132
    0.0131378720
    0.0102453569
    0.0080256978
   -0.0073576105
   -0.0083440099
   -0.0071017387
    0.0058115965
    0.0042138405
   -0.0009752953
    0.0020471210
    0.0072488730
    0.0119518521
    0.0132726308
    0.0110189948
    0.0086580844
   -0.0079131986
   -0.0084662495
   -0.0062365292
   -0.0022493464
   -0.0018988068
    0.0002299394
    0.0042947376
    0.0086174136
    0.0112972789
    0.0109198841
    0.0090218131
   -0.0079477824
   -0.0077933029
   -0.0058418613
   -0.0036299874
   -0.0013404684
    0.0086502299
    0.0096884590
    0.0088498735
   -0.0067503863
   -0.0049859322
   -0.0027023573
   -0.0140994260
   -0.0144013410
   -0.0099125430
   -0.0161865352
   -0.0198727099
   -0.0172909068
   -0.0032495192
   -0.0036406655
   -0.0044276425
   -0.0073509501
   -0.0155054933
   -0.0251338550
   -0.0263189680
   -0.0181942706
   -0.0030858523
   -0.0032826349
   -0.0034035994
   -0.0039167199
   -0.0101665926
   -0.0262983238
   -0.0374952674
   -0.0302971989
   -0.0154213940
   -0.0054984048
   -0.0029294523
   -0.0029476882
   -0.0027227227
   -0.0013493975
   -0.0010899137
   -0.0174546137
   -0.0445040530
   -0.0486241036
   -0.0269629341
   -0.0089889072
   -0.0013649196
   -0.0028507152
   -0.0025535796
   -0.0022452565
    0.0008611133
    0.0065211085
    0.0037093663
   -0.0351744034
   -0.0644681670
   -0.0465290155
   -0.0150664241
   -0.0013123656
    0.0019641748
   -0.0029595236
   -0.0021834168
   -0.0017098547
    0.0043613075
    0.0176104715
    0.0246972765
   -0.0025888036
   -0.0577689986
   -0.0663603589
   -0.0256334165
    0.0001994600
    0.0042494145
    0.0038464900
   -0.0022735647
   -0.0004992241
    0.0046602122
    0.0459893488
    0.0324380236
   -0.0263152872
   -0.0621468018
   -0.0374903872
    0.0020490791
    0.0101538276
    0.0062685038
    0.0045770774
   -0.0028923205
   -0.0004785509
    0.0062314016
    0.0410013769
    0.0053186905
   -0.0358477686
   -0.0360797244
   -0.0035851536
    0.0190080251
    0.0105723951
    0.0063184065
   -0.0019971304
    0.0040314743
    0.0106887317
   -0.0113566579
   -0.0211623318
   -0.0075986158
    0.0140142936
    0.0148816514
    0.0084675723
    0.0059082330
   -0.0034703237
   -0.0006249940
    0.0126476184
    0.0169237346
   -0.0031753662
   -0.0079942122
   -0.0037771313
    0.0051162901
    0.0123561881
    0.0099393371
    0.0071564501
   -0.0034042145
    0.0001262504
    0.0204247360
   -0.0012238077
   -0.0026935632
    0.0001103041
    0.0047545421
    0.0084030421
    0.0096609954
    0.0080978944
    0.0063194464
   -0.0046330478
   -0.0037682693
   -0.0006518613
    0.0064721696
   -0.0012658206
    0.0012792986
    0.0054226278
    0.0083344591
    0.0093068765
    0.0086089894
    0.0070662633
   -0.0051264546
   -0.0045124841
   -0.0001937845
    0.0206027678
    0.0001751977
    0.0010072896
    0.0046776639
    0.0081873105
    0.0096327272
    0.0090263452
    0.0076416740
   -0.0056431715
   -0.0048434333
    0.0011232185
    0.0096113653
    0.0015669051
    0.0005095905
    0.0032563123
    0.0067704625
    0.0091233144
    0.0092359634
    0.0080420386
   -0.0058857829
   -0.0045597337
   -0.0007750133
    0.0002280029
   -0.0001116325
    0.0018280713
    0.0048843840
    0.0075872109
    0.0086834029
    0.0081138731
   -0.0057135296
   -0.0042783786
   -0.0023165070
   -0.0011596207
    0.0005310338
    0.0074047508
    0.0076557403
   -0.0052361490
   -0.0039443551
   -0.0023883971
   -0.0111998864
   -0.0156738263
   -0.0162698049
   -0.0026384512
   -0.0029981529
   -0.0045349124
   -0.0091667722
   -0.0167299028
   -0.0214417229
   -0.0186709088
   -0.0116483045
   -0.0022673939
   -0.0020094534
   -0.0021476174
   -0.0049412910
   -0.0139317219
   -0.0249316610
   -0.0267295014
   -0.0182208747
   -0.0020278859
   -0.0013029685
    0.0000595068
    0.0002146233
   -0.0061961115
   -0.0225823462
   -0.0341433733
   -0.0277945819
   -0.0137590013
   -0.0044396006
   -0.0019176287
   -0.0009937130
    0.0019537319
    0.0057937043
    0.0041136393
   -0.0112485953
   -0.0343634248
   -0.0382534257
   -0.0214081420
   -0.0064894354
   -0.0002687723
   -0.0019878338
   -0.0008956463
    0.0023549168
    0.0187719928
    0.0158169899
    0.0053148474
   -0.0220397591
   -0.0414732017
   -0.0303707985
   -0.0095947707
    0.0004565015
    0.0025582739
   -0.0022981288
   -0.0009614193
    0.0013004910
    0.0346881049
    0.0187725305
   -0.0027180824
   -0.0307005417
   -0.0339886598
   -0.0139797999
    0.0014908836
    0.0043961347
    0.0038916007
   -0.0015228072
    0.0008871999
    0.0140761823
    0.0094487380
   -0.0130540719
   -0.0265274062
   -0.0165582897
    0.0005598947
    0.0066600125
    0.0054946894
   -0.0023954337
   -0.0002283436
    0.0052957390
    0.0147662689
   -0.0015898949
   -0.0138997486
   -0.0133991148
   -0.0022251020
    0.0068637734
    0.0070807717
    0.0054513280
   -0.0018614369
    0.0015015163
    0.0170541666
    0.0224100542
    0.0014536157
   -0.0050546450
   -0.0072162252
   -0.0023422930
    0.0045557630
    0.0074262660
    0.0064597786
   -0.0031026093
   -0.0013966338
    0.0032698281
    0.0232124937
    0.0301720584
    0.0026038997
   -0.0015404461
   -0.0026038436
   -0.0003653661
    0.0035582062
    0.0065901176
    0.0069403658
    0.0058904020
   -0.0031567781
   -0.0013064437
    0.0040556894
    0.0252001516
    0.0114032694
   -0.0000016736
   -0.0005486754
    0.0011421133
    0.0039246162
    0.0061723231
    0.0069898617
    0.0064068231
   -0.0033610575
   -0.0014392394
    0.0054157983
    0.0141551758
    0.0024348989
    0.0002134854
    0.0015347189
    0.0039940816
    0.0061189430
    0.0070064111
    0.0067108638
   -0.0042163747
   -0.0035671478
   -0.0012859374
    0.0039858739
    0.0033123039
    0.0006158508
    0.0012775049
    0.0034108205
    0.0056266742
    0.0068436197
    0.0068311499
   -0.0043804955
   -0.0035745557
   -0.0013347880
    0.0007623086
    0.0003856904
    0.0007609873
    0.0046351087
    0.0062025602
    0.0066464794
   -0.0043650923
   -0.0034294507
   -0.0017984587
   -0.0007194962
    0.0000404440
   -0.0032183003
   -0.0019928883
   -0.0134821277
   -0.0020954354
   -0.0028533826
   -0.0104058404
   -0.0153980155
   -0.0162618666
   -0.0013523303
   -0.0011148089
   -0.0024311612
   -0.0071876459
   -0.0149223840
   -0.0198494921
   -0.0174208972
   -0.0107603689
   -0.0016945083
   -0.0008968618
    0.0004479649
    0.0010334233
   -0.0019991008
   -0.0106225954
   -0.0206504168
   -0.0225698218
   -0.0154893037
   -0.0007856407
    0.0013482150
    0.0050322325
    0.0042985711
   -0.0028808291
   -0.0161712687
   -0.0250796378
   -0.0208182902
   -0.0104013195
   -0.0030662553
   -0.0009341038
    0.0011871781
    0.0089550317
    0.0153688597
    0.0060796775
   -0.0067785780
   -0.0215408379
   -0.0241196546
   -0.0141039900
   -0.0040910802
    0.0004492354
   -0.0012949668
    0.0005370236
    0.0074396930
    0.0216710466
    0.0031405280
   -0.0122943045
   -0.0218974683
   -0.0167009780
   -0.0055626475
    0.0009071181
    0.0025662934
   -0.0018265716
   -0.0002195842
    0.0034464247
    0.0394551781
    0.0112757287
   -0.0027025882
   -0.0143922304
   -0.0156412912
   -0.0070792011
    0.0009262307
    0.0034807767
   -0.0011791211
    0.0013655476
    0.0105321398
    0.0229893452
    0.0025138043
   -0.0063413220
   -0.0109047648
   -0.0070397432
    0.0001082174
    0.0039807925
    0.0043465760
   -0.0021168323
   -0.0003600655
    0.0035278368
    0.0159997042
    0.0191795386
    0.0034536391
   -0.0015496371
   -0.0055511823
   -0.0049389009
   -0.0004540665
    0.0036632483
    0.0048818776
   -0.0018267185
    0.0004074950
    0.0050028974
    0.0088446092
    0.0030701653
    0.0001239749
   -0.0020091895
   -0.0022913346
    0.0000683017
    0.0031903324
    0.0049423128
    0.0049884947
   -0.0016349353
    0.0007764905
    0.0044132465
    0.0049515998
    0.0011119799
   -0.0003292981
   -0.0004601886
    0.0009802824
    0.0031682231
    0.0048123588
    0.0052377561
   -0.0028274196
   -0.0016024935
    0.0007531385
    0.0038122539
    0.0026377593
    0.0005368962
    0.0003820005
    0.0015123495
    0.0032687020
    0.0047257004
    0.0053142715
   -0.0028981126
   -0.0016314998
    0.0006253507
    0.0021246969
    0.0010101533
    0.0006234486
    0.0045215488
    0.0052516409
   -0.0029289675
   -0.0016480819
    0.0000340383
    0.0005564703
    0.0004808089
   -0.0028726222
   -0.0017244629
   -0.0006323808
   -0.0000616981
   -0.0007430549
   -0.0012017082
   -0.0037410121
   -0.0133210411
   -0.0142926641
   -0.0009378935
    0.0001415560
    0.0010492017
   -0.0002369625
   -0.0048740177
   -0.0116402186
   -0.0158674146
   -0.0141153871
   -0.0009623707
    0.0004733389
    0.0029729602
    0.0039501923
    0.0001914441
   -0.0072098344
   -0.0147330586
   -0.0163047627
   -0.0114485367
    0.0002539503
    0.0035574304
    0.0089519050
    0.0064476966
   -0.0011130236
   -0.0102966343
   -0.0158973260
   -0.0135212168
   -0.0069923811
   -0.0002580429
    0.0025357335
    0.0112231006
    0.0164732897
    0.0052835443
   -0.0040584565
   -0.0121561221
   -0.0135878972
   -0.0083588311
   -0.0024307519
   -0.0008957997
    0.0011800421
    0.0070164049
    0.0237871449
    0.0129654581
    0.0014061950
   -0.0066022138
   -0.0109435991
   -0.0085969662
   -0.0030442526
    0.0008640889
   -0.0000245753
    0.0031640135
    0.0125808658
    0.0174467942
    0.0046663652
   -0.0018603926
   -0.0067439671
   -0.0071212831
   -0.0033244272
    0.0007419235
    0.0026524616
   -0.0011015256
    0.0009691496
    0.0048525706
    0.0095498799
    0.0050749367
    0.0006357588
   -0.0029917595
   -0.0045542564
   -0.0027643164
    0.0005251799
    0.0027808717
   -0.0006425876
    0.0017065386
    0.0043035936
    0.0036180792
    0.0013079099
   -0.0007279099
   -0.0021334286
   -0.0015542192
    0.0006115359
    0.0027171902
   -0.0017929427
   -0.0003365756
    0.0017353172
    0.0027241653
    0.0016278948
    0.0003295248
   -0.0005560786
    0.0010099232
    0.0026870254
    0.0037471793
   -0.0017043684
   -0.0002737602
    0.0013411355
    0.0017668560
    0.0008783035
    0.0002355376
    0.0027220063
   -0.0016846483
   -0.0003672987
    0.0008535912
    0.0009391356
    0.0005248997
   -0.0016900853
   -0.0005495094
    0.0002541260
    0.0003857233
   -0.0016914220
   -0.0007798298
   -0.0001653883
   -0.0003147074
    0.0005185113
    0.0002788976
   -0.0021601603
   -0.0002304456
    0.0012882636
    0.0025660321
    0.0011985616
   -0.0029954519
   -0.0113058845
   -0.0004417609
    0.0012911956
    0.0040590103
    0.0048462933
    0.0010690779
   -0.0045844948
   -0.0095293514
   -0.0106095603
    0.0007271730
    0.0038094676
    0.0076451456
    0.0052991266
   -0.0004663201
   -0.0061662622
   -0.0093269639
   -0.0000247067
    0.0023972547
    0.0069778150
    0.0085552964
    0.0030896148
   -0.0024132651
   -0.0065961987
   -0.0073022562
   -0.0007746591
    0.0009732799
    0.0041295519
    0.0077135332
    0.0051256301
    0.0004702694
   -0.0034787518
   -0.0002090747
    0.0018791369
    0.0044987131
    0.0046996714
    0.0018809300
   -0.0010515430
    0.0002741460
    0.0021690995
    0.0031348738
    0.0020603170
    0.0002956123
   -0.0012976346
   -0.0009178996
    0.0004850326
    0.0017440972
    0.0017583154
    0.0008425730
   -0.0001647476
   -0.0008004617
    0.0003944543
    0.0011378107
    0.0009505696
    0.0003764376
   -0.0007978906
    0.0001563636
    0.0006145379
    0.0004928049
   -0.0008592020
   -0.0001172793
    0.0002231356
    0.0012044739
    0.0010449142
   -0.0011049081
    0.0016240797
    0.0027147958
    0.0014741422
   -0.0018112227
    0.0013224493
    0.0033195446
    0.0036197938
    0.0009004339
   -0.0028557816
    0.0006319294
    0.0026835882
    0.0043838585
    0.0030062658
   -0.0003513184
   -0.0001287720
    0.0015294194
    0.0035050587
    0.0037554744
    0.0014359277
   -0.0014319570
    0.0004226020
    0.0020644824
    0.0030879213
    0.0021472659
    0.0001043804
    0.0007690550
    0.0019200225
    0.0019558187
    0.0008564764
   -0.0005134432
   -0.0002887090
    0.0007800664
    0.0013418271
    0.0010071137
    0.0002058275
   -0.0002317839
    0.0005457405
    0.0007711344
    0.0004662909
   -0.0002984089
    0.0002500187
    0.0003746170
    0.0011886557
    0.0010262036
    0.0012824947
    0.0019385895
    0.0010196400
    0.0008829806
    0.0020270161
    0.0020397912
    0.0004237694
    0.0014707579
    0.0021677688
    0.0014200127
   -0.0003488041
    0.0006827284
    0.0016205866
    0.0016477944
    0.0005770112
    0.0008303230
    0.0013030592
    0.0009164489
    0.0006958792
    0.0008078495
    0.0003698299
    0.0004256583
