   -0.0570915180
   -0.0583556403
   -0.0581227153
   -0.0593431068
   -0.0605741135
   -0.0592312571
   -0.0607296669
   -0.0618920339
   -0.0629710151
   -0.0623244467
   -0.0637802464
   -0.0648294257
   -0.0656090073
   -0.0632165093
   -0.0635329592
   -0.0658927985
   -0.0673567870
   -0.0680901559
   -0.0662693232
   -0.0636626190
   -0.0674395450
   -0.0699685840
   -0.0712879649
   -0.0699562749
   -0.0669988835
   -0.0640163265
   -0.0717650802
   -0.0743769016
   -0.0755912609
   -0.0745723469
   -0.0711916145
   -0.0676918215
   -0.0763697921
   -0.0765782702
   -0.0723169435
   -0.0782139858
   -0.1051724601
   -0.1078690226
   -0.1070744600
   -0.1073619306
   -0.1097876207
   -0.1058025350
   -0.1091057911
   -0.1082970103
   -0.1075849794
   -0.0564146983
   -0.0556482690
   -0.0570911642
   -0.0585020103
   -0.0599250519
   -0.0563901847
   -0.0579193016
   -0.0590277000
   -0.0605296684
   -0.0619140999
   -0.0590327672
   -0.0599505708
   -0.0610268814
   -0.0625888322
   -0.0638415984
   -0.0631068862
   -0.0608220542
   -0.0601006811
   -0.0616818593
   -0.0622283624
   -0.0635065734
   -0.0646886786
   -0.0656927364
   -0.0636687589
   -0.0610412424
   -0.0606912225
   -0.0634858626
   -0.0647859475
   -0.0655438120
   -0.0662602016
   -0.0671649451
   -0.0682932856
   -0.0664339060
   -0.0639545400
   -0.0610903702
   -0.0644823200
   -0.0674253582
   -0.0689572670
   -0.0694539754
   -0.0694007993
   -0.0706264906
   -0.0712691817
   -0.0695213787
   -0.0667875903
   -0.0641352455
   -0.0609935717
   -0.0688020239
   -0.0721421108
   -0.0738196417
   -0.0735862729
   -0.0738017449
   -0.0749406016
   -0.0736328914
   -0.0701886956
   -0.0671766984
   -0.0643057162
   -0.0688628716
   -0.0736913715
   -0.0774252181
   -0.0788328460
   -0.0786629427
   -0.0795266635
   -0.0790189861
   -0.0752504807
   -0.0709707084
   -0.0678507677
   -0.0642915913
   -0.0736228990
   -0.0789994469
   -0.0828500990
   -0.0842300927
   -0.0850108469
   -0.0852835805
   -0.0821310555
   -0.0767426644
   -0.0722771526
   -0.0683499950
   -0.0786983543
   -0.0844388009
   -0.0883510814
   -0.0904917781
   -0.0917672889
   -0.0900303028
   -0.0846250877
   -0.0785212166
   -0.0733270868
   -0.0944210629
   -0.0975608208
   -0.0979959071
   -0.0938069915
   -0.0868010603
   -0.0797988718
   -0.0959126079
   -0.1015271468
   -0.1049279067
   -0.1033273904
   -0.0880040482
   -0.1029031399
   -0.1095301392
   -0.1117779746
   -0.1070757398
   -0.1016876057
   -0.1108877035
   -0.1173356753
   -0.1165110197
   -0.1079896022
   -0.1089939209
   -0.1187109228
   -0.1226902370
   -0.1172530575
   -0.1054940021
   -0.1159446680
   -0.1240066951
   -0.1232731451
   -0.1135558432
   -0.1101679104
   -0.1205199469
   -0.1244530723
   -0.1187292288
   -0.1067619202
   -0.1136971845
   -0.1208142528
   -0.1197389035
   -0.1108338630
   -0.1138142886
   -0.1165513140
   -0.1116616542
   -0.1102964304
   -0.1091825992
   -0.0566528737
   -0.0556550228
   -0.0573449404
   -0.0590085633
   -0.0605842670
   -0.0563397949
   -0.0579958169
   -0.0593678533
   -0.0611750301
   -0.0627574654
   -0.0569596742
   -0.0588993081
   -0.0596139430
   -0.0609679336
   -0.0631327656
   -0.0646645044
   -0.0638318516
   -0.0612606962
   -0.0599808020
   -0.0608253721
   -0.0601686173
   -0.0627355705
   -0.0647877852
   -0.0664349742
   -0.0673297489
   -0.0665375222
   -0.0643804565
   -0.0614453156
   -0.0607637605
   -0.0629928329
   -0.0617267749
   -0.0618867606
   -0.0647170335
   -0.0663320963
   -0.0684323446
   -0.0688029298
   -0.0672126139
   -0.0646122074
   -0.0614333568
   -0.0609660674
   -0.0645710175
   -0.0661266486
   -0.0643831402
   -0.0659543725
   -0.0663665605
   -0.0687707444
   -0.0707814810
   -0.0697622698
   -0.0673469480
   -0.0646195502
   -0.0612563263
   -0.0650318811
   -0.0689975155
   -0.0705979532
   -0.0706028471
   -0.0692117667
   -0.0693457251
   -0.0728178686
   -0.0727894561
   -0.0696654614
   -0.0671705943
   -0.0645673011
   -0.0609022919
   -0.0697173179
   -0.0743367637
   -0.0769751333
   -0.0762305531
   -0.0731178472
   -0.0755319762
   -0.0772215460
   -0.0733277918
   -0.0689962307
   -0.0674542877
   -0.0644508456
   -0.0691625729
   -0.0751022877
   -0.0806196500
   -0.0836144331
   -0.0814400727
   -0.0805288629
   -0.0830763056
   -0.0800013654
   -0.0729803858
   -0.0700256085
   -0.0680770413
   -0.0640669560
   -0.0742362487
   -0.0811014792
   -0.0872771971
   -0.0896175862
   -0.0883982698
   -0.0899424932
   -0.0887196342
   -0.0814369226
   -0.0748221614
   -0.0721283332
   -0.0682367312
   -0.0797413467
   -0.0873511096
   -0.0934451014
   -0.0957526591
   -0.0972914076
   -0.0978876536
   -0.0922506458
   -0.0838150100
   -0.0779774818
   -0.0731846837
   -0.0854559035
   -0.0933968192
   -0.0994117491
   -0.1034916941
   -0.1064352548
   -0.1038518655
   -0.0955380345
   -0.0868033359
   -0.0796171632
   -0.0728296809
   -0.0994924599
   -0.1067390963
   -0.1131685462
   -0.1152096914
   -0.1090449073
   -0.0984843013
   -0.0882186984
   -0.0792560649
   -0.0972441183
   -0.1067542996
   -0.1166000851
   -0.1242897888
   -0.1231603369
   -0.1125768673
   -0.0992338919
   -0.1041933671
   -0.1162230335
   -0.1286898713
   -0.1347437530
   -0.1275961917
   -0.1123080304
   -0.0997173950
   -0.1126102699
   -0.1275865446
   -0.1401488262
   -0.1399932505
   -0.1258975294
   -0.1079987289
   -0.1066859755
   -0.1220443865
   -0.1380925953
   -0.1456697584
   -0.1369131303
   -0.1188653282
   -0.1012008573
   -0.1138748449
   -0.1303193539
   -0.1430343526
   -0.1419425671
   -0.1273858123
   -0.1093259699
   -0.1197589579
   -0.1340681167
   -0.1395515775
   -0.1312960401
   -0.1154783520
   -0.1087157718
   -0.1222550375
   -0.1312773923
   -0.1295992215
   -0.1183171685
   -0.1038554619
   -0.1102350909
   -0.1201422214
   -0.1231751253
   -0.1172362517
   -0.1058736116
   -0.1086222208
   -0.1140597645
   -0.1126653698
   -0.1051851481
   -0.0555889496
   -0.0575899816
   -0.0595030710
   -0.0611882374
   -0.0562492086
   -0.0582845183
   -0.0601864249
   -0.0622000110
   -0.0638532546
   -0.0568290062
   -0.0590050086
   -0.0604173258
   -0.0623655234
   -0.0646193074
   -0.0662103329
   -0.0646000430
   -0.0615944879
   -0.0572367692
   -0.0598863209
   -0.0608792087
   -0.0605605844
   -0.0640733272
   -0.0664813074
   -0.0681782451
   -0.0689001213
   -0.0677794391
   -0.0651330383
   -0.0617214301
   -0.0606659464
   -0.0625658193
   -0.0581574928
   -0.0584518720
   -0.0654527842
   -0.0676721271
   -0.0699004159
   -0.0702436130
   -0.0684627604
   -0.0653363975
   -0.0616573610
   -0.0610039282
   -0.0643796223
   -0.0628835159
   -0.0467205853
   -0.0614757569
   -0.0656048171
   -0.0689175327
   -0.0716086383
   -0.0711065285
   -0.0687499602
   -0.0653212217
   -0.0614395238
   -0.0651563020
   -0.0684387244
   -0.0595044099
   -0.0557364218
   -0.0641822567
   -0.0655664396
   -0.0716054848
   -0.0730964857
   -0.0710931938
   -0.0685386779
   -0.0651176381
   -0.0610360039
   -0.0650159040
   -0.0700859874
   -0.0732399214
   -0.0681633260
   -0.0689535756
   -0.0633243990
   -0.0698675703
   -0.0755145362
   -0.0728202905
   -0.0689924253
   -0.0681663584
   -0.0647624914
   -0.0604164965
   -0.0698880797
   -0.0760363795
   -0.0804698162
   -0.0810990454
   -0.0721331484
   -0.0689258407
   -0.0790442378
   -0.0776117017
   -0.0672610056
   -0.0675670730
   -0.0682389155
   -0.0642217883
   -0.0688339568
   -0.0755774704
   -0.0830968926
   -0.0897964287
   -0.0889920324
   -0.0780563169
   -0.0837806315
   -0.0865227556
   -0.0747538460
   -0.0639252928
   -0.0703327127
   -0.0682425820
   -0.0634063197
   -0.0740459408
   -0.0820673641
   -0.0911577046
   -0.0983558450
   -0.0944660177
   -0.0919829828
   -0.0967118116
   -0.0885792402
   -0.0734522978
   -0.0722396693
   -0.0724826580
   -0.0677079666
   -0.0798032352
   -0.0890652554
   -0.0988227549
   -0.1037605536
   -0.1025710861
   -0.1058143770
   -0.1023488127
   -0.0897552362
   -0.0805670799
   -0.0777999349
   -0.0727157220
   -0.0858877084
   -0.0958853408
   -0.1047643324
   -0.1093950557
   -0.1137589451
   -0.1151332429
   -0.1057377532
   -0.0942222785
   -0.0860913927
   -0.0790005374
   -0.0717048264
   -0.1021968005
   -0.1108197810
   -0.1191087398
   -0.1265585711
   -0.1235540131
   -0.1111379509
   -0.0983013165
   -0.0874223275
   -0.0779772476
   -0.0982388394
   -0.1090296456
   -0.1203504846
   -0.1341814849
   -0.1414696400
   -0.1323607478
   -0.1148737904
   -0.0987604756
   -0.0858781037
   -0.1051331780
   -0.1184305215
   -0.1357350522
   -0.1534123440
   -0.1545348609
   -0.1356473312
   -0.1133845879
   -0.0996114573
   -0.1136791055
   -0.1319887687
   -0.1552513516
   -0.1694567839
   -0.1568932551
   -0.1305084306
   -0.1075472327
   -0.1067086871
   -0.1243777205
   -0.1481138916
   -0.1711158622
   -0.1712127378
   -0.1470286821
   -0.1202648705
   -0.1146215840
   -0.1358952029
   -0.1607021121
   -0.1727227525
   -0.1579645001
   -0.1317312733
   -0.1088303162
   -0.1222841904
   -0.1443188535
   -0.1620452616
   -0.1594084099
   -0.1391216954
   -0.1165888102
   -0.1094472642
   -0.1274377101
   -0.1451553538
   -0.1514064697
   -0.1403576448
   -0.1214730739
   -0.1034390123
   -0.1125064426
   -0.1277750677
   -0.1377822604
   -0.1352833837
   -0.1224144089
   -0.1067312616
   -0.1124938794
   -0.1228830990
   -0.1257811151
   -0.1192685905
   -0.1074081576
   -0.1091710566
   -0.1144857304
   -0.1129123144
   -0.1053745446
   -0.0575031315
   -0.0595741102
   -0.0560031792
   -0.0583740327
   -0.0606725088
   -0.0628526973
   -0.0646077466
   -0.0565763361
   -0.0591058098
   -0.0613971782
   -0.0638696652
   -0.0660886785
   -0.0677399616
   -0.0569845773
   -0.0598185428
   -0.0618788245
   -0.0637903144
   -0.0668208389
   -0.0689260371
   -0.0705326380
   -0.0691358198
   -0.0657583385
   -0.0618159087
   -0.0604719513
   -0.0627768061
   -0.0614177933
   -0.0636548251
   -0.0689203260
   -0.0709963654
   -0.0727904112
   -0.0724757401
   -0.0698044560
   -0.0657765208
   -0.0616332188
   -0.0608391547
   -0.0641362493
   -0.0617992693
   -0.0355767993
   -0.0631398339
   -0.0692656864
   -0.0723447157
   -0.0743610945
   -0.0732656122
   -0.0699773243
   -0.0655959483
   -0.0613648150
   -0.0607778590
   -0.0649754013
   -0.0674055174
   -0.0642868530
   -0.0677912826
   -0.0736909542
   -0.0752154076
   -0.0736572606
   -0.0700117081
   -0.0653950888
   -0.0609736899
   -0.0650347345
   -0.0699459924
   -0.0655409035
   -0.0518229155
   -0.0579215782
   -0.0680149455
   -0.0756332550
   -0.0752625725
   -0.0730951112
   -0.0697840392
   -0.0650156867
   -0.0603634288
   -0.0644911948
   -0.0700458969
   -0.0761396111
   -0.0645123823
   -0.0538518212
   -0.0539919852
   -0.0522723897
   -0.0748023845
   -0.0767308498
   -0.0685379107
   -0.0701168894
   -0.0692523562
   -0.0643465202
   -0.0693273307
   -0.0762030396
   -0.0836279101
   -0.0840652496
   -0.0778966514
   -0.0413896879
   -0.0699392734
   -0.0833218455
   -0.0668605772
   -0.0703099558
   -0.0686011439
   -0.0634232432
   -0.0750047357
   -0.0837035805
   -0.0940278817
   -0.1038216150
   -0.0799378611
   -0.0682506941
   -0.0944029249
   -0.0833302888
   -0.0538746395
   -0.0723462786
   -0.0677322129
   -0.0731649115
   -0.0816472273
   -0.0925846045
   -0.1073716830
   -0.1124012492
   -0.0912532228
   -0.1032680721
   -0.1029342176
   -0.0740747382
   -0.0462156222
   -0.0742978559
   -0.0724832917
   -0.0665738390
   -0.0789575485
   -0.0890474278
   -0.1019796040
   -0.1151897929
   -0.1124629699
   -0.1112406116
   -0.1173464317
   -0.0988664521
   -0.0795771969
   -0.0791934137
   -0.0780283078
   -0.0715629352
   -0.0851930147
   -0.0965481706
   -0.1091904741
   -0.1167219191
   -0.1189235352
   -0.1259151889
   -0.1171007989
   -0.1008570831
   -0.0919384595
   -0.0856159720
   -0.0776807188
   -0.0699902080
   -0.0915688589
   -0.1034427144
   -0.1140364545
   -0.1205829364
   -0.1333263697
   -0.1377907529
   -0.1239537978
   -0.1095772536
   -0.0969922276
   -0.0856859061
   -0.0759488249
   -0.0979535757
   -0.1100989167
   -0.1196542144
   -0.1352581145
   -0.1562759046
   -0.1564571710
   -0.1358147787
   -0.1138256421
   -0.0965449556
   -0.0834192708
   -0.1047308077
   -0.1182639106
   -0.1339831511
   -0.1638027605
   -0.1857731995
   -0.1711395242
   -0.1377325594
   -0.1111389368
   -0.0982488002
   -0.1127998718
   -0.1312132228
   -0.1605188044
   -0.1974735500
   -0.2029994455
   -0.1667888397
   -0.1295359392
   -0.1044097708
   -0.1050165933
   -0.1231783622
   -0.1502508824
   -0.1901488676
   -0.2160717494
   -0.1920619150
   -0.1494588053
   -0.1175396209
   -0.1127453285
   -0.1358496971
   -0.1706374888
   -0.2063446697
   -0.2030300269
   -0.1657258895
   -0.1304595264
   -0.1055907970
   -0.1209821824
   -0.1480531896
   -0.1814793790
   -0.1956394132
   -0.1730978722
   -0.1404340919
   -0.1141186092
   -0.1280133318
   -0.1541100751
   -0.1745893063
   -0.1691971224
   -0.1450448615
   -0.1204580492
   -0.1117294029
   -0.1311497120
   -0.1500835912
   -0.1557748163
   -0.1431164258
   -0.1233920501
   -0.1049537189
   -0.1133041597
   -0.1286599478
   -0.1382721821
   -0.1352318378
   -0.1223246357
   -0.1068880789
   -0.1115802028
   -0.1213594805
   -0.1238262199
   -0.1175045969
   -0.1062239198
   -0.1116125927
   -0.1100608022
   -0.0580277266
   -0.0604764682
   -0.0627611921
   -0.0588832319
   -0.0615734336
   -0.0642777663
   -0.0666780437
   -0.0684958468
   -0.0595916545
   -0.0623935228
   -0.0654068947
   -0.0683544177
   -0.0706627791
   -0.0723484702
   -0.0701462976
   -0.0661571621
   -0.0601686226
   -0.0630953856
   -0.0656700134
   -0.0693666528
   -0.0722071244
   -0.0743682781
   -0.0758501507
   -0.0748019520
   -0.0710355816
   -0.0660640957
   -0.0614811423
   -0.0605228446
   -0.0639274323
   -0.0653120738
   -0.0636026219
   -0.0721453735
   -0.0748246105
   -0.0774425232
   -0.0784199942
   -0.0758612783
   -0.0707730136
   -0.0654572723
   -0.0610752289
   -0.0605370669
   -0.0646099938
   -0.0671539282
   -0.0723105049
   -0.0756842324
   -0.0794962498
   -0.0793575116
   -0.0757035551
   -0.0698916103
   -0.0649613446
   -0.0606578733
   -0.0647744824
   -0.0692455950
   -0.0572552492
   -0.0433875809
   -0.0677770631
   -0.0753350582
   -0.0799364617
   -0.0789113075
   -0.0751064822
   -0.0694711275
   -0.0647044685
   -0.0600992167
   -0.0644338737
   -0.0696073354
   -0.0739727431
   -0.0482687362
   -0.0565502081
   -0.0764196377
   -0.0784136303
   -0.0769403196
   -0.0741768046
   -0.0695701215
   -0.0642004738
   -0.0592983944
   -0.0692554840
   -0.0754460858
   -0.0754102220
   -0.0305851226
   -0.0596020419
   -0.0789567889
   -0.0709922515
   -0.0590031083
   -0.0734087086
   -0.0689661699
   -0.0632925199
   -0.0683380585
   -0.0749531262
   -0.0828869313
   -0.0812053277
   -0.0708637267
   -0.0863625149
   -0.0760374829
   -0.0734528656
   -0.0677795592
   -0.0621191006
   -0.0738120408
   -0.0821439504
   -0.0933953274
   -0.1100135198
   -0.1025158678
   -0.0875646380
   -0.1017396841
   -0.0697522242
   -0.0726371250
   -0.0664104908
   -0.0802636176
   -0.0911974454
   -0.1086797311
   -0.1373529596
   -0.1071153773
   -0.0920542228
   -0.1300197609
   -0.0906722114
   -0.0773975130
   -0.0712428945
   -0.0649190479
   -0.0774717644
   -0.0876616719
   -0.1012927103
   -0.1221386768
   -0.1331910835
   -0.1140570757
   -0.1326150532
   -0.1152950067
   -0.0809199765
   -0.0697654971
   -0.0826745416
   -0.0769120344
   -0.0696970094
   -0.0836439101
   -0.0954271593
   -0.1101571058
   -0.1242350628
   -0.1224002959
   -0.1294699857
   -0.1287220217
   -0.0953287743
   -0.0943939530
   -0.0919986151
   -0.0842227060
   -0.0754616458
   -0.1028159175
   -0.1161412795
   -0.1167236289
   -0.1235530900
   -0.1449643613
   -0.1261739153
   -0.1149941653
   -0.1073204699
   -0.0946355007
   -0.0828755995
   -0.0964420497
   -0.1098366282
   -0.1191258404
   -0.1533595314
   -0.1746835808
   -0.1588429407
   -0.1334211991
   -0.1102095015
   -0.0928480150
   -0.0801722318
   -0.1030365933
   -0.1175603571
   -0.1226216210
   -0.1463132795
   -0.1995876016
   -0.2149792367
   -0.1760276570
   -0.1334584806
   -0.1063156593
   -0.1104907313
   -0.1282234526
   -0.1509568161
   -0.2016135636
   -0.2427774260
   -0.2231898543
   -0.1645735111
   -0.1237416700
   -0.0993988632
   -0.1020454515
   -0.1196938367
   -0.1453840679
   -0.1903562802
   -0.2447327105
   -0.2484184325
   -0.1953731980
   -0.1437530564
   -0.1117747124
   -0.1090355671
   -0.1312924666
   -0.1682294487
   -0.2249555649
   -0.2516429157
   -0.2136234526
   -0.1618445648
   -0.1246046203
   -0.1004642372
   -0.1167564175
   -0.1443469500
   -0.1883113915
   -0.2304222940
   -0.2171360596
   -0.1730660765
   -0.1355566324
   -0.1089938046
   -0.1242604445
   -0.1544969759
   -0.1913354065
   -0.2027858608
   -0.1755281837
   -0.1423968518
   -0.1160146088
   -0.1293741869
   -0.1557910631
   -0.1749758617
   -0.1676881536
   -0.1438903743
   -0.1203528450
   -0.1110505898
   -0.1297254191
   -0.1470739010
   -0.1514730221
   -0.1394563683
   -0.1212686406
   -0.1039575638
   -0.1109411048
   -0.1247736744
   -0.1329512271
   -0.1300243580
   -0.1185399541
   -0.1045450951
   -0.1161999182
   -0.1181730315
   -0.1126831137
   -0.0582408514
   -0.0610039336
   -0.0637308612
   -0.0662467178
   -0.0590465932
   -0.0620745312
   -0.0651825580
   -0.0682758520
   -0.0709924376
   -0.0596606374
   -0.0629320906
   -0.0662970586
   -0.0700270889
   -0.0733155426
   -0.0761160642
   -0.0761496754
   -0.0717725358
   -0.0662500226
   -0.0600404071
   -0.0636459561
   -0.0668903923
   -0.0709804712
   -0.0754345652
   -0.0784384036
   -0.0813667516
   -0.0818715336
   -0.0781590773
   -0.0716672388
   -0.0655257219
   -0.0607717515
   -0.0601158491
   -0.0641961064
   -0.0674472328
   -0.0675526252
   -0.0734851012
   -0.0797284097
   -0.0831003993
   -0.0860919861
   -0.0844357305
   -0.0778602659
   -0.0698661309
   -0.0645392853
   -0.0602356376
   -0.0643923641
   -0.0684973055
   -0.0639918622
   -0.0691659701
   -0.0815479819
   -0.0867359552
   -0.0885398107
   -0.0838965646
   -0.0743973841
   -0.0676069787
   -0.0639934240
   -0.0596598825
   -0.0641668358
   -0.0689439683
   -0.0702199420
   -0.0663249481
   -0.0802507523
   -0.0877717921
   -0.0858865050
   -0.0793794701
   -0.0674784536
   -0.0675444366
   -0.0636423996
   -0.0688386958
   -0.0727283918
   -0.0491818368
   -0.0764451057
   -0.0818746887
   -0.0763129167
   -0.0631649423
   -0.0684995707
   -0.0682684448
   -0.0629179309
   -0.0682854144
   -0.0736300250
   -0.0687944881
   -0.0789970947
   -0.0647504089
   -0.0732244423
   -0.0675624411
   -0.0618051197
   -0.0736691098
   -0.0785098160
   -0.0692787972
   -0.0589671304
   -0.0751232524
   -0.0639889020
   -0.0728513450
   -0.0661394946
   -0.0723693724
   -0.0801594436
   -0.0878236905
   -0.0988713998
   -0.1241875074
   -0.0579247597
   -0.0763898065
   -0.0709435376
   -0.0645839356
   -0.0785395807
   -0.0886335127
   -0.1031999125
   -0.1366425479
   -0.1365867031
   -0.0752127914
   -0.0760567370
   -0.0691659024
   -0.0856594341
   -0.0986268265
   -0.1181885635
   -0.1464009885
   -0.1231804974
   -0.1208795481
   -0.0567222199
   -0.0627621525
   -0.0806883017
   -0.0818055306
   -0.0744240933
   -0.0674136832
   -0.0933317122
   -0.1080642906
   -0.1254788008
   -0.1269813021
   -0.1167488168
   -0.1269373620
   -0.0682737697
   -0.0949831063
   -0.0904454805
   -0.0810528360
   -0.0726896282
   -0.1008208444
   -0.1155915928
   -0.1223168152
   -0.1266367428
   -0.1115475243
   -0.1120009944
   -0.1044017954
   -0.0904825325
   -0.0793202400
   -0.1079281659
   -0.1219085703
   -0.1622175431
   -0.1614122148
   -0.1521424891
   -0.1278454054
   -0.1044398022
   -0.0881274487
   -0.1002314287
   -0.1155200378
   -0.1255219077
   -0.1610637149
   -0.2027697723
   -0.2222250479
   -0.1678400730
   -0.1248771838
   -0.0999376762
   -0.1069277582
   -0.1249230531
   -0.1392250370
   -0.1687668267
   -0.2170631909
   -0.1527963059
   -0.1152075422
   -0.0982018712
   -0.1147577810
   -0.1380518490
   -0.1745837346
   -0.2202071553
   -0.2288964572
   -0.1822862108
   -0.1331935056
   -0.1044159702
   -0.1042508198
   -0.1243499931
   -0.1570233586
   -0.2158558763
   -0.1990811216
   -0.1505716254
   -0.1162066961
   -0.1109112188
   -0.1357489780
   -0.1791890304
   -0.2427564443
   -0.2486448088
   -0.2055923343
   -0.1626439342
   -0.1270259117
   -0.1023598714
   -0.1177729121
   -0.1467984759
   -0.1922701032
   -0.2302221177
   -0.2091936792
   -0.1684156974
   -0.1348567620
   -0.1094423210
   -0.1234814838
   -0.1524565068
   -0.1852589371
   -0.1927416228
   -0.1676062723
   -0.1385547563
   -0.1145433902
   -0.1259534729
   -0.1488985654
   -0.1641027554
   -0.1575123811
   -0.1374863150
   -0.1168917878
   -0.1237865329
   -0.1378243222
   -0.1410639191
   -0.1313662839
   -0.1160918116
   -0.1174716968
   -0.1238844090
   -0.1215401553
   -0.1122070951
   -0.1103476079
   -0.0611640791
   -0.0641781538
   -0.0672344041
   -0.0700053429
   -0.0588392909
   -0.0622071315
   -0.0655056711
   -0.0690113659
   -0.0726943088
   -0.0758239915
   -0.0593024168
   -0.0630503976
   -0.0665995234
   -0.0702596334
   -0.0746866860
   -0.0791187820
   -0.0824955172
   -0.0829021046
   -0.0789295129
   -0.0721547253
   -0.0656092053
   -0.0636456421
   -0.0674811605
   -0.0706487753
   -0.0746228555
   -0.0814056589
   -0.0865418998
   -0.0897987554
   -0.0876679892
   -0.0798685381
   -0.0709375193
   -0.0646141094
   -0.0638968707
   -0.0682230629
   -0.0700602502
   -0.0639856686
   -0.0782395690
   -0.0887587063
   -0.0947917719
   -0.0964793706
   -0.0893325069
   -0.0767870884
   -0.0681818320
   -0.0636437764
   -0.0637457857
   -0.0686018046
   -0.0709123511
   -0.0846503494
   -0.0962453773
   -0.1023986506
   -0.0986694867
   -0.0838888192
   -0.0666826692
   -0.0663099628
   -0.0630193849
   -0.0685068112
   -0.0719822881
   -0.0923012049
   -0.1016979658
   -0.1022259053
   -0.0897202057
   -0.0574415013
   -0.0667476861
   -0.0623410258
   -0.0680476381
   -0.0725423969
   -0.0886556371
   -0.0964318651
   -0.0762494882
   -0.0677241139
   -0.0668083316
   -0.0613243062
   -0.0731426046
   -0.0682408619
   -0.0814640502
   -0.0721338412
   -0.0656852717
   -0.0724761616
   -0.0781291324
   -0.0716349493
   -0.0739992135
   -0.0706330123
   -0.0641392736
   -0.0788096166
   -0.0850500426
   -0.0806271411
   -0.0752237722
   -0.0686011644
   -0.0765201029
   -0.0866423615
   -0.0984129131
   -0.1179350626
   -0.0739465603
   -0.0747712853
   -0.0732255606
   -0.0668022811
   -0.0833003873
   -0.0960683623
   -0.1126312798
   -0.1334604590
   -0.1162358193
   -0.0748684071
   -0.0269768552
   -0.0731275675
   -0.0778511018
   -0.0716158293
   -0.0906853315
   -0.1055002485
   -0.1218072122
   -0.1275035099
   -0.0958129539
   -0.0817594111
   -0.0832689601
   -0.0910336686
   -0.0846919503
   -0.0774089227
   -0.0697446741
   -0.0980414692
   -0.1134036887
   -0.1266270394
   -0.0873808249
   -0.1129515715
   -0.0979914688
   -0.0854249506
   -0.0755870381
   -0.1049128680
   -0.1206268721
   -0.1228594902
   -0.1268702253
   -0.1491976740
   -0.1190732079
   -0.0973234198
   -0.0831211940
   -0.1117308134
   -0.1292025269
   -0.2132094800
   -0.1519854590
   -0.1143593567
   -0.0930620370
   -0.1025300717
   -0.1196265899
   -0.1396235007
   -0.1955886280
   -0.1372187918
   -0.1058131283
   -0.1089864285
   -0.1296775439
   -0.1582135012
   -0.1877921335
   -0.2102199901
   -0.1630678166
   -0.1210048028
   -0.0989800393
   -0.1165485229
   -0.1433471154
   -0.1910389337
   -0.1809911875
   -0.1366557355
   -0.1069061378
   -0.1044868351
   -0.1254992926
   -0.1612619170
   -0.2261379360
   -0.1854564104
   -0.1491010643
   -0.1169211435
   -0.1102368681
   -0.1350372797
   -0.1774159961
   -0.2353447162
   -0.2368077301
   -0.1924295960
   -0.1561996019
   -0.1250265753
   -0.1018447419
   -0.1155085633
   -0.1421898047
   -0.1805289997
   -0.2093603896
   -0.1923565074
   -0.1586038355
   -0.1299516663
   -0.1071901337
   -0.1188864594
   -0.1430880675
   -0.1677057228
   -0.1729575485
   -0.1545271536
   -0.1310822406
   -0.1104220825
   -0.1189093796
   -0.1366922215
   -0.1475849001
   -0.1430685274
   -0.1279903726
   -0.1110682274
   -0.1151613510
   -0.1256661514
   -0.1280614822
   -0.1210039592
   -0.1089900295
   -0.1133605355
   -0.1116653207
   -0.0609941984
   -0.0642153578
   -0.0675419739
   -0.0710048547
   -0.0619800872
   -0.0655293245
   -0.0690184623
   -0.0732266174
   -0.0776810677
   -0.0627106806
   -0.0667185950
   -0.0700930891
   -0.0739002810
   -0.0803328214
   -0.0860380800
   -0.0891972491
   -0.0871821127
   -0.0799353986
   -0.0713538568
   -0.0644934229
   -0.0630911353
   -0.0676864993
   -0.0713212820
   -0.0698867737
   -0.0787540089
   -0.0896744398
   -0.0966276469
   -0.0985537532
   -0.0914939051
   -0.0793649458
   -0.0697015963
   -0.0635335922
   -0.0630569103
   -0.0682097326
   -0.0727297449
   -0.0645213614
   -0.0886503935
   -0.1017742913
   -0.1098424008
   -0.1067519861
   -0.0905335387
   -0.0742885752
   -0.0674903387
   -0.0626010516
   -0.0681857728
   -0.0734320601
   -0.0688831641
   -0.1034627874
   -0.1171295091
   -0.1232510313
   -0.1066487652
   -0.0743584808
   -0.0661146788
   -0.0663687790
   -0.0617322915
   -0.0677034169
   -0.0732485685
   -0.0705963597
   -0.0898864052
   -0.1187169929
   -0.1313833204
   -0.1199071580
   -0.0758387786
   -0.0659000533
   -0.0659658960
   -0.0607128714
   -0.0730706872
   -0.0708826789
   -0.1147910446
   -0.1256099034
   -0.1005945250
   -0.0675484369
   -0.0702470450
   -0.0650350343
   -0.0723802587
   -0.0769863859
   -0.1049360112
   -0.0712091265
   -0.0700245619
   -0.0635858464
   -0.0786893845
   -0.0753403301
   -0.0833909590
   -0.0752660972
   -0.0680792081
   -0.0770524742
   -0.0863956335
   -0.0850473767
   -0.0849966327
   -0.0350153190
   -0.0680383254
   -0.0725194322
   -0.0661611547
   -0.0845821517
   -0.0975084510
   -0.1134861368
   -0.1106143783
   -0.0740973519
   -0.0705572127
   -0.0934121050
   -0.1107398975
   -0.1277924895
   -0.0682650676
   -0.0749979526
   -0.0688154178
   -0.1026480800
   -0.1208304293
   -0.1268877406
   -0.0780947450
   -0.0868036011
   -0.0775976795
   -0.0804898528
   -0.0740438837
   -0.1107248078
   -0.1265485566
   -0.1251123130
   -0.1191835634
   -0.1053140506
   -0.0908025359
   -0.0807972167
   -0.1010377054
   -0.1173350339
   -0.1327761297
   -0.1705419235
   -0.1386090041
   -0.1082933318
   -0.0903889717
   -0.1071234372
   -0.1242528133
   -0.1371778585
   -0.1905682081
   -0.1338086336
   -0.1039040971
   -0.1133486414
   -0.1329332408
   -0.1332657290
   -0.2266286374
   -0.1682381482
   -0.1217301653
   -0.1029890447
   -0.1207081163
   -0.1446081493
   -0.1632184673
   -0.1982060186
   -0.1427683496
   -0.1090976238
   -0.1088378075
   -0.1302480092
   -0.1652037344
   -0.2141485088
   -0.1853438778
   -0.1619282825
   -0.1223713516
   -0.1155440890
   -0.1427867622
   -0.1938839009
   -0.2495953369
   -0.1672891272
   -0.1722335585
   -0.1343670250
   -0.1065374088
   -0.1228865993
   -0.1562591263
   -0.2136045310
   -0.2539556971
   -0.2117650983
   -0.1770095447
   -0.1426940205
   -0.1142826022
   -0.1293922079
   -0.1639612018
   -0.2063416962
   -0.2132008461
   -0.1795104550
   -0.1466090253
   -0.1198033471
   -0.1324439576
   -0.1601291029
   -0.1792688843
   -0.1700304465
   -0.1456812379
   -0.1223086532
   -0.1028655133
   -0.1117182289
   -0.1301270021
   -0.1468416310
   -0.1506798013
   -0.1389228958
   -0.1213864365
   -0.1044848705
   -0.1229745417
   -0.1304222016
   -0.1276820645
   -0.1170400247
   -0.1132183489
   -0.1149717196
   -0.1100523972
   -0.0639487527
   -0.0673975293
   -0.0711582843
   -0.0652767467
   -0.0689236265
   -0.0729376193
   -0.0781166329
   -0.0828937418
   -0.0853345389
   -0.0835406598
   -0.0664123074
   -0.0704536987
   -0.0733822751
   -0.0794348535
   -0.0873174599
   -0.0933301666
   -0.0947556593
   -0.0889993902
   -0.0789292574
   -0.0697491865
   -0.0671652390
   -0.0721524641
   -0.0732658267
   -0.0722628945
   -0.0888291604
   -0.1000391454
   -0.1073160169
   -0.1049237047
   -0.0916664128
   -0.0774766392
   -0.0683040235
   -0.0673643252
   -0.0733703347
   -0.0767451404
   -0.0683717728
   -0.1036171656
   -0.1184822393
   -0.1259058211
   -0.1120773054
   -0.0880251973
   -0.0735505031
   -0.0667165394
   -0.0669986728
   -0.0735879220
   -0.0800314560
   -0.0967464601
   -0.1245262195
   -0.1462024657
   -0.1441231991
   -0.1059452509
   -0.0739733014
   -0.0702714634
   -0.0655079873
   -0.0730997380
   -0.0795981482
   -0.0765663185
   -0.1251754929
   -0.1538488517
   -0.1623487267
   -0.1346996976
   -0.0603032466
   -0.0697870596
   -0.0643365423
   -0.0721178536
   -0.0792003044
   -0.0688872260
   -0.1099840170
   -0.1467331256
   -0.0707089509
   -0.0691905017
   -0.0629131306
   -0.0789349600
   -0.0798468685
   -0.1121873687
   -0.1381226582
   -0.0748405446
   -0.0674884584
   -0.0772227113
   -0.0867174153
   -0.0726270658
   -0.0833620280
   -0.0769300146
   -0.0723552080
   -0.0655297275
   -0.0854313864
   -0.0982109774
   -0.1111896199
   -0.0814482784
   -0.0746858931
   -0.0698686265
   -0.0958323748
   -0.1172737417
   -0.1411354411
   -0.0524383965
   -0.0735101642
   -0.0679109152
   -0.0896002965
   -0.1081328664
   -0.1347263168
   -0.1236516820
   -0.0749581406
   -0.0724813840
   -0.0983573059
   -0.1193464592
   -0.1395958417
   -0.0962425439
   -0.0963819115
   -0.0694601090
   -0.0789603206
   -0.0778215316
   -0.0707385500
   -0.1064985718
   -0.1263546890
   -0.1365569401
   -0.1342556076
   -0.1177572061
   -0.0962139120
   -0.0857631509
   -0.0765912013
   -0.1130357541
   -0.1303641242
   -0.1315215003
   -0.1912658869
   -0.1644717683
   -0.1226488994
   -0.0986369008
   -0.0842933641
   -0.1018291805
   -0.1183727520
   -0.1340028704
   -0.2295847823
   -0.1598898836
   -0.1173506408
   -0.0946914079
   -0.1070259236
   -0.1239578692
   -0.1310194987
   -0.2070065906
   -0.1421927547
   -0.1081678943
   -0.1124249923
   -0.1312475321
   -0.1456064025
   -0.2123820898
   -0.1702366243
   -0.1242735683
   -0.1016259274
   -0.1189226765
   -0.1436539848
   -0.1868322644
   -0.1892310389
   -0.1409378458
   -0.1091455536
   -0.1066248293
   -0.1272448012
   -0.1622971158
   -0.2261421137
   -0.1921550843
   -0.1542132345
   -0.1196128482
   -0.1120193316
   -0.1367613989
   -0.1800101875
   -0.2409221183
   -0.2418411391
   -0.1993609732
   -0.1616175959
   -0.1280821790
   -0.1036537274
   -0.1171514932
   -0.1442813253
   -0.1845417109
   -0.2165821473
   -0.1996987537
   -0.1638296415
   -0.1331604873
   -0.1091561430
   -0.1205396189
   -0.1455113376
   -0.1718057865
   -0.1782440058
   -0.1590170133
   -0.1341695785
   -0.1124439149
   -0.1205855964
   -0.1390917726
   -0.1508437928
   -0.1464391305
   -0.1307016918
   -0.1130191512
   -0.1167696083
   -0.1277423153
   -0.1304245173
   -0.1232019907
   -0.1107555295
   -0.1150289122
   -0.1133667258
   -0.0669610230
   -0.0707547665
   -0.0748367379
   -0.0645058660
   -0.0686531015
   -0.0726162153
   -0.0775616527
   -0.0831478196
   -0.0874084322
   -0.0880647356
   -0.0836550863
   -0.0654019986
   -0.0703088162
   -0.0742657585
   -0.0786563419
   -0.0865331438
   -0.0943844787
   -0.0992805696
   -0.0971673033
   -0.0876334642
   -0.0763978223
   -0.0658258174
   -0.0717018305
   -0.0766446404
   -0.0771104960
   -0.0859567883
   -0.0994626051
   -0.1105223427
   -0.1151100722
   -0.1055878206
   -0.0884202352
   -0.0749140933
   -0.0663536323
   -0.0723864073
   -0.0793985074
   -0.0786365261
   -0.0677648789
   -0.0998708530
   -0.1189388422
   -0.1357445349
   -0.1347756574
   -0.1087025752
   -0.0847073127
   -0.0724009718
   -0.0649679904
   -0.0722089752
   -0.0806144414
   -0.0879909082
   -0.0804408163
   -0.1218711427
   -0.1513631250
   -0.1731388133
   -0.1484671921
   -0.1001375766
   -0.0785358823
   -0.0702476537
   -0.0635727057
   -0.0712967466
   -0.0801824602
   -0.0909717719
   -0.0904196365
   -0.1176125323
   -0.1536043607
   -0.1316087128
   -0.0812873267
   -0.0753120980
   -0.0685724333
   -0.0789364612
   -0.0895827154
   -0.1012525280
   -0.0899834174
   -0.1035051880
   -0.1402561396
   -0.0849366732
   -0.0765782383
   -0.0742308107
   -0.0667726376
   -0.0769153778
   -0.0884242359
   -0.0999038033
   -0.1194327200
   -0.0912046586
   -0.0863819366
   -0.1524081549
   -0.0640917571
   -0.0696384760
   -0.0804915818
   -0.0719762110
   -0.0648200359
   -0.0858805356
   -0.1017617400
   -0.1290452330
   -0.1343124535
   -0.1240147850
   -0.0781497917
   -0.0770763067
   -0.0693780549
   -0.0818605211
   -0.0978266947
   -0.1259649621
   -0.1744533667
   -0.0732960097
   -0.0735614670
   -0.0671333787
   -0.0912986364
   -0.1140416609
   -0.1593854916
   -0.0747420174
   -0.0714568047
   -0.1022992210
   -0.1321579988
   -0.1723008377
   -0.0719974014
   -0.0706408351
   -0.0756896012
   -0.0695578860
   -0.1133773379
   -0.1442341822
   -0.1575113856
   -0.1161814420
   -0.0954247502
   -0.0801370668
   -0.0810261359
   -0.0747262993
   -0.1002940907
   -0.1218851953
   -0.1452057724
   -0.1365645934
   -0.1583454345
   -0.1357112375
   -0.1071227660
   -0.0913452590
   -0.0813913298
   -0.1069139470
   -0.1264577199
   -0.1397352590
   -0.1888855087
   -0.1894769364
   -0.1408165137
   -0.1088442621
   -0.0908746073
   -0.1119918816
   -0.1285511439
   -0.2413011717
   -0.1890784213
   -0.1336638961
   -0.1041630133
   -0.1161853566
   -0.1285596951
   -0.2407935401
   -0.1665392347
   -0.1214756507
   -0.1048659908
   -0.1208329604
   -0.1319076815
   -0.2008938949
   -0.1419311460
   -0.1089522438
   -0.1094912918
   -0.1278892064
   -0.1547035050
   -0.2080659593
   -0.2169749224
   -0.1618958071
   -0.1219112607
   -0.1149766152
   -0.1387351162
   -0.1821977514
   -0.2461853399
   -0.2197959388
   -0.1755899101
   -0.1338686600
   -0.1062675056
   -0.1212767608
   -0.1507224910
   -0.2001084791
   -0.2455803041
   -0.2262060324
   -0.1814714872
   -0.1424607778
   -0.1138567302
   -0.1269975949
   -0.1577332875
   -0.1954524624
   -0.2069455443
   -0.1794580971
   -0.1462332451
   -0.1192679694
   -0.1296991050
   -0.1547477310
   -0.1728901235
   -0.1666997354
   -0.1444768394
   -0.1216131929
   -0.1275789243
   -0.1431271939
   -0.1473772539
   -0.1371075650
   -0.1204705710
   -0.1209782106
   -0.1281476742
   -0.1259260767
   -0.1159951577
   -0.1118190633
   -0.1136204997
   -0.1090623062
   -0.0699889217
   -0.0677400357
   -0.0721084508
   -0.0766998665
   -0.0821292347
   -0.0900580203
   -0.0881319390
   -0.0691293818
   -0.0742765648
   -0.0788761964
   -0.0851114044
   -0.0929524169
   -0.0997760321
   -0.1017167276
   -0.0953129462
   -0.0837541801
   -0.0700298445
   -0.0764871489
   -0.0815439519
   -0.0865074949
   -0.0968337925
   -0.1084147311
   -0.1176340799
   -0.1156905029
   -0.1002633848
   -0.0833909094
   -0.0716781732
   -0.0702148235
   -0.0780744255
   -0.0856438190
   -0.0880586308
   -0.0977386379
   -0.1141395864
   -0.1326225232
   -0.1443866433
   -0.1288885550
   -0.0998858211
   -0.0805591096
   -0.0697740609
   -0.0784257212
   -0.0890275925
   -0.0964935619
   -0.0971427328
   -0.1163506988
   -0.1412244091
   -0.1730009576
   -0.1784442808
   -0.1312808425
   -0.0935295127
   -0.0769763053
   -0.0678069594
   -0.0775592347
   -0.0896536434
   -0.1052409507
   -0.1114217925
   -0.1187407400
   -0.1404885024
   -0.1862924536
   -0.1906145427
   -0.1160531681
   -0.0860490869
   -0.0739797903
   -0.0658708349
   -0.0757378746
   -0.0881196844
   -0.1067278455
   -0.1312335807
   -0.1352990814
   -0.1346508708
   -0.1760260630
   -0.1532301054
   -0.0980459674
   -0.0813626551
   -0.0713127660
   -0.0852372579
   -0.1036780458
   -0.1380916700
   -0.1720480381
   -0.1325027802
   -0.1328403869
   -0.1078235401
   -0.0894796124
   -0.0774331888
   -0.0687198083
   -0.0983357889
   -0.1307675842
   -0.1968061963
   -0.1326609186
   -0.0876803577
   -0.0907408980
   -0.0829475372
   -0.0737075800
   -0.0663414850
   -0.0918046860
   -0.1176646202
   -0.1788103067
   -0.1144357298
   -0.0798721761
   -0.0808261541
   -0.0777286564
   -0.0708407119
   -0.1050267588
   -0.1447703544
   -0.0685508085
   -0.0721373326
   -0.0730370664
   -0.0778789080
   -0.0751283515
   -0.0685263088
   -0.0945107597
   -0.1203269815
   -0.1707064750
   -0.0943182977
   -0.0926271440
   -0.0886496067
   -0.0788698980
   -0.0792089933
   -0.0732617232
   -0.1043204155
   -0.1339868182
   -0.1775018123
   -0.1312805082
   -0.1144463646
   -0.0955236864
   -0.0859338217
   -0.0788708811
   -0.1129866671
   -0.1407464998
   -0.1640142572
   -0.1294908457
   -0.1510670538
   -0.1501324927
   -0.1214612475
   -0.0996886885
   -0.0867173674
   -0.1188698451
   -0.1395356053
   -0.1355205159
   -0.1665523634
   -0.1950083974
   -0.1574854029
   -0.1208798659
   -0.0984073479
   -0.1044634760
   -0.1218312112
   -0.1324543874
   -0.1666387100
   -0.2309208492
   -0.2077617730
   -0.1504438846
   -0.1146903264
   -0.1084462563
   -0.1233822517
   -0.1136233302
   -0.1705710311
   -0.2544179181
   -0.1889158027
   -0.1356743317
   -0.1059057900
   -0.1120175636
   -0.1260548828
   -0.1268819508
   -0.1780465064
   -0.2261881052
   -0.1599606317
   -0.1201512495
   -0.1163668201
   -0.1348288938
   -0.1686245124
   -0.2287184352
   -0.2585727663
   -0.2441533922
   -0.1821925762
   -0.1350627766
   -0.1064562675
   -0.1050816010
   -0.1224662436
   -0.1492942748
   -0.1975854315
   -0.2509114761
   -0.2458316896
   -0.1953186420
   -0.1478680357
   -0.1159809895
   -0.1092544240
   -0.1296800371
   -0.1620860277
   -0.2070034722
   -0.2270014198
   -0.1966322844
   -0.1555846950
   -0.1237974665
   -0.1132282470
   -0.1352838709
   -0.1654072048
   -0.1907491354
   -0.1847534597
   -0.1564837693
   -0.1284576128
   -0.1063450840
   -0.1157699405
   -0.1360706913
   -0.1565825135
   -0.1633628198
   -0.1501202618
   -0.1290497512
   -0.1093168723
   -0.1155784606
   -0.1309297894
   -0.1408250396
   -0.1382153205
   -0.1254186122
   -0.1097130498
   -0.1121840385
   -0.1216022309
   -0.1241950213
   -0.1183695098
   -0.1074672286
   -0.1107153934
   -0.1094297464
   -0.0708620851
   -0.0755144569
   -0.0804738587
   -0.0895166547
   -0.0899750394
   -0.0854986839
   -0.0728035598
   -0.0782359536
   -0.0837436258
   -0.0903825763
   -0.0972831921
   -0.1017114202
   -0.0995008320
   -0.0901137778
   -0.0743440458
   -0.0811888975
   -0.0872039522
   -0.0944036444
   -0.1038542601
   -0.1136606404
   -0.1176900281
   -0.1087048187
   -0.0920889168
   -0.0778479213
   -0.0750851183
   -0.0839029149
   -0.0919425514
   -0.0987861441
   -0.1089586224
   -0.1233360672
   -0.1382146244
   -0.1372380809
   -0.1138788016
   -0.0903699712
   -0.0756354205
   -0.0747963524
   -0.0853235974
   -0.0972892249
   -0.1064971971
   -0.1146491337
   -0.1290017084
   -0.1545491258
   -0.1738258100
   -0.1531000489
   -0.1107278629
   -0.0859374774
   -0.0729225924
   -0.0849065453
   -0.1003463232
   -0.1175536127
   -0.1268981344
   -0.1335303621
   -0.1593606406
   -0.1939691575
   -0.1999345523
   -0.1480693554
   -0.1009937786
   -0.0810598045
   -0.0702419098
   -0.0828656713
   -0.0996321556
   -0.1251465269
   -0.1501005241
   -0.1486979639
   -0.1531852151
   -0.2030543346
   -0.1236069506
   -0.0913575060
   -0.0768212655
   -0.0677069435
   -0.0958518385
   -0.1238503075
   -0.1718293270
   -0.1855575995
   -0.1540590061
   -0.1772916022
   -0.1493317050
   -0.1028243143
   -0.0842368489
   -0.0731770914
   -0.0904204795
   -0.1153736050
   -0.1688250907
   -0.1374029927
   -0.1925305582
   -0.1432544792
   -0.1103197373
   -0.0910284369
   -0.0788358931
   -0.0701076426
   -0.1047623020
   -0.1460365256
   -0.1300169458
   -0.1615796813
   -0.1265807147
   -0.1083785961
   -0.0946646152
   -0.0836604480
   -0.0749771914
   -0.0948844427
   -0.1234492927
   -0.1854505478
   -0.1233073092
   -0.1054952919
   -0.0977008385
   -0.0873489833
   -0.0796670101
   -0.0721858273
   -0.1067808939
   -0.1442027227
   -0.2003294038
   -0.1179833316
   -0.1068518428
   -0.0946237528
   -0.0849994211
   -0.0773016433
   -0.1185427716
   -0.1589953676
   -0.2015432249
   -0.1712780545
   -0.1231020612
   -0.1262332339
   -0.1094011943
   -0.0941768288
   -0.0837093063
   -0.1024873409
   -0.1271955237
   -0.1596716201
   -0.1731538059
   -0.1309220875
   -0.1511269154
   -0.1321558374
   -0.1095047506
   -0.0930326520
   -0.0814054991
   -0.1087628316
   -0.1305044279
   -0.1482824774
   -0.1372962308
   -0.1284313410
   -0.1424849729
   -0.1781313161
   -0.1640067895
   -0.1315784727
   -0.1065466879
   -0.0898852043
   -0.1128448174
   -0.1294712182
   -0.1315702626
   -0.1605522483
   -0.2010102106
   -0.2030624455
   -0.1615962669
   -0.1247527451
   -0.1152616015
   -0.1273046719
   -0.1210797254
   -0.1576387679
   -0.2081961418
   -0.2353041918
   -0.1977575574
   -0.1476066653
   -0.1147202051
   -0.1175731865
   -0.1296783288
   -0.1501118109
   -0.2007643641
   -0.2442675584
   -0.2286318402
   -0.1727579836
   -0.1304700345
   -0.1067519849
   -0.1217553554
   -0.1420156169
   -0.1808647955
   -0.2304443935
   -0.2393110356
   -0.1933531708
   -0.1461626681
   -0.1147988635
   -0.1104737946
   -0.1286210316
   -0.1572483157
   -0.1996338981
   -0.2258795769
   -0.2012812110
   -0.1582130324
   -0.1246718581
   -0.1147331946
   -0.1359958207
   -0.1665424094
   -0.1957244669
   -0.1933311958
   -0.1630433994
   -0.1318917119
   -0.1080865429
   -0.1184720947
   -0.1399697474
   -0.1636348136
   -0.1734401642
   -0.1591036294
   -0.1348310676
   -0.1126724881
   -0.1199923907
   -0.1376750554
   -0.1502415062
   -0.1478811087
   -0.1327822121
   -0.1145493622
   -0.1180719475
   -0.1295821655
   -0.1332028244
   -0.1263230784
   -0.1133647587
   -0.1128212428
   -0.1185049862
   -0.1171149519
   -0.1093794861
   -0.0871723512
   -0.0761363186
   -0.0817551276
   -0.0874639486
   -0.0984915490
   -0.0994110551
   -0.0936704712
   -0.0783638588
   -0.0853595641
   -0.0918927121
   -0.0990656804
   -0.1071254629
   -0.1131369247
   -0.1106517112
   -0.0983292148
   -0.0838527691
   -0.0798618857
   -0.0890581498
   -0.0972524818
   -0.1047857076
   -0.1142432824
   -0.1260250002
   -0.1318621273
   -0.1203662171
   -0.0991114340
   -0.0819774412
   -0.0801484210
   -0.0918438946
   -0.1037777186
   -0.1127069465
   -0.1207752456
   -0.1350158661
   -0.1527718118
   -0.1518409180
   -0.1230616290
   -0.0954200700
   -0.0787584776
   -0.0925181169
   -0.1094592002
   -0.1246206070
   -0.1312017560
   -0.1399368162
   -0.1650702925
   -0.1823202634
   -0.1602322110
   -0.1154548011
   -0.0893048386
   -0.0752232914
   -0.0907233182
   -0.1111322529
   -0.1374203291
   -0.1524475513
   -0.1487760048
   -0.1639325493
   -0.1957678762
   -0.1911633363
   -0.1446457367
   -0.1029922604
   -0.0832667298
   -0.0719058535
   -0.1076606247
   -0.1419610392
   -0.1809793335
   -0.1770502931
   -0.1600240888
   -0.1902544856
   -0.1715862904
   -0.1190484525
   -0.0923631190
   -0.0782457524
   -0.1008276560
   -0.1338921020
   -0.1914147830
   -0.1781517089
   -0.1646610588
   -0.1925556654
   -0.1739051403
   -0.1324300612
   -0.1011739688
   -0.0848738217
   -0.0742559395
   -0.0930186420
   -0.1197178434
   -0.1733141052
   -0.1585187431
   -0.1580295044
   -0.1635100152
   -0.1357494488
   -0.1079242720
   -0.0911591990
   -0.0797477487
   -0.0710847623
   -0.1060099102
   -0.1439197444
   -0.2034864098
   -0.1808842817
   -0.1268647505
   -0.1346346491
   -0.1321723299
   -0.1129818136
   -0.0974046227
   -0.0854371946
   -0.0761815872
   -0.0947420020
   -0.1204444278
   -0.1676570936
   -0.1285361201
   -0.1246493072
   -0.1200255931
   -0.1056893709
   -0.0923962020
   -0.0819408962
   -0.1041126037
   -0.1332401175
   -0.1786893189
   -0.2096205196
   -0.1605888756
   -0.1300352133
   -0.1182870226
   -0.1025543576
   -0.0893339139
   -0.1122126656
   -0.1399018945
   -0.1690799841
   -0.1653527371
   -0.1271551495
   -0.1397506384
   -0.1359311902
   -0.1172227158
   -0.0996352765
   -0.0862423784
   -0.1174649496
   -0.1386454202
   -0.1497526787
   -0.1436066861
   -0.1378605068
   -0.1536819076
   -0.1577692751
   -0.1370392838
   -0.1136418877
   -0.1195345054
   -0.1334477843
   -0.1381596045
   -0.1484974338
   -0.1679223434
   -0.1804456609
   -0.1616422667
   -0.1316025016
   -0.1075016444
   -0.1199704410
   -0.1305239988
   -0.1432825480
   -0.1701944601
   -0.1950629436
   -0.1869097964
   -0.1527346930
   -0.1217602537
   -0.1083075289
   -0.1213562236
   -0.1356229609
   -0.1613387151
   -0.1940563105
   -0.2030296655
   -0.1734065421
   -0.1372774390
   -0.1105616255
   -0.1109343798
   -0.1258069762
   -0.1474906198
   -0.1792077020
   -0.2016154351
   -0.1864787436
   -0.1513622830
   -0.1213046827
   -0.1144901653
   -0.1326686472
   -0.1584847345
   -0.1845522412
   -0.1858889178
   -0.1599942114
   -0.1304269961
   -0.1072532991
   -0.1184907380
   -0.1384359509
   -0.1612369684
   -0.1725165304
   -0.1600455577
   -0.1358502636
   -0.1132589196
   -0.1212964397
   -0.1392896503
   -0.1531065212
   -0.1517373712
   -0.1361118579
   -0.1167559772
   -0.1211235143
   -0.1338502232
   -0.1384510744
   -0.1312270454
   -0.1170232000
   -0.1172857549
   -0.1239831100
   -0.1226944422
   -0.1140376332
   -0.1125466303
   -0.0962661023
   -0.0938191113
   -0.0863655813
   -0.0882894404
   -0.0944153864
   -0.1005754339
   -0.1060741087
   -0.1071445173
   -0.1002581944
   -0.0882271039
   -0.0838816629
   -0.0926699377
   -0.1001067328
   -0.1068826792
   -0.1146833960
   -0.1210066361
   -0.1179682348
   -0.1037440049
   -0.0874660963
   -0.0966399055
   -0.1070086627
   -0.1142410801
   -0.1217504824
   -0.1324524575
   -0.1375575784
   -0.1248470008
   -0.1024186554
   -0.0844665520
   -0.0987933040
   -0.1142931340
   -0.1248431223
   -0.1296593448
   -0.1392782270
   -0.1530977137
   -0.1496055444
   -0.1228135179
   -0.0968726914
   -0.0804171987
   -0.0979958899
   -0.1188248618
   -0.1385699477
   -0.1439672354
   -0.1443108635
   -0.1586641621
   -0.1681645604
   -0.1468397045
   -0.1124985004
   -0.0898919514
   -0.0763589897
   -0.0943821675
   -0.1174921266
   -0.1485460124
   -0.1675101116
   -0.1578659518
   -0.1560163445
   -0.1717335254
   -0.1638665811
   -0.1294071696
   -0.1005600762
   -0.0836372528
   -0.1107527893
   -0.1459252640
   -0.1857855522
   -0.1873417319
   -0.1598361883
   -0.1606248796
   -0.1649242281
   -0.1411794784
   -0.1109201696
   -0.0912901797
   -0.0786792404
   -0.1016699689
   -0.1325158879
   -0.1814565844
   -0.2071941370
   -0.1841023833
   -0.1511908322
   -0.1518023587
   -0.1424193840
   -0.1186480422
   -0.0987081956
   -0.0849012933
   -0.0748249294
   -0.1166720313
   -0.1577771693
   -0.2065094759
   -0.2126708048
   -0.1577281400
   -0.1348802776
   -0.1355611935
   -0.1229044078
   -0.1057388458
   -0.0914802396
   -0.0804436408
   -0.1029854164
   -0.1321353417
   -0.1776343242
   -0.2130875983
   -0.1768340456
   -0.1237139675
   -0.1221396482
   -0.1253800282
   -0.1132172124
   -0.0990636970
   -0.0868456753
   -0.1128415814
   -0.1434750637
   -0.1795965225
   -0.1803752949
   -0.1381119689
   -0.1059977321
   -0.1264390132
   -0.1222545476
   -0.1086459376
   -0.0947652538
   -0.0990205025
   -0.1201522064
   -0.1458080879
   -0.1616214411
   -0.1486344481
   -0.1247472584
   -0.1284695040
   -0.1329911969
   -0.1209278230
   -0.1049618833
   -0.1044828070
   -0.1233307793
   -0.1400404641
   -0.1443025110
   -0.1394268979
   -0.1392525993
   -0.1449758253
   -0.1358426491
   -0.1178160749
   -0.1079742224
   -0.1230503981
   -0.1335781067
   -0.1392963204
   -0.1469885403
   -0.1560867288
   -0.1519470998
   -0.1330420646
   -0.1120727985
   -0.1221301900
   -0.1324943728
   -0.1455726311
   -0.1609676174
   -0.1652131443
   -0.1489792595
   -0.1251654143
   -0.1112966436
   -0.1234146602
   -0.1379764935
   -0.1568913651
   -0.1700691166
   -0.1617253007
   -0.1381741628
   -0.1147562265
   -0.1134732186
   -0.1277217808
   -0.1462330240
   -0.1643141255
   -0.1663490332
   -0.1481690475
   -0.1243345142
   -0.1166509716
   -0.1329907213
   -0.1512015363
   -0.1609133303
   -0.1518653526
   -0.1313805411
   -0.1108491538
   -0.1197333681
   -0.1356942022
   -0.1483285012
   -0.1479525921
   -0.1340376202
   -0.1156845242
   -0.1208834576
   -0.1332501979
   -0.1382079168
   -0.1315652264
   -0.1175366694
   -0.1187582698
   -0.1258493973
   -0.1248415657
   -0.1160029818
   -0.1133842090
   -0.1157092804
   -0.1114972661
   -0.0913702319
   -0.0990026152
   -0.1011871988
   -0.0982672078
   -0.0899440946
   -0.1056518401
   -0.1104219457
   -0.1108866878
   -0.1033422955
   -0.0906828847
   -0.0987562597
   -0.1067259629
   -0.1122869211
   -0.1180807523
   -0.1226210046
   -0.1186281261
   -0.1046185274
   -0.0887398417
   -0.1021743363
   -0.1140290566
   -0.1205272098
   -0.1247016529
   -0.1310676359
   -0.1328394173
   -0.1208087607
   -0.1013290402
   -0.1028688893
   -0.1201936221
   -0.1314916056
   -0.1332925069
   -0.1360326926
   -0.1416848632
   -0.1357866522
   -0.1155807885
   -0.0951298977
   -0.1002063525
   -0.1217470524
   -0.1422817355
   -0.1473302951
   -0.1418053393
   -0.1437085869
   -0.1441074109
   -0.1284539937
   -0.1060126684
   -0.0885442326
   -0.0950114397
   -0.1171623418
   -0.1454484151
   -0.1637000392
   -0.1547600937
   -0.1438766177
   -0.1437098566
   -0.1354529539
   -0.1156588110
   -0.0967297492
   -0.0829473782
   -0.1085407579
   -0.1375486531
   -0.1692158303
   -0.1735867423
   -0.1501116687
   -0.1393622601
   -0.1351367714
   -0.1218071393
   -0.1043035617
   -0.0896551650
   -0.0989262731
   -0.1235789005
   -0.1572869224
   -0.1814769909
   -0.1635328332
   -0.1382474964
   -0.1307735113
   -0.1240696543
   -0.1106998481
   -0.0964911560
   -0.0845192770
   -0.1094956330
   -0.1370848397
   -0.1675186094
   -0.1709137154
   -0.1435422031
   -0.1267012791
   -0.1240309099
   -0.1161825591
   -0.1036472068
   -0.0911665239
   -0.0976482069
   -0.1185505503
   -0.1441268811
   -0.1607256164
   -0.1489014407
   -0.1287561693
   -0.1236642553
   -0.1214403921
   -0.1115433454
   -0.0988360286
   -0.1041385536
   -0.1238353085
   -0.1419178898
   -0.1453866942
   -0.1347426783
   -0.1270337439
   -0.1270320050
   -0.1204225222
   -0.1078657291
   -0.1085501657
   -0.1245560911
   -0.1348606328
   -0.1353637660
   -0.1327987550
   -0.1333701803
   -0.1299619413
   -0.1182440004
   -0.1106766323
   -0.1227243012
   -0.1299857494
   -0.1342014271
   -0.1384871328
   -0.1388454846
   -0.1292649108
   -0.1136659977
   -0.1215557959
   -0.1302377753
   -0.1390078211
   -0.1444368014
   -0.1391154399
   -0.1241090824
   -0.1122426135
   -0.1228714993
   -0.1343054192
   -0.1442889664
   -0.1449912810
   -0.1331563639
   -0.1157411501
   -0.1139959909
   -0.1260905790
   -0.1383747505
   -0.1446754717
   -0.1384522191
   -0.1230433572
   -0.1163493523
   -0.1288063129
   -0.1383771617
   -0.1382485269
   -0.1272495604
   -0.1116100567
   -0.1179118269
   -0.1283825560
   -0.1327199962
   -0.1272027528
   -0.1147364377
   -0.1171577754
   -0.1237352121
   -0.1229851566
   -0.1147860100
   -0.1134341930
   -0.1158199601
   -0.1117821620
   -0.0940689915
   -0.1016094687
   -0.1029354315
   -0.0995015511
   -0.0910638684
   -0.0981453536
   -0.1038313018
   -0.1077854990
   -0.1107309446
   -0.1099124789
   -0.1023911527
   -0.0905658552
   -0.1021493833
   -0.1101234345
   -0.1141671371
   -0.1170504980
   -0.1185714675
   -0.1137085908
   -0.1015907122
   -0.1041548863
   -0.1161761190
   -0.1218159112
   -0.1229631119
   -0.1244036137
   -0.1227049189
   -0.1125244046
   -0.0974797450
   -0.1030206536
   -0.1195627181
   -0.1301742950
   -0.1305594424
   -0.1285099907
   -0.1276731159
   -0.1210158024
   -0.1069087337
   -0.0918453633
   -0.0988624470
   -0.1179498981
   -0.1354200369
   -0.1401386674
   -0.1338575716
   -0.1295394580
   -0.1252920586
   -0.1143667267
   -0.0996242725
   -0.1116121663
   -0.1332563285
   -0.1469574789
   -0.1418795726
   -0.1315497977
   -0.1260534362
   -0.1186479830
   -0.1062710611
   -0.0930180992
   -0.1029374708
   -0.1241993265
   -0.1445127736
   -0.1484264042
   -0.1358855218
   -0.1260286278
   -0.1202244714
   -0.1112824104
   -0.0993777655
   -0.1124426365
   -0.1333432152
   -0.1464155872
   -0.1402487021
   -0.1275888919
   -0.1207958730
   -0.1149609915
   -0.1053799023
   -0.1012082639
   -0.1193915039
   -0.1357152033
   -0.1393148695
   -0.1303308413
   -0.1222210756
   -0.1180798535
   -0.1112031324
   -0.1066153719
   -0.1221559818
   -0.1318246010
   -0.1306580005
   -0.1248838194
   -0.1214151245
   -0.1169930618
   -0.1096036931
   -0.1212186365
   -0.1265119479
   -0.1261267531
   -0.1247936807
   -0.1225497273
   -0.1154929763
   -0.1104984232
   -0.1191505258
   -0.1238207991
   -0.1263049224
   -0.1269287903
   -0.1224629107
   -0.1183275595
   -0.1244060344
   -0.1285377376
   -0.1275909046
   -0.1194429683
   -0.1193118802
   -0.1263928623
   -0.1293327205
   -0.1246416401
   -0.1134735051
   -0.1209120662
   -0.1269759764
   -0.1264006293
   -0.1181085171
   -0.1211495581
   -0.1241555570
   -0.1197044958
   -0.1185510811
   -0.1178367712
   -0.1015909468
   -0.0977521632
   -0.0994219481
   -0.1044592595
   -0.1077514945
   -0.1056139360
   -0.0986554250
   -0.1020896476
   -0.1095044649
   -0.1123269530
   -0.1128132363
   -0.1117464892
   -0.1065393289
   -0.0967340689
   -0.1023632871
   -0.1132169184
   -0.1180328620
   -0.1176594770
   -0.1160456721
   -0.1123867790
   -0.1041132919
   -0.0997759963
   -0.1137404949
   -0.1226078813
   -0.1229705259
   -0.1195520035
   -0.1159484166
   -0.1096135679
   -0.0994825334
   -0.1102411861
   -0.1234036242
   -0.1275891047
   -0.1233840509
   -0.1182122456
   -0.1129741697
   -0.1048111854
   -0.1037519841
   -0.1190933202
   -0.1285144493
   -0.1269693918
   -0.1204565837
   -0.1149432317
   -0.1086462719
   -0.1111500702
   -0.1239908842
   -0.1277687669
   -0.1227386862
   -0.1166077172
   -0.1114215294
   -0.1020412799
   -0.1155755390
   -0.1239417168
   -0.1234077992
   -0.1183510762
   -0.1137763910
   -0.1085207531
   -0.1059818595
   -0.1164899035
   -0.1208130674
   -0.1191947783
   -0.1159409030
   -0.1122235296
   -0.1076622097
   -0.1151443714
   -0.1177154285
   -0.1171899912
   -0.1153110567
   -0.1163689271
   -0.1170267062
   -0.1169501013
   -0.0990051273
   -0.1054791571
   -0.1076040637
   -0.0978808463
   -0.1069115941
   -0.1110158478
   -0.1104578580
   -0.1055693913
   -0.1125857404
   -0.1134727878
   -0.1015000818
   -0.1111216038
   -0.1148948705
   -0.1129933732
   -0.1066105098
   -0.1134852898
   -0.1140953313
   -0.1108735475
   -0.1090981609
   -0.1129371314
   -0.1092073676
