   -0.0914997170
   -0.0851467806
   -0.0960542666
   -0.0909203916
   -0.0839315134
   -0.1002969674
   -0.0965313613
   -0.0901826295
   -0.0828624228
   -0.1036679660
   -0.1017396348
   -0.0962486445
   -0.0889611474
   -0.1059224071
   -0.1017872804
   -0.0948542172
   -0.0868404899
   -0.1080131188
   -0.1061871406
   -0.1001356745
   -0.0921152111
   -0.1071673856
   -0.1084245904
   -0.1042307512
   -0.0967681243
   -0.1076578735
   -0.1062655512
   -0.1002718755
   -0.0895064766
   -0.0649110901
   -0.0603983124
   -0.0925600353
   -0.0911528990
   -0.0683544463
   -0.0632887364
   -0.0592201764
   -0.0936739757
   -0.0948508817
   -0.0896633514
   -0.0718949093
   -0.0661443595
   -0.0618428252
   -0.0967149603
   -0.0940603431
   -0.0855434286
   -0.0758139100
   -0.0690736445
   -0.0645324646
   -0.0606904371
   -0.0974945372
   -0.0972013402
   -0.0907588763
   -0.0807041361
   -0.0725408475
   -0.0675275761
   -0.0635084384
   -0.0996685974
   -0.0956579968
   -0.0868215225
   -0.0774397116
   -0.0712779808
   -0.0668724512
   -0.1022051389
   -0.1002946560
   -0.0935388934
   -0.0842490794
   -0.0764739788
   -0.1047976619
   -0.1050605837
   -0.1001650471
   -0.0921683635
   -0.0834344141
   -0.1097775013
   -0.1068096727
   -0.1000320472
   -0.0914887602
   -0.0830104128
   -0.1131918184
   -0.1133523437
   -0.1076793119
   -0.0995864569
   -0.0903122622
   -0.1137490979
   -0.1182443338
   -0.1150546782
   -0.1072712531
   -0.0976841656
   -0.0878991087
   -0.1107874984
   -0.1195266254
   -0.1206076751
   -0.1143226495
   -0.1046366213
   -0.0941129277
   -0.1163839206
   -0.1222400077
   -0.1195413746
   -0.1107689095
   -0.0999559439
   -0.0894233415
   -0.1097704632
   -0.1190248558
   -0.1210535473
   -0.1151219681
   -0.1049660779
   -0.0941097802
   -0.1120317952
   -0.1179478315
   -0.1162530778
   -0.1083332676
   -0.0979998253
   -0.1111839105
   -0.1134490065
   -0.1090524074
   -0.0871862494
   -0.0672941055
   -0.0620894989
   -0.0911188252
   -0.0937236888
   -0.0898232274
   -0.0723853752
   -0.0658540765
   -0.0611013791
   -0.0570842492
   -0.0839355212
   -0.0923053476
   -0.0982754992
   -0.0974741845
   -0.0891263507
   -0.0782515389
   -0.0698472147
   -0.0642831669
   -0.0599531996
   -0.0825178464
   -0.0913845546
   -0.0997838807
   -0.1030084463
   -0.0969854494
   -0.0847681728
   -0.0739565061
   -0.0672913131
   -0.0626500893
   -0.0587440462
   -0.0809624934
   -0.0894213251
   -0.0986296151
   -0.1050485691
   -0.1030889788
   -0.0915461740
   -0.0781487907
   -0.0699041614
   -0.0650616336
   -0.0611553597
   -0.0576300281
   -0.0796085082
   -0.0875771539
   -0.0964625248
   -0.1042087480
   -0.1060604707
   -0.0977455693
   -0.0829454786
   -0.0721977093
   -0.0672237047
   -0.0634514098
   -0.0600555340
   -0.0862405482
   -0.0947666474
   -0.1026919528
   -0.1066273168
   -0.1024012965
   -0.0891666414
   -0.0754587410
   -0.0694301708
   -0.0660737225
   -0.0626213291
   -0.0849484194
   -0.0937785499
   -0.1020490190
   -0.1070881964
   -0.1057713261
   -0.0963662426
   -0.0820264282
   -0.0729854729
   -0.0694854522
   -0.0658657164
   -0.0620778244
   -0.0927216283
   -0.1020981195
   -0.1087330604
   -0.1094404121
   -0.1032724932
   -0.0917461428
   -0.0801308014
   -0.0743936632
   -0.0701995069
   -0.0656400358
   -0.1016640159
   -0.1108352516
   -0.1143697769
   -0.1101187439
   -0.1014566040
   -0.0907512293
   -0.0817900746
   -0.0758103753
   -0.1116646435
   -0.1194456614
   -0.1184474803
   -0.1099756127
   -0.1017886658
   -0.0914643890
   -0.0827910328
   -0.1098875636
   -0.1221974852
   -0.1268951424
   -0.1207064560
   -0.1114885857
   -0.1018313912
   -0.0908502025
   -0.1207003071
   -0.1318874754
   -0.1317988289
   -0.1222560941
   -0.1115847831
   -0.0993408524
   -0.0881927177
   -0.1150320275
   -0.1307488288
   -0.1384714328
   -0.1330724089
   -0.1209778622
   -0.1076441640
   -0.0949032601
   -0.1237992608
   -0.1376176730
   -0.1397930846
   -0.1297661743
   -0.1155004012
   -0.1015230917
   -0.0895126373
   -0.1137153560
   -0.1297024386
   -0.1389834845
   -0.1352469399
   -0.1223656657
   -0.1077423319
   -0.0946707255
   -0.1182223336
   -0.1309299424
   -0.1343271850
   -0.1263345433
   -0.1128465798
   -0.0993639122
   -0.1192060200
   -0.1270785730
   -0.1253495618
   -0.1155076163
   -0.1029795778
   -0.1163959802
   -0.1194439470
   -0.1145465643
   -0.1105823970
   -0.1100056493
   -0.0877549017
   -0.0674828660
   -0.0622485776
   -0.0580796584
   -0.0926758983
   -0.0960047701
   -0.0921245263
   -0.0828829988
   -0.0732325970
   -0.0663294424
   -0.0615563918
   -0.0574396415
   -0.0761963587
   -0.0849324058
   -0.0949312495
   -0.1027475492
   -0.1026198696
   -0.0932333072
   -0.0805944450
   -0.0709749810
   -0.0651531862
   -0.0606713805
   -0.0565868624
   -0.0749362992
   -0.0833633003
   -0.0942522436
   -0.1058746350
   -0.1116424421
   -0.1049781762
   -0.0898150955
   -0.0763915211
   -0.0687556277
   -0.0638118249
   -0.0595229961
   -0.0735989084
   -0.0813075489
   -0.0914611594
   -0.1045382195
   -0.1158638270
   -0.1155284663
   -0.1004248034
   -0.0824327458
   -0.0719533357
   -0.0664981456
   -0.0621166455
   -0.0582880858
   -0.0795720171
   -0.0882817167
   -0.1003499160
   -0.1139376236
   -0.1206613460
   -0.1104350754
   -0.0889397900
   -0.0739788434
   -0.0681919349
   -0.0639395164
   -0.0605912911
   -0.0571410812
   -0.0781785523
   -0.0861946296
   -0.0961888587
   -0.1088438542
   -0.1188324564
   -0.1162019024
   -0.0961590403
   -0.0748960856
   -0.0682657465
   -0.0652460399
   -0.0622913707
   -0.0595654798
   -0.0849561956
   -0.0940118340
   -0.1047828699
   -0.1144000386
   -0.1164822732
   -0.1033508759
   -0.0784706306
   -0.0668438095
   -0.0667803675
   -0.0642652212
   -0.0618665912
   -0.0586656248
   -0.0835048845
   -0.0930815338
   -0.1032927401
   -0.1123449099
   -0.1155608976
   -0.1087658419
   -0.0889162906
   -0.0693087012
   -0.0686864442
   -0.0679176545
   -0.0647997214
   -0.0614825490
   -0.0917191123
   -0.1029468892
   -0.1131962113
   -0.1178345039
   -0.1134310324
   -0.1010773833
   -0.0825318681
   -0.0741319111
   -0.0732803893
   -0.0693058594
   -0.0649086781
   -0.1017494067
   -0.1145634585
   -0.1230273506
   -0.1209133549
   -0.1078726758
   -0.0989739410
   -0.0866028796
   -0.0808932199
   -0.0754427427
   -0.0693932090
   -0.1139896200
   -0.1277913584
   -0.1319755649
   -0.1171798914
   -0.1052239962
   -0.1021814158
   -0.0912054578
   -0.0828744080
   -0.0749657721
   -0.1104350345
   -0.1285911713
   -0.1416928467
   -0.1375364473
   -0.1130100633
   -0.1144112547
   -0.1030513473
   -0.0911630373
   -0.1240709145
   -0.1446257332
   -0.1534187475
   -0.1402746555
   -0.1254735844
   -0.1146822818
   -0.0998578598
   -0.0879114685
   -0.1156729450
   -0.1387568346
   -0.1588256741
   -0.1593369774
   -0.1421985975
   -0.1254538603
   -0.1086730201
   -0.0945948115
   -0.1271883923
   -0.1515856166
   -0.1660769918
   -0.1572578850
   -0.1368989876
   -0.1175324136
   -0.1013363077
   -0.0886424995
   -0.1141426842
   -0.1367865407
   -0.1581694839
   -0.1630902979
   -0.1475214508
   -0.1263869023
   -0.1081494294
   -0.0938753131
   -0.1207756446
   -0.1416470417
   -0.1556397475
   -0.1514091344
   -0.1336094409
   -0.1145709761
   -0.0989369484
   -0.1240752687
   -0.1400027396
   -0.1453175625
   -0.1358117590
   -0.1192354992
   -0.1033670951
   -0.1087252161
   -0.1231022304
   -0.1325722666
   -0.1312908779
   -0.1203326880
   -0.1062755012
   -0.1081417227
   -0.1181794153
   -0.1218755592
   -0.1170725571
   -0.1106410641
   -0.1103876864
   -0.0670952213
   -0.0620127720
   -0.0579202155
   -0.0917019789
   -0.0951982451
   -0.0916731649
   -0.0827399154
   -0.0730818564
   -0.0661975730
   -0.0615939519
   -0.0574976578
   -0.0755589811
   -0.0846531559
   -0.0952576664
   -0.1038172757
   -0.1041380666
   -0.0946749455
   -0.0813556105
   -0.0710235589
   -0.0653920237
   -0.0610690649
   -0.0568334825
   -0.0744461439
   -0.0834969253
   -0.0956822200
   -0.1094284185
   -0.1169787929
   -0.1101141133
   -0.0931706063
   -0.0775359597
   -0.0693055961
   -0.0647651847
   -0.0602233097
   -0.0559371807
   -0.0730805764
   -0.0813333346
   -0.0930729015
   -0.1096562354
   -0.1259091552
   -0.1273371003
   -0.1091500790
   -0.0867792446
   -0.0736570050
   -0.0683431915
   -0.0635580629
   -0.0590476407
   -0.0717183152
   -0.0791909014
   -0.0887938149
   -0.1045935198
   -0.1259234619
   -0.1399568370
   -0.1278227643
   -0.0986958021
   -0.0781578839
   -0.0709935298
   -0.0659910271
   -0.0617980166
   -0.0577809303
   -0.0775844859
   -0.0853410326
   -0.0968953519
   -0.1175722127
   -0.1395216691
   -0.1416886782
   -0.1124860633
   -0.0810174828
   -0.0708760949
   -0.0659830213
   -0.0628149437
   -0.0603158682
   -0.0565494617
   -0.0761453770
   -0.0839315743
   -0.0916375855
   -0.1072366435
   -0.1279027701
   -0.1407159957
   -0.1237457255
   -0.0827041577
   -0.0645183784
   -0.0649984641
   -0.0607878899
   -0.0617322806
   -0.0592109008
   -0.0744462803
   -0.0828778588
   -0.0912426546
   -0.1014175636
   -0.1172665442
   -0.1291580041
   -0.1253872347
   -0.0904454230
   -0.0505621936
   -0.0610977544
   -0.0620275020
   -0.0621330786
   -0.0616015589
   -0.0811511258
   -0.0910297754
   -0.1013736870
   -0.1135906319
   -0.1221979024
   -0.1211607990
   -0.1027509682
   -0.0567566587
   -0.0519518258
   -0.0672638233
   -0.0654610167
   -0.0641807658
   -0.0609767769
   -0.0893050434
   -0.1014441988
   -0.1143628691
   -0.1240009015
   -0.1225828305
   -0.1099253803
   -0.0870152597
   -0.0610467621
   -0.0728771878
   -0.0728823855
   -0.0683969772
   -0.0642955460
   -0.0864074221
   -0.0995341935
   -0.1148677715
   -0.1291449989
   -0.1326851419
   -0.1124359708
   -0.0956187290
   -0.0908778611
   -0.0847048972
   -0.0822132075
   -0.0749075320
   -0.0685573706
   -0.0958629675
   -0.1127074045
   -0.1321911403
   -0.1457672294
   -0.1343553423
   -0.1055050237
   -0.1021244881
   -0.0929929471
   -0.0829662782
   -0.0740189910
   -0.1077098446
   -0.1299186585
   -0.1540597792
   -0.1614750192
   -0.1186139728
   -0.1041498479
   -0.0915038821
   -0.1225233314
   -0.1517320185
   -0.1777615351
   -0.1699135022
   -0.1290475774
   -0.1151643315
   -0.0996893336
   -0.0869986050
   -0.1124736733
   -0.1401844452
   -0.1757311872
   -0.1948811101
   -0.1724387812
   -0.1443319155
   -0.1259176686
   -0.1076174716
   -0.0934314723
   -0.1252552864
   -0.1584903409
   -0.1940617520
   -0.1978669529
   -0.1677266989
   -0.1386215429
   -0.1161424482
   -0.0997415235
   -0.1109566908
   -0.1374498919
   -0.1721285088
   -0.1977051172
   -0.1860390802
   -0.1536739620
   -0.1260329915
   -0.1063522553
   -0.0920206706
   -0.1188908031
   -0.1460486908
   -0.1751662850
   -0.1850714103
   -0.1646652369
   -0.1359188462
   -0.1132883897
   -0.0970169603
   -0.1242208449
   -0.1481166148
   -0.1662731303
   -0.1631579305
   -0.1420108308
   -0.1194111956
   -0.1017517415
   -0.1073114011
   -0.1255662486
   -0.1429216277
   -0.1499402683
   -0.1405780347
   -0.1226650935
   -0.1054893643
   -0.1081983534
   -0.1225608582
   -0.1325124974
   -0.1320361586
   -0.1214255171
   -0.1071862610
   -0.1160766702
   -0.1200098488
   -0.1158843808
   -0.0662768388
   -0.0614554509
   -0.0914480986
   -0.0885928777
   -0.0722329002
   -0.0657450567
   -0.0612606859
   -0.0572092860
   -0.0740462750
   -0.0827497860
   -0.0926977563
   -0.1006285435
   -0.1011369581
   -0.0928219858
   -0.0804936876
   -0.0704445809
   -0.0651037589
   -0.0609912080
   -0.0567405846
   -0.0733099480
   -0.0823899911
   -0.0944966317
   -0.1080842981
   -0.1156540447
   -0.1094377884
   -0.0931327030
   -0.0767665621
   -0.0684301877
   -0.0649169609
   -0.0604843172
   -0.0560089854
   -0.0721222973
   -0.0807399166
   -0.0932066172
   -0.1109688322
   -0.1289821500
   -0.1311317067
   -0.1124832118
   -0.0878847076
   -0.0714503347
   -0.0684323459
   -0.0645552490
   -0.0595670257
   -0.0707971122
   -0.0785945125
   -0.0894290714
   -0.1076998293
   -0.1344830334
   -0.1536959267
   -0.1402608570
   -0.1061113951
   -0.0787528471
   -0.0705108743
   -0.0685315873
   -0.0632853743
   -0.0583493297
   -0.0694376282
   -0.0767252523
   -0.0849500947
   -0.0986662167
   -0.1273254329
   -0.1637325292
   -0.1703142935
   -0.1326539931
   -0.0905551577
   -0.0731588538
   -0.0696552635
   -0.0657403983
   -0.0615693942
   -0.0570388696
   -0.0751864965
   -0.0825527765
   -0.0866558113
   -0.1099138547
   -0.1501522851
   -0.1801498194
   -0.1619569846
   -0.1033089488
   -0.0725276538
   -0.0661702683
   -0.0572250789
   -0.0631548718
   -0.0600368569
   -0.0735875697
   -0.0815865435
   -0.0853580029
   -0.0865004451
   -0.1256271488
   -0.1607566071
   -0.1681304784
   -0.1171619778
   -0.0553007414
   -0.0599314686
   -0.0561028599
   -0.0622953279
   -0.0586699238
   -0.0801540928
   -0.0886265520
   -0.0884150191
   -0.1079885744
   -0.1327315342
   -0.1456729391
   -0.1242733719
   -0.0220149799
   -0.0532721756
   -0.0439398450
   -0.0626392720
   -0.0615350099
   -0.0780677828
   -0.0881125644
   -0.0978427197
   -0.1073855688
   -0.1235654795
   -0.1253026105
   -0.1172790686
   -0.0637782147
   -0.0546435519
   -0.0609337930
   -0.0636858927
   -0.0643560815
   -0.0603003830
   -0.0857858478
   -0.0982149948
   -0.1118440852
   -0.1262299524
   -0.1292289994
   -0.1146789062
   -0.0947091654
   -0.0483532706
   -0.0777681129
   -0.0715577285
   -0.0680894155
   -0.0636591835
   -0.0954826971
   -0.1116271846
   -0.1301650374
   -0.1427941230
   -0.1300754040
   -0.0900203797
   -0.0824402811
   -0.0933628639
   -0.0832158778
   -0.0740370175
   -0.0676692425
   -0.0913879397
   -0.1081450283
   -0.1303889064
   -0.1546405655
   -0.1588811094
   -0.1107683082
   -0.1086397432
   -0.0958087264
   -0.0820558576
   -0.0727042275
   -0.1024533294
   -0.1253818610
   -0.1576347476
   -0.1853016476
   -0.1593407295
   -0.1197274455
   -0.1064696786
   -0.0908561796
   -0.0787203802
   -0.1165865496
   -0.1491257155
   -0.1941793575
   -0.2091835849
   -0.1227987438
   -0.1139344134
   -0.0988629667
   -0.1064298030
   -0.1342720350
   -0.1793526027
   -0.2289620821
   -0.2121781484
   -0.1527674993
   -0.1330878038
   -0.1190347244
   -0.1056305628
   -0.0914171179
   -0.1188017792
   -0.1544590333
   -0.2089644361
   -0.2431492812
   -0.2094405450
   -0.1634828019
   -0.1311949067
   -0.1124032736
   -0.0972722434
   -0.1315248169
   -0.1728524065
   -0.2244856816
   -0.2364602660
   -0.1957057902
   -0.1508812025
   -0.1215748175
   -0.1032178149
   -0.1133223330
   -0.1421749993
   -0.1827276562
   -0.2186266409
   -0.2100605219
   -0.1684373249
   -0.1327147938
   -0.1097564148
   -0.1197612310
   -0.1477636157
   -0.1797695323
   -0.1947791160
   -0.1746793745
   -0.1418688247
   -0.1163242625
   -0.0986694045
   -0.1230609866
   -0.1464322411
   -0.1655362424
   -0.1648441705
   -0.1444318110
   -0.1210835224
   -0.1224011846
   -0.1387011425
   -0.1461997751
   -0.1386519316
   -0.1220058018
   -0.1179615499
   -0.1271228348
   -0.1273755617
   -0.1183915523
   -0.1108296313
   -0.1145305723
   -0.1113472521
   -0.0708781264
   -0.0650560985
   -0.0606158864
   -0.0944050783
   -0.0949900676
   -0.0886167959
   -0.0786740379
   -0.0699919713
   -0.0647040912
   -0.0605121355
   -0.0714443234
   -0.0798603407
   -0.0906125387
   -0.1021203721
   -0.1083749409
   -0.1036229474
   -0.0903438904
   -0.0760466592
   -0.0681167010
   -0.0645728036
   -0.0602135014
   -0.0557321369
   -0.0706073482
   -0.0790017002
   -0.0907829266
   -0.1068380794
   -0.1224476326
   -0.1244213480
   -0.1088686824
   -0.0863818180
   -0.0690005600
   -0.0674768335
   -0.0645870351
   -0.0595572537
   -0.0694735545
   -0.0773617323
   -0.0886316361
   -0.1065596080
   -0.1323420600
   -0.1505073110
   -0.1382330255
   -0.1061563708
   -0.0719511631
   -0.0615781079
   -0.0688797616
   -0.0639528393
   -0.0585341708
   -0.0682138596
   -0.0755486174
   -0.0850542334
   -0.1010593972
   -0.1312007245
   -0.1727247791
   -0.1786824267
   -0.1404144649
   -0.0915720874
   -0.0670662441
   -0.0685432467
   -0.0625562008
   -0.0572942188
   -0.0739085115
   -0.0818521341
   -0.0895333067
   -0.1165948408
   -0.1706348861
   -0.1892237548
   -0.1215738774
   -0.0693147551
   -0.0521249479
   -0.0645585670
   -0.0663478980
   -0.0608805045
   -0.0559622672
   -0.0723281980
   -0.0801397970
   -0.0807751966
   -0.1390830908
   -0.1626877736
   -0.0849338262
   -0.0542123627
   -0.0576170758
   -0.0641793781
   -0.0592675088
   -0.0706130258
   -0.0786511231
   -0.0850313514
   -0.1561318125
   -0.1791401414
   -0.0841053854
   -0.0416419646
   -0.0628888522
   -0.0625174793
   -0.0576960967
   -0.0767571810
   -0.0861286995
   -0.0820958096
   -0.1195632694
   -0.1318881307
   -0.1379174399
   -0.0876965911
   -0.0356027366
   -0.0447183117
   -0.0650341590
   -0.0609608004
   -0.0745023629
   -0.0842124311
   -0.0952294008
   -0.0935264712
   -0.1124821328
   -0.1201334904
   -0.0909361610
   -0.0892708934
   -0.0585368173
   -0.0481734507
   -0.0667486045
   -0.0643291382
   -0.0815129366
   -0.0935782106
   -0.1074773812
   -0.1212456772
   -0.1357514168
   -0.1068377375
   -0.0839819626
   -0.0393386349
   -0.0836759512
   -0.0774275551
   -0.0717527182
   -0.0681126994
   -0.0626575305
   -0.0902401236
   -0.1057689741
   -0.1249357583
   -0.1462257542
   -0.1450107586
   -0.0973080735
   -0.0639326056
   -0.1093220866
   -0.1008398641
   -0.0819830748
   -0.0731874372
   -0.0665276191
   -0.1015134585
   -0.1229310492
   -0.1521754278
   -0.1755732425
   -0.1437279334
   -0.1227049585
   -0.1205606684
   -0.0949503546
   -0.0801335647
   -0.0710979617
   -0.1167678537
   -0.1494349120
   -0.1949893628
   -0.1989080657
   -0.1258791059
   -0.1068248379
   -0.0883890153
   -0.0764967503
   -0.1082020716
   -0.1381246645
   -0.1900434127
   -0.2389104951
   -0.1053574649
   -0.1137121129
   -0.0964133336
   -0.1237187174
   -0.1669980938
   -0.2376787290
   -0.1153073805
   -0.1030171938
   -0.1099606832
   -0.1420494589
   -0.1992516594
   -0.2578133677
   -0.1787989910
   -0.1371405274
   -0.1190323943
   -0.1087852640
   -0.0940214377
   -0.1216088938
   -0.1604353854
   -0.2221190738
   -0.2554657328
   -0.2322785314
   -0.1876686507
   -0.1398118658
   -0.1159589288
   -0.0994104278
   -0.1057032769
   -0.1322816003
   -0.1736511870
   -0.2275424176
   -0.2523758543
   -0.2168774885
   -0.1615125455
   -0.1259341594
   -0.1051356713
   -0.1123209411
   -0.1396432156
   -0.1773297531
   -0.2147206034
   -0.2150185766
   -0.1745582834
   -0.1359782747
   -0.1111903040
   -0.1167217194
   -0.1417717644
   -0.1701641444
   -0.1863701457
   -0.1717330252
   -0.1416020225
   -0.1163843935
   -0.1180016975
   -0.1380436893
   -0.1545934855
   -0.1557727646
   -0.1396154456
   -0.1188578943
   -0.1158677983
   -0.1294989313
   -0.1361524650
   -0.1309067655
   -0.1173532452
   -0.1107789014
   -0.1184087113
   -0.1190384140
   -0.1121424327
   -0.0761234423
   -0.0691763452
   -0.0640189532
   -0.0596862830
   -0.0763254541
   -0.0851424220
   -0.0939724361
   -0.0986503500
   -0.0955675893
   -0.0861874530
   -0.0755506937
   -0.0684167423
   -0.0639985920
   -0.0595234470
   -0.0685501714
   -0.0761719439
   -0.0862590433
   -0.0990319387
   -0.1105190544
   -0.1121571786
   -0.1014062494
   -0.0848614913
   -0.0716201981
   -0.0677683014
   -0.0639959391
   -0.0590452608
   -0.0677232385
   -0.0751984921
   -0.0854650408
   -0.1006357358
   -0.1206125838
   -0.1337187630
   -0.1252825393
   -0.1014958091
   -0.0737577432
   -0.0642007980
   -0.0685308191
   -0.0636086784
   -0.0582245405
   -0.0666636554
   -0.0737899497
   -0.0833465920
   -0.0984290504
   -0.1240219490
   -0.1569803892
   -0.1622672819
   -0.1317849788
   -0.0879299458
   -0.0634411170
   -0.0689608533
   -0.0625692687
   -0.0571525090
   -0.0722741675
   -0.0807198513
   -0.0931256268
   -0.1178030396
   -0.1675425116
   -0.2013176831
   -0.1832890560
   -0.1220795403
   -0.0670144313
   -0.0677551804
   -0.0611256252
   -0.0559306281
   -0.0707555049
   -0.0785362668
   -0.0858563833
   -0.0972761417
   -0.1485393275
   -0.1790465119
   -0.0903775839
   -0.0675167352
   -0.0657272273
   -0.0595612355
   -0.0691667399
   -0.0767979045
   -0.0836279372
   -0.1845486096
   -0.1320943200
   -0.0413976872
   -0.0685464205
   -0.0635472551
   -0.0579707159
   -0.0749885661
   -0.0837291442
   -0.1089775748
   -0.1658767846
   -0.0492953816
   -0.0672906156
   -0.0616019703
   -0.0729912496
   -0.0819683628
   -0.0903001090
   -0.0924526725
   -0.0672130855
   -0.0653727789
   -0.0597190335
   -0.0796075637
   -0.0907141866
   -0.0963778090
   -0.1111400125
   -0.0328699502
   -0.0650039685
   -0.0690718612
   -0.0633791540
   -0.0769587020
   -0.0878131744
   -0.1016502289
   -0.1114681772
   -0.1276169977
   -0.1122079817
   -0.0922163441
   -0.0769426781
   -0.0734313263
   -0.0673773954
   -0.0845319583
   -0.0983712990
   -0.1159088574
   -0.1354685555
   -0.1533842334
   -0.1040694577
   -0.1379488330
   -0.0961149946
   -0.0804188977
   -0.0720318026
   -0.0941287350
   -0.1127366755
   -0.1388621885
   -0.1716730978
   -0.1692504760
   -0.1544366952
   -0.1186864706
   -0.0906598754
   -0.0778238809
   -0.1067525757
   -0.1342692594
   -0.1802991885
   -0.2188473701
   -0.1232397942
   -0.1300981104
   -0.1021530092
   -0.0848326070
   -0.1238985332
   -0.1681507705
   -0.2395522569
   -0.1229818012
   -0.1107260805
   -0.0922638596
   -0.1119424874
   -0.1469025825
   -0.2135280873
   -0.1151024461
   -0.0989392733
   -0.1269154273
   -0.1739336223
   -0.2392814122
   -0.1184973936
   -0.1046651650
   -0.1105786050
   -0.1425632417
   -0.1961354395
   -0.2081597572
   -0.1693426170
   -0.1300143955
   -0.1106699851
   -0.1201583803
   -0.1554396588
   -0.2060123144
   -0.2384999032
   -0.2519556287
   -0.2050506669
   -0.1485455990
   -0.1183778486
   -0.0999988943
   -0.1277368960
   -0.1622878567
   -0.2062294233
   -0.2391867192
   -0.2166174683
   -0.1636800713
   -0.1270809196
   -0.1051790376
   -0.1084497772
   -0.1317644248
   -0.1616845096
   -0.1920279452
   -0.1974374355
   -0.1674452611
   -0.1336583949
   -0.1099752653
   -0.1109190351
   -0.1313571142
   -0.1532024726
   -0.1663698396
   -0.1576462569
   -0.1347844823
   -0.1130851249
   -0.1106532138
   -0.1265070624
   -0.1391045023
   -0.1407936644
   -0.1295780452
   -0.1132178100
   -0.1076763269
   -0.1183018509
   -0.1235302365
   -0.1201255389
   -0.1100063088
   -0.1085084652
   -0.1092154100
   -0.0739561277
   -0.0678186090
   -0.0630053282
   -0.0584995546
   -0.0727314134
   -0.0809156053
   -0.0904104861
   -0.0983207554
   -0.0997381330
   -0.0932140074
   -0.0825393461
   -0.0732328609
   -0.0677634543
   -0.0630236432
   -0.0581796096
   -0.0723464061
   -0.0810103989
   -0.0927201121
   -0.1065147974
   -0.1149449047
   -0.1103478443
   -0.0956370699
   -0.0792579580
   -0.0711210150
   -0.0680056036
   -0.0626909137
   -0.0575368217
   -0.0714497981
   -0.0799542457
   -0.0921219663
   -0.1108714985
   -0.1315867580
   -0.1355504364
   -0.1174466209
   -0.0900563885
   -0.0642370416
   -0.0704586454
   -0.0681166004
   -0.0618472076
   -0.0566407936
   -0.0702617223
   -0.0782845763
   -0.0894661161
   -0.1085881854
   -0.1431778670
   -0.1703145760
   -0.1550887415
   -0.1142089387
   -0.0719710017
   -0.0670036677
   -0.0606548917
   -0.0689249160
   -0.0764296329
   -0.0858854689
   -0.0999593654
   -0.1376582881
   -0.2011077591
   -0.1994393851
   -0.1602787527
   -0.0858884272
   -0.0696457635
   -0.0653251179
   -0.0593273311
   -0.0674856509
   -0.0746778182
   -0.0825870077
   -0.0845181557
   -0.1062551275
   -0.1911770109
   -0.1345067899
   -0.0696577214
   -0.0636113638
   -0.0578980461
   -0.0729485103
   -0.0809651976
   -0.0730911322
   -0.1929232613
   -0.0696093189
   -0.0541146984
   -0.0686892379
   -0.0618321122
   -0.0711477936
   -0.0792200725
   -0.0842472671
   -0.1086214442
   -0.0722465121
   -0.0662971974
   -0.0599799225
   -0.0771614798
   -0.0864366069
   -0.0635984810
   -0.0710258902
   -0.0639928231
   -0.0749805123
   -0.0843637914
   -0.0938356692
   -0.0266997555
   -0.0638382990
   -0.0750516039
   -0.0683690021
   -0.0616872542
   -0.0819113834
   -0.0934271799
   -0.1032221014
   -0.0862999987
   -0.0835686323
   -0.0800826715
   -0.0731333169
   -0.0657126516
   -0.0789770415
   -0.0906710967
   -0.1055023576
   -0.1187278006
   -0.1212214181
   -0.1194451621
   -0.0899052827
   -0.0788115980
   -0.0701767022
   -0.0869644174
   -0.1023173634
   -0.1230582556
   -0.1462979358
   -0.1448926555
   -0.1103710269
   -0.1541581539
   -0.1059158727
   -0.0863018495
   -0.0752631027
   -0.0971365763
   -0.1186813652
   -0.1532667275
   -0.2007819001
   -0.1482320165
   -0.1207556059
   -0.0954776637
   -0.0811189037
   -0.1103592740
   -0.1428920001
   -0.2044547176
   -0.1255752573
   -0.1041790375
   -0.0875051393
   -0.1274107537
   -0.1764383415
   -0.2313751185
   -0.1228367890
   -0.1105311548
   -0.0937412535
   -0.1127040164
   -0.1475873805
   -0.2062397770
   -0.1251163537
   -0.1157811834
   -0.0993697804
   -0.1252220612
   -0.1662956163
   -0.2029262764
   -0.2107991647
   -0.1526865873
   -0.1234139224
   -0.1047869702
   -0.1082684199
   -0.1364400955
   -0.1773778216
   -0.2011623310
   -0.2477369869
   -0.1824839814
   -0.1353535368
   -0.1108328469
   -0.1152913833
   -0.1439991284
   -0.1816706358
   -0.2227176877
   -0.2456388409
   -0.1996344544
   -0.1478847801
   -0.1175729082
   -0.1199995552
   -0.1466526739
   -0.1788794690
   -0.2052372598
   -0.1929823996
   -0.1545618102
   -0.1234815162
   -0.1215582681
   -0.1437360848
   -0.1646963768
   -0.1696070291
   -0.1510798654
   -0.1261315951
   -0.1196214057
   -0.1353116417
   -0.1443935912
   -0.1394762364
   -0.1239765357
   -0.1144716394
   -0.1234873561
   -0.1249484766
   -0.1175631717
   -0.1071034082
   -0.1109793208
   -0.0788835530
   -0.0721297580
   -0.0666232895
   -0.0616843368
   -0.0763094091
   -0.0850738575
   -0.0943142490
   -0.0997712388
   -0.0976733462
   -0.0893211677
   -0.0794630928
   -0.0722480036
   -0.0668631056
   -0.0614889045
   -0.0687224387
   -0.0760108276
   -0.0855191045
   -0.0983727112
   -0.1107706272
   -0.1136942004
   -0.1044836023
   -0.0896163857
   -0.0775847025
   -0.0724428065
   -0.0667229432
   -0.0608361678
   -0.0679222486
   -0.0751023476
   -0.0841664094
   -0.0980383540
   -0.1190760586
   -0.1338626254
   -0.1274518489
   -0.1061980292
   -0.0825612626
   -0.0739150863
   -0.0729080434
   -0.0657084714
   -0.0598401405
   -0.0668661714
   -0.0738535484
   -0.0822782954
   -0.0920933466
   -0.1179404884
   -0.1542302033
   -0.1622322733
   -0.1347819573
   -0.0962905071
   -0.0718105955
   -0.0702425403
   -0.0641207466
   -0.0587034693
   -0.0656306812
   -0.0723901110
   -0.0803450496
   -0.0851026652
   -0.0902584212
   -0.1577943979
   -0.1992436244
   -0.1821746330
   -0.1254771645
   -0.0486788131
   -0.0665456432
   -0.0627484923
   -0.0574665836
   -0.0708099442
   -0.0783842032
   -0.0813538720
   -0.1744046701
   -0.0843609356
   -0.0666205522
   -0.0614204723
   -0.0691645185
   -0.0764815776
   -0.0809323144
   -0.1351224666
   -0.1141044379
   -0.0662176246
   -0.0659252487
   -0.0598471008
   -0.0745716209
   -0.0814078760
   -0.1433363108
   -0.0560417420
   -0.0713747605
   -0.0641220515
   -0.0727011780
   -0.0802394820
   -0.0708551319
   -0.0772252137
   -0.0690568043
   -0.0619378038
   -0.0786706611
   -0.0846374375
   -0.0453105399
   -0.0808042394
   -0.0745052651
   -0.0663053607
   -0.0765664835
   -0.0857892565
   -0.0903217959
   -0.0587218267
   -0.0852172238
   -0.0801076265
   -0.0711376467
   -0.0837664713
   -0.0953921983
   -0.1060644760
   -0.0941570157
   -0.1319734169
   -0.0994629142
   -0.0868510641
   -0.0764812221
   -0.0930359723
   -0.1092817496
   -0.1260066270
   -0.1612470446
   -0.1246935647
   -0.0966486303
   -0.0826100199
   -0.0723453090
   -0.1054296217
   -0.1300140535
   -0.1626294657
   -0.1381115712
   -0.1377249740
   -0.1082556421
   -0.0897023365
   -0.1223422351
   -0.1632722941
   -0.2220232506
   -0.1159879076
   -0.1346931425
   -0.1168060448
   -0.0970894114
   -0.1114113579
   -0.1448343011
   -0.2039658998
   -0.1380330372
   -0.1320129483
   -0.1215922530
   -0.1036101922
   -0.1260981056
   -0.1692530525
   -0.1889679423
   -0.1921423280
   -0.1516388564
   -0.1275221192
   -0.1092379622
   -0.1103959240
   -0.1408479240
   -0.1831422755
   -0.1903361868
   -0.1400572350
   -0.1154092468
   -0.1197335868
   -0.1520193325
   -0.1849887043
   -0.2242965808
   -0.1581934915
   -0.1233804624
   -0.1032999872
   -0.1037702619
   -0.1269940199
   -0.1578997063
   -0.1928508945
   -0.2346135199
   -0.2304158348
   -0.1733278495
   -0.1322556522
   -0.1084569437
   -0.1084796221
   -0.1309699630
   -0.1589296990
   -0.1904071478
   -0.2038442059
   -0.1752445297
   -0.1386831414
   -0.1131986395
   -0.1110047376
   -0.1310418218
   -0.1530728645
   -0.1689442747
   -0.1625515099
   -0.1390590350
   -0.1161169794
   -0.1109214948
   -0.1269050017
   -0.1404156107
   -0.1435412845
   -0.1327374512
   -0.1158615689
   -0.1081817811
   -0.1191912991
   -0.1251392022
   -0.1222753665
   -0.1121323237
   -0.1095619140
   -0.1106651395
   -0.0765487676
   -0.0705391927
   -0.0651059283
   -0.0720093628
   -0.0794921699
   -0.0883061572
   -0.0959932168
   -0.0982890637
   -0.0938672141
   -0.0856309678
   -0.0775860462
   -0.0711659453
   -0.0651310373
   -0.0596091727
   -0.0716680110
   -0.0792586517
   -0.0894481995
   -0.1020625379
   -0.1104324071
   -0.1083928399
   -0.0980765501
   -0.0862271718
   -0.0780754732
   -0.0713173526
   -0.0644622552
   -0.0588528305
   -0.0709320036
   -0.0782670778
   -0.0872408805
   -0.1033809634
   -0.1218443660
   -0.1272658796
   -0.1160233946
   -0.0982807716
   -0.0847358209
   -0.0786133691
   -0.0699193881
   -0.0631867276
   -0.0578796354
   -0.0698846676
   -0.0771826772
   -0.0832413237
   -0.0926113746
   -0.1260575308
   -0.1490792195
   -0.1422620334
   -0.1170025460
   -0.0918699919
   -0.0814767091
   -0.0726445044
   -0.0666371175
   -0.0618629114
   -0.0685826076
   -0.0758104825
   -0.0822163318
   -0.0996457946
   -0.1626682434
   -0.1759240791
   -0.1462138004
   -0.1055887045
   -0.0681477483
   -0.0492063572
   -0.0649286366
   -0.0606763250
   -0.0671256480
   -0.0740546185
   -0.0814771911
   -0.1396292571
   -0.1870062516
   -0.1821650167
   -0.1261640650
   -0.0594667550
   -0.0555431273
   -0.0646405412
   -0.0593426330
   -0.0721983463
   -0.0792607357
   -0.0658341009
   -0.1419966341
   -0.1546717756
   -0.0678896372
   -0.0635977032
   -0.0704338017
   -0.0770711494
   -0.0679402459
   -0.1228494423
   -0.0704934540
   -0.0685819600
   -0.0617848486
   -0.0755330645
   -0.0753402539
   -0.0783347075
   -0.0783025002
   -0.0747743592
   -0.0664421577
   -0.0739007884
   -0.0802291610
   -0.0813903718
   -0.0816528697
   -0.0717999440
   -0.0799567491
   -0.0846653596
   -0.0824659855
   -0.0879734730
   -0.0777229917
   -0.0683298892
   -0.0778246220
   -0.0875930753
   -0.0956171844
   -0.0968917310
   -0.1066262056
   -0.1058764052
   -0.0960652096
   -0.0841260371
   -0.0733840692
   -0.0852618324
   -0.0982177122
   -0.1130369812
   -0.1053087226
   -0.1255610001
   -0.1363227116
   -0.1087398622
   -0.0914468015
   -0.0788624767
   -0.0947378049
   -0.1130633105
   -0.1371759192
   -0.1379781854
   -0.1392630859
   -0.1169116590
   -0.1406411199
   -0.1209831398
   -0.0996856842
   -0.0847474062
   -0.1069105657
   -0.1340301977
   -0.1789433247
   -0.1505504154
   -0.1406243744
   -0.1387193704
   -0.1269109014
   -0.1073490159
   -0.0908115320
   -0.1221944935
   -0.1618120457
   -0.2130792713
   -0.1876958924
   -0.1522497064
   -0.1313043998
   -0.1133250088
   -0.0965640900
   -0.1095807823
   -0.1395756091
   -0.1851378395
   -0.1867930840
   -0.1419840838
   -0.1190595126
   -0.1208424932
   -0.1548130795
   -0.1850523873
   -0.2297758606
   -0.1618631363
   -0.1270271326
   -0.1068955731
   -0.1057760581
   -0.1306796812
   -0.1635201571
   -0.1881362683
   -0.2253599097
   -0.2522487739
   -0.1847602443
   -0.1378081582
   -0.1125887217
   -0.1122379898
   -0.1372762967
   -0.1678915016
   -0.2050717296
   -0.2329907422
   -0.1960578369
   -0.1483422671
   -0.1187058005
   -0.1165938246
   -0.1399441205
   -0.1675552721
   -0.1927251386
   -0.1861454847
   -0.1529836924
   -0.1237636058
   -0.1181806276
   -0.1380806050
   -0.1572416648
   -0.1634757280
   -0.1483420371
   -0.1255780028
   -0.1166672191
   -0.1312360469
   -0.1402225343
   -0.1367277419
   -0.1228810366
   -0.1121720881
   -0.1208723722
   -0.1227628879
   -0.1163161426
   -0.1094113150
   -0.0744247186
   -0.0686868095
   -0.0631470294
   -0.0745304927
   -0.0821038670
   -0.0901015662
   -0.0953307511
   -0.0950684984
   -0.0899549542
   -0.0828194082
   -0.0758447546
   -0.0691602463
   -0.0629276521
   -0.0678269475
   -0.0742962809
   -0.0821287159
   -0.0925932332
   -0.1028311431
   -0.1066760471
   -0.1023417770
   -0.0935150328
   -0.0846303473
   -0.0766518813
   -0.0686810245
   -0.0621361133
   -0.0671566274
   -0.0736814459
   -0.0807449212
   -0.0908667746
   -0.1070082158
   -0.1186368104
   -0.1178117127
   -0.1075644424
   -0.0955654090
   -0.0860190284
   -0.0756110804
   -0.0669924867
   -0.0610257230
   -0.0661882267
   -0.0727975732
   -0.0796581087
   -0.0829598120
   -0.1020220912
   -0.1270131224
   -0.1355378682
   -0.1258896310
   -0.1097310123
   -0.0963681032
   -0.0831569271
   -0.0697840092
   -0.0650452395
   -0.0598570985
   -0.0715083920
   -0.0791091166
   -0.0769264383
   -0.1225202833
   -0.1500018218
   -0.1477515885
   -0.1280677930
   -0.1072588822
   -0.0881666578
   -0.0644667291
   -0.0638643613
   -0.0699193441
   -0.0774413959
   -0.0832925780
   -0.1471672881
   -0.1636125489
   -0.1489180688
   -0.1184935623
   -0.0847722312
   -0.0663772801
   -0.0628023590
   -0.0682661492
   -0.0750668282
   -0.0818221154
   -0.1204294405
   -0.1474725753
   -0.1574385147
   -0.1308288510
   -0.0615842992
   -0.0673933535
   -0.0612533494
   -0.0730677765
   -0.0774007754
   -0.1084124207
   -0.1119813015
   -0.1390233883
   -0.0604651645
   -0.0729430474
   -0.0660057447
   -0.0713921014
   -0.0768719387
   -0.0990769108
   -0.0856101876
   -0.0812875806
   -0.0717274415
   -0.0764454109
   -0.0748966615
   -0.0877651069
   -0.0885196416
   -0.0912053514
   -0.0786088910
   -0.0685748481
   -0.0749317298
   -0.0819683393
   -0.0726596359
   -0.0721823858
   -0.0898195468
   -0.0998634875
   -0.0861656339
   -0.0741827141
   -0.0813458904
   -0.0898952192
   -0.0948027882
   -0.0918510999
   -0.0844934858
   -0.1153576192
   -0.1234804198
   -0.1106012667
   -0.0940610887
   -0.0802810528
   -0.0895674623
   -0.1023999904
   -0.1143023354
   -0.1211164467
   -0.1390967621
   -0.1233996438
   -0.1025787215
   -0.0867045842
   -0.1004110457
   -0.1194289181
   -0.1386680735
   -0.1390373664
   -0.1830118330
   -0.1389795620
   -0.1355915078
   -0.1306306504
   -0.1108334267
   -0.0932601672
   -0.1145249945
   -0.1438580396
   -0.1880688827
   -0.2255207324
   -0.2138081251
   -0.1668047718
   -0.1427631993
   -0.1331486016
   -0.1170207670
   -0.0994653512
   -0.1059778583
   -0.1322295493
   -0.1752411504
   -0.2242640958
   -0.2268473616
   -0.1720212446
   -0.1403614729
   -0.1218327986
   -0.1048505931
   -0.1182296314
   -0.1512492792
   -0.1963077243
   -0.2166952800
   -0.1579840803
   -0.1285074329
   -0.1097646219
   -0.1053871480
   -0.1303024026
   -0.1653977728
   -0.1997713221
   -0.2387976946
   -0.2513142535
   -0.1837165188
   -0.1392083613
   -0.1152706507
   -0.1134062122
   -0.1397313774
   -0.1725882053
   -0.2121007537
   -0.2455444474
   -0.2041325117
   -0.1523375471
   -0.1219328073
   -0.1196504003
   -0.1450986162
   -0.1761225388
   -0.2085745205
   -0.2023450647
   -0.1618236768
   -0.1287155629
   -0.1039966328
   -0.1231637238
   -0.1460492526
   -0.1704078337
   -0.1804167328
   -0.1610676818
   -0.1330005914
   -0.1062838268
   -0.1233970815
   -0.1414007084
   -0.1539973858
   -0.1500664175
   -0.1322721851
   -0.1130749528
   -0.1063074987
   -0.1200907409
   -0.1314677253
   -0.1344880117
   -0.1262826530
   -0.1122889161
   -0.1136988034
   -0.1190296049
   -0.1169956522
   -0.0721256944
   -0.0663876383
   -0.0766609078
   -0.0838696567
   -0.0866119462
   -0.0802755052
   -0.0733963421
   -0.0665667185
   -0.0700761433
   -0.0766340498
   -0.0847456412
   -0.0941981158
   -0.1010362281
   -0.1019443561
   -0.0975533317
   -0.0904706477
   -0.0823625638
   -0.0736590151
   -0.0659186729
   -0.0695509144
   -0.0760988658
   -0.0835260928
   -0.0948762379
   -0.1071338979
   -0.1128820874
   -0.1104511619
   -0.1032159315
   -0.0940454380
   -0.0831118146
   -0.0722112025
   -0.0646493039
   -0.0686767444
   -0.0754872310
   -0.0817510795
   -0.0901618221
   -0.1084951188
   -0.1220237664
   -0.1243034502
   -0.1185316771
   -0.1092643643
   -0.0964167010
   -0.0794879633
   -0.0694482409
   -0.0632803586
   -0.0674698845
   -0.0744412012
   -0.0818228995
   -0.0806586434
   -0.0999350888
   -0.1253416994
   -0.1359444319
   -0.1346080522
   -0.1286664965
   -0.1155708621
   -0.0897207525
   -0.0708303002
   -0.0675928243
   -0.0619619525
   -0.0660579837
   -0.0727505055
   -0.0812611327
   -0.0839700344
   -0.1194983293
   -0.1394950701
   -0.1460638822
   -0.1484446622
   -0.1428623296
   -0.1140579541
   -0.0639110037
   -0.0694627719
   -0.0666672032
   -0.0708675050
   -0.0783257912
   -0.0878671951
   -0.1056544490
   -0.1347270362
   -0.1441114398
   -0.1580112500
   -0.0952515446
   -0.0686340024
   -0.0718986394
   -0.0652317213
   -0.0691135514
   -0.0755492204
   -0.0797719004
   -0.0828438889
   -0.0905818702
   -0.1394419730
   -0.1312984482
   -0.1466316661
   -0.0934028187
   -0.0797690456
   -0.0710262300
   -0.0738308523
   -0.0773133656
   -0.1381091534
   -0.1485712317
   -0.1209182636
   -0.1625927922
   -0.1281436318
   -0.0944695230
   -0.0785981215
   -0.0683059004
   -0.0722262361
   -0.0783304685
   -0.0706517463
   -0.1149895014
   -0.1244781992
   -0.1266687879
   -0.1122883518
   -0.0882333952
   -0.0744840691
   -0.0777052764
   -0.0833459633
   -0.0809806949
   -0.1047039893
   -0.1515286092
   -0.1054154989
   -0.1282681787
   -0.0987901081
   -0.0815425258
   -0.0844700396
   -0.0929712015
   -0.1043766642
   -0.1166497382
   -0.1401357158
   -0.1268171159
   -0.1610630993
   -0.1388806258
   -0.1089726852
   -0.0890364413
   -0.0755955175
   -0.0823220358
   -0.0935836279
   -0.1071604874
   -0.1197438932
   -0.1240102833
   -0.1516783262
   -0.1420052018
   -0.1409526184
   -0.1172909730
   -0.0963937473
   -0.0813360341
   -0.0904899541
   -0.1056348689
   -0.1250346982
   -0.1459448557
   -0.1754472117
   -0.1748282036
   -0.1281095585
   -0.1370571721
   -0.1223104534
   -0.1029574995
   -0.0870111388
   -0.1005347640
   -0.1211402034
   -0.1512331804
   -0.1939904086
   -0.2211450401
   -0.1884328830
   -0.1480747527
   -0.1370628704
   -0.1248755501
   -0.1081762289
   -0.0922880357
   -0.1124789741
   -0.1402720552
   -0.1832948727
   -0.2324282892
   -0.2369747204
   -0.1872232665
   -0.1484661093
   -0.1285990555
   -0.1123411360
   -0.0969361176
   -0.1026966852
   -0.1255649406
   -0.1596145551
   -0.2064346469
   -0.2463435553
   -0.2257029613
   -0.1709339929
   -0.1368597878
   -0.1167940411
   -0.1117338107
   -0.1376246810
   -0.1731573099
   -0.2164771264
   -0.2363623118
   -0.1947643826
   -0.1496510518
   -0.1228037034
   -0.1196629031
   -0.1460895765
   -0.1794528193
   -0.2117757656
   -0.2027632949
   -0.1621381966
   -0.1301164115
   -0.1051041549
   -0.1251658250
   -0.1498058475
   -0.1768823431
   -0.1880932557
   -0.1663854075
   -0.1363723631
   -0.1138556563
   -0.1087651315
   -0.1273811009
   -0.1478020114
   -0.1630781450
   -0.1587468375
   -0.1381985199
   -0.1170687300
   -0.1101319158
   -0.1257960256
   -0.1395210748
   -0.1436547729
   -0.1339255211
   -0.1176742697
   -0.1089351747
   -0.1204388347
   -0.1272079009
   -0.1249693638
   -0.1149194658
   -0.1123749304
   -0.1140559257
   -0.0834813583
   -0.0772650440
   -0.0703175836
   -0.0720568495
   -0.0787253099
   -0.0865498943
   -0.0938460241
   -0.0872816914
   -0.0788385957
   -0.0702473849
   -0.0717144467
   -0.0783873090
   -0.0866066063
   -0.0967418974
   -0.1047749964
   -0.1076799332
   -0.1058482772
   -0.1001473060
   -0.0905323429
   -0.0788511133
   -0.0691514598
   -0.0710205092
   -0.0779193111
   -0.0852660501
   -0.0964274994
   -0.1088775838
   -0.1163831512
   -0.1183208055
   -0.1160982203
   -0.1073375510
   -0.0916199256
   -0.0767310055
   -0.0675406655
   -0.0698911968
   -0.0772495452
   -0.0847083818
   -0.0933172732
   -0.1091333944
   -0.1216772149
   -0.1286104721
   -0.1332184594
   -0.1320059465
   -0.1134590986
   -0.0880322714
   -0.0739144623
   -0.0659388788
   -0.0684259872
   -0.0757104705
   -0.0848601576
   -0.0920849689
   -0.1063749184
   -0.1227998141
   -0.1334694753
   -0.1456109675
   -0.1617033512
   -0.1543442236
   -0.1119924166
   -0.0827819377
   -0.0720223307
   -0.0642336345
   -0.0735793096
   -0.0824886467
   -0.0939481103
   -0.1048232081
   -0.1237021651
   -0.1330969190
   -0.1472060515
   -0.1780569939
   -0.1653745708
   -0.1032620366
   -0.0805391921
   -0.0701195306
   -0.0715754217
   -0.0788197824
   -0.0893594722
   -0.1040037174
   -0.1272217266
   -0.1377116684
   -0.1399798611
   -0.1755634473
   -0.1487008707
   -0.0960813309
   -0.0779290527
   -0.0675406898
   -0.0697747360
   -0.0764196451
   -0.0828623350
   -0.0965042423
   -0.1235283026
   -0.1540473391
   -0.1397783483
   -0.1537367007
   -0.1223516965
   -0.0890125500
   -0.0740839466
   -0.0747622897
   -0.0812918568
   -0.0884102109
   -0.1120047475
   -0.1551339121
   -0.1575530725
   -0.1376868497
   -0.1785053630
   -0.1532941846
   -0.1034420604
   -0.0820958453
   -0.0804968427
   -0.0882271460
   -0.1024887381
   -0.1333969266
   -0.1636486264
   -0.1414224172
   -0.1324292620
   -0.1917260965
   -0.1685257606
   -0.1187215242
   -0.0912308675
   -0.0759779331
   -0.0786830865
   -0.0879286578
   -0.0995803355
   -0.1176340807
   -0.1444004521
   -0.1505515646
   -0.1234350397
   -0.1205645046
   -0.1787807986
   -0.1687871459
   -0.1299159414
   -0.1003711808
   -0.0825132661
   -0.0857898698
   -0.0978855194
   -0.1133324745
   -0.1322297322
   -0.1518390975
   -0.1466574358
   -0.1067190618
   -0.1367680167
   -0.1528741823
   -0.1334191445
   -0.1079733962
   -0.0889927474
   -0.0945876707
   -0.1104643405
   -0.1307041478
   -0.1550062603
   -0.1698467602
   -0.1497401166
   -0.1300676714
   -0.1389963263
   -0.1314755174
   -0.1129438642
   -0.0948071419
   -0.1052389032
   -0.1262152649
   -0.1547938072
   -0.1846181040
   -0.1848569314
   -0.1558715924
   -0.1391332226
   -0.1298186806
   -0.1157015994
   -0.0995342618
   -0.1175897343
   -0.1448062715
   -0.1806433309
   -0.2043293472
   -0.1861495115
   -0.1534349434
   -0.1330734499
   -0.1180937577
   -0.1032583453
   -0.1075502773
   -0.1305289306
   -0.1622181516
   -0.1971045993
   -0.2043740702
   -0.1736079999
   -0.1423580140
   -0.1220975948
   -0.1164881826
   -0.1415868098
   -0.1729968162
   -0.1975994508
   -0.1867328242
   -0.1543289236
   -0.1282995314
   -0.1040319537
   -0.1237224845
   -0.1482413916
   -0.1739484791
   -0.1823625582
   -0.1619970323
   -0.1350643705
   -0.1089360943
   -0.1279400020
   -0.1489675346
   -0.1642525146
   -0.1594409580
   -0.1390114843
   -0.1184076330
   -0.1117009563
   -0.1283092765
   -0.1431562570
   -0.1476869749
   -0.1372810139
   -0.1203099940
   -0.1118433608
   -0.1245615716
   -0.1323215088
   -0.1299600666
   -0.1189307955
   -0.1092628253
   -0.1174133371
   -0.1195203431
   -0.1141761105
   -0.0737176575
   -0.0802491265
   -0.0899964884
   -0.0830586137
   -0.0745916366
   -0.0736035201
   -0.0804692776
   -0.0884799252
   -0.0963282869
   -0.1035926928
   -0.1019228307
   -0.0955704332
   -0.0851283970
   -0.0743184083
   -0.0731203627
   -0.0801918677
   -0.0884957196
   -0.0983005544
   -0.1067512567
   -0.1122047695
   -0.1147949337
   -0.1121085605
   -0.1006855063
   -0.0852067286
   -0.0729153771
   -0.0721720832
   -0.0797156815
   -0.0880456981
   -0.0984608440
   -0.1093960507
   -0.1181252713
   -0.1259582515
   -0.1319649769
   -0.1249421183
   -0.1029936912
   -0.0830591032
   -0.0709569206
   -0.0707442008
   -0.0785348951
   -0.0877823664
   -0.0981281624
   -0.1103325928
   -0.1207512565
   -0.1320892559
   -0.1492117072
   -0.1600908682
   -0.1356985400
   -0.1003057646
   -0.0799254267
   -0.0687656411
   -0.0690738133
   -0.0764567727
   -0.0862740511
   -0.0979219833
   -0.1112121585
   -0.1222831239
   -0.1325231022
   -0.1553370238
   -0.1867263933
   -0.1893121118
   -0.1336669259
   -0.0943418436
   -0.0765763988
   -0.0741792314
   -0.0829739438
   -0.0955853648
   -0.1111465289
   -0.1260307337
   -0.1319157554
   -0.1492538251
   -0.1921294842
   -0.1894108100
   -0.1192646259
   -0.0877469693
   -0.0729192428
   -0.0721560262
   -0.0797735459
   -0.0906154834
   -0.1072478048
   -0.1286497901
   -0.1366418671
   -0.1402806924
   -0.1780620895
   -0.1569989668
   -0.1037828662
   -0.0813774252
   -0.0775026645
   -0.0863876407
   -0.1006058939
   -0.1230535025
   -0.1422664488
   -0.1387922103
   -0.1514273251
   -0.2060935118
   -0.1844329879
   -0.1238197655
   -0.0918250302
   -0.0754327565
   -0.0838958109
   -0.0952650840
   -0.1132633171
   -0.1369876186
   -0.1427623082
   -0.1378618357
   -0.1616801946
   -0.2048894798
   -0.1878784457
   -0.1413353611
   -0.1032609396
   -0.0828895504
   -0.0816125442
   -0.0920794786
   -0.1063590090
   -0.1258970744
   -0.1419094972
   -0.1389927912
   -0.1355303849
   -0.1616590507
   -0.1757281931
   -0.1476246996
   -0.1132272359
   -0.0904454959
   -0.0891393338
   -0.1022337104
   -0.1188917242
   -0.1372230993
   -0.1453935328
   -0.1372643248
   -0.1361586921
   -0.1500940966
   -0.1427384848
   -0.1190978700
   -0.0972428395
   -0.0982027115
   -0.1143358169
   -0.1336810884
   -0.1505449549
   -0.1511189285
   -0.1387996808
   -0.1368770703
   -0.1346363158
   -0.1206413828
   -0.1023778709
   -0.1087803934
   -0.1286244386
   -0.1508969775
   -0.1633969271
   -0.1545199866
   -0.1396616109
   -0.1310230686
   -0.1203513114
   -0.1057053295
   -0.1204862670
   -0.1438567625
   -0.1657135392
   -0.1687296095
   -0.1518134979
   -0.1344413280
   -0.1212317549
   -0.1080130979
   -0.1107653633
   -0.1318878818
   -0.1560729358
   -0.1715251896
   -0.1634993921
   -0.1427450657
   -0.1247952450
   -0.1188723994
   -0.1404858848
   -0.1609212493
   -0.1658636028
   -0.1505458467
   -0.1302690907
   -0.1067485191
   -0.1246979484
   -0.1439396212
   -0.1566224366
   -0.1520051945
   -0.1348920247
   -0.1172626696
   -0.1107395055
   -0.1270050629
   -0.1411799170
   -0.1451644813
   -0.1354663529
   -0.1198604122
   -0.1122633381
   -0.1252036279
   -0.1330511320
   -0.1306989178
   -0.1198396324
   -0.1109956098
   -0.1196490938
   -0.1219658031
   -0.1164639689
   -0.1116184558
   -0.0751026699
   -0.0817840816
   -0.0995145111
   -0.0967195735
   -0.0891520793
   -0.0790219230
   -0.0748562581
   -0.0819690989
   -0.0898734579
   -0.0976372160
   -0.1085339300
   -0.1098587796
   -0.1041795398
   -0.0916921704
   -0.0785444194
   -0.0741378884
   -0.0816816879
   -0.0901362344
   -0.0991924764
   -0.1075104986
   -0.1152450540
   -0.1224987122
   -0.1234885883
   -0.1106684983
   -0.0916588444
   -0.0767204757
   -0.0728790751
   -0.0808076901
   -0.0898850003
   -0.0998023426
   -0.1093033797
   -0.1186245612
   -0.1309247494
   -0.1435265057
   -0.1386986986
   -0.1125742997
   -0.0888255675
   -0.0740535571
   -0.0712243451
   -0.0790851840
   -0.0887955439
   -0.0997672087
   -0.1104700612
   -0.1196131647
   -0.1329226804
   -0.1553972796
   -0.1702064052
   -0.1460196127
   -0.1077446146
   -0.0842845257
   -0.0768202710
   -0.0863875066
   -0.0983466318
   -0.1111630841
   -0.1206094164
   -0.1305793334
   -0.1541238793
   -0.1847135839
   -0.1841710420
   -0.1366765258
   -0.0988981330
   -0.0791899405
   -0.0745645157
   -0.0832771641
   -0.0950529099
   -0.1096302743
   -0.1221413719
   -0.1286579374
   -0.1441256518
   -0.1804019933
   -0.1950454288
   -0.1697405407
   -0.1185644151
   -0.0897756887
   -0.0804460088
   -0.0909776619
   -0.1052705718
   -0.1210689061
   -0.1291200111
   -0.1351798267
   -0.1595054899
   -0.1925401437
   -0.1839910101
   -0.1394592944
   -0.1023466753
   -0.0779538022
   -0.0874557844
   -0.1001185508
   -0.1160528645
   -0.1286981688
   -0.1320149484
   -0.1406619612
   -0.1671102534
   -0.1791707859
   -0.1516189990
   -0.1146716772
   -0.0903268489
   -0.0844467580
   -0.0958171341
   -0.1101870249
   -0.1250907278
   -0.1322884533
   -0.1333359436
   -0.1428321753
   -0.1582816327
   -0.1502097406
   -0.1229723876
   -0.0983438737
   -0.0920875827
   -0.1053662636
   -0.1204576165
   -0.1323336199
   -0.1348279524
   -0.1338467579
   -0.1396285463
   -0.1403878093
   -0.1252031885
   -0.1044812972
   -0.1008388497
   -0.1159059104
   -0.1308912286
   -0.1389228751
   -0.1366639255
   -0.1329896062
   -0.1315458087
   -0.1232922803
   -0.1079750776
   -0.1104829650
   -0.1270543881
   -0.1406397719
   -0.1432777671
   -0.1362377967
   -0.1288573946
   -0.1211034576
   -0.1094464467
   -0.1203483450
   -0.1371702407
   -0.1467570578
   -0.1429299134
   -0.1319997859
   -0.1213200417
   -0.1117505452
   -0.1288754396
   -0.1433477960
   -0.1465527127
   -0.1372773730
   -0.1241962845
   -0.1182453717
   -0.1339586226
   -0.1433307248
   -0.1400225720
   -0.1278653508
   -0.1073969760
   -0.1220186937
   -0.1340775679
   -0.1372104614
   -0.1295231932
   -0.1169074378
   -0.1100988905
   -0.1221603920
   -0.1292247678
   -0.1271748818
   -0.1177223183
   -0.1101928892
   -0.1186119546
   -0.1208799372
   -0.1157770374
   -0.1122245038
   -0.0943867834
   -0.0900260377
   -0.0760563504
   -0.0827698396
   -0.1036720163
   -0.1021973851
   -0.0943075877
   -0.0756002713
   -0.0828468380
   -0.0905108775
   -0.1112925262
   -0.1149686265
   -0.1101227298
   -0.0965470298
   -0.0818898495
   -0.0745954754
   -0.0822881688
   -0.0906765167
   -0.0990640843
   -0.1070075021
   -0.1157636483
   -0.1252324729
   -0.1280217737
   -0.1153858578
   -0.0954661319
   -0.0731007725
   -0.0809846732
   -0.0900282898
   -0.0994078471
   -0.1079623103
   -0.1170427651
   -0.1298639037
   -0.1424024052
   -0.1381768084
   -0.1143920021
   -0.0912512857
   -0.0790198356
   -0.0883513796
   -0.0987499685
   -0.1083565144
   -0.1167005428
   -0.1287881581
   -0.1470798634
   -0.1564726181
   -0.1375043387
   -0.1070945588
   -0.0854171032
   -0.0767600971
   -0.0858070787
   -0.0966859442
   -0.1078009419
   -0.1163029729
   -0.1252165013
   -0.1420426001
   -0.1609660667
   -0.1560762468
   -0.1254237805
   -0.0972647241
   -0.0829703617
   -0.0935161482
   -0.1055093273
   -0.1156437830
   -0.1224650309
   -0.1332902018
   -0.1522424537
   -0.1604788233
   -0.1402252186
   -0.1099982794
   -0.0879815388
   -0.0900605127
   -0.1018567603
   -0.1135480313
   -0.1211154220
   -0.1269472330
   -0.1387375602
   -0.1516277041
   -0.1448700850
   -0.1203383858
   -0.0967443939
   -0.0867358578
   -0.0979002936
   -0.1100828110
   -0.1197802136
   -0.1245866242
   -0.1294479764
   -0.1381334570
   -0.1397280885
   -0.1250216131
   -0.1040522674
   -0.1061228539
   -0.1175612851
   -0.1244073191
   -0.1265225195
   -0.1290249886
   -0.1310864176
   -0.1240878316
   -0.1084890229
   -0.0920066942
   -0.1143082458
   -0.1240294236
   -0.1275016433
   -0.1265379512
   -0.1251602126
   -0.1207461354
   -0.1100166442
   -0.0960365800
   -0.1097902974
   -0.1217996813
   -0.1286959271
   -0.1282377461
   -0.1239224110
   -0.1184137081
   -0.1100035068
   -0.1170465860
   -0.1272776587
   -0.1301785284
   -0.1258012174
   -0.1102188129
   -0.1222885836
   -0.1291768871
   -0.1276750342
   -0.1202582365
   -0.1146157372
   -0.1241749601
   -0.1267847229
   -0.1216623784
   -0.1162199839
   -0.1221380516
   -0.1207507144
   -0.1146263565
   -0.1167309889
   -0.0970532811
   -0.0930904916
   -0.1010739564
   -0.1050745121
   -0.1044289158
   -0.0967493203
   -0.0828052145
   -0.1106541346
   -0.1147982081
   -0.1105421653
   -0.0976656544
   -0.0819235035
   -0.0898830453
   -0.1130318980
   -0.1214537777
   -0.1234550132
   -0.1126146821
   -0.0951160378
   -0.0803726788
   -0.0888225912
   -0.0973176514
   -0.1129012461
   -0.1230232333
   -0.1312421622
   -0.1268075647
   -0.1089780929
   -0.0899411043
   -0.0869266151
   -0.0961114998
   -0.1044530825
   -0.1117543893
   -0.1208140621
   -0.1318017126
   -0.1351481967
   -0.1220523681
   -0.1012180858
   -0.0844716045
   -0.0939210716
   -0.1031459203
   -0.1105365995
   -0.1175728207
   -0.1272214258
   -0.1351900003
   -0.1299224781
   -0.1116597436
   -0.0923313087
   -0.0910830320
   -0.1008626706
   -0.1091371865
   -0.1217227298
   -0.1294852481
   -0.1304711571
   -0.1183873334
   -0.1001940845
   -0.1071214671
   -0.1181355848
   -0.1230102553
   -0.1259351777
   -0.1200174479
   -0.1057454009
   -0.1190508162
   -0.1206299005
   -0.1179658792
   -0.1082371241
   -0.0947306026
   -0.1174790973
   -0.1150762888
   -0.1083781762
   -0.1169402942
   -0.1139872160
   -0.1164963443
   -0.1137445619
   -0.0970530563
   -0.0934655225
   -0.1031698930
   -0.1026187516
   -0.0956660439
   -0.1067287467
   -0.1097989378
   -0.1058846932
   -0.0950034324
   -0.1076860888
   -0.1134683020
   -0.1138406124
   -0.1052394811
   -0.0914964431
   -0.1135973935
   -0.1175658435
   -0.1132237292
   -0.1006472025
   -0.1116578093
   -0.1170567106
   -0.1169673782
   -0.1078690895
   -0.0937650657
   -0.1142305403
   -0.1164842943
   -0.1115890500
   -0.0998640465
   -0.1137239111
   -0.1118103227
   -0.1034846229
   -0.1100686310
   -0.1046083308
   -0.0987114756
   -0.0978285709
   -0.0918465519
   -0.1008120295
   -0.1023939967
   -0.0987605034
   -0.0900936757
   -0.1043516613
   -0.1034623783
   -0.0967354659
   -0.1041633582
   -0.1053685199
   -0.1013256722
   -0.0922851923
   -0.1050091942
   -0.1033327749
   -0.0965592224
   -0.1032396270
   -0.0987546250
