   -0.0177559598
   -0.0183884721
   -0.0210758024
   -0.0194197699
   -0.0221760960
   -0.0233095444
   -0.0193536667
   -0.0205323889
   -0.0245956683
   -0.0232159585
   -0.0175396268
   -0.0167527661
   -0.0226541600
   -0.0244812940
   -0.0207833706
   -0.0182759429
   -0.0225165128
   -0.0218183808
   -0.0170590327
   -0.0181080896
   -0.0201035511
   -0.0177597838
   -0.0162455163
   -0.0175911405
   -0.0172381039
   -0.0132451542
   -0.0197761326
   -0.0225674158
   -0.0199716342
   -0.0137652113
   -0.0196092685
   -0.0259003253
   -0.0270250470
   -0.0210705851
   -0.0170829140
   -0.0256244229
   -0.0314992217
   -0.0288518830
   -0.0199066243
   -0.0218865587
   -0.0310414524
   -0.0338164830
   -0.0268636942
   -0.0170248796
   -0.0161935838
   -0.0260390543
   -0.0332543099
   -0.0312804258
   -0.0222073537
   -0.0187637479
   -0.0276532772
   -0.0307888186
   -0.0254242710
   -0.0169695998
   -0.0196483744
   -0.0256962412
   -0.0250379470
   -0.0189821890
   -0.0117038451
   -0.0182950915
   -0.0211305529
   -0.0186341178
   -0.0152637524
   -0.0159099769
   -0.0055862286
   -0.0091144817
   -0.0055800798
   -0.0156315649
   -0.0144693291
   -0.0099577512
   -0.0055259223
   -0.0189984958
   -0.0210547299
   -0.0173660363
   -0.0104423476
   -0.0056634707
   -0.0202990839
   -0.0268296803
   -0.0272805889
   -0.0193410246
   -0.0106050648
   -0.0058155298
   -0.0188729682
   -0.0290346445
   -0.0364523123
   -0.0319310404
   -0.0194326261
   -0.0102161465
   -0.0152208194
   -0.0265177246
   -0.0397897642
   -0.0440289736
   -0.0318993983
   -0.0174680953
   -0.0206143941
   -0.0354883599
   -0.0482375761
   -0.0439069942
   -0.0271387337
   -0.0143345034
   -0.0135201005
   -0.0264925095
   -0.0422453910
   -0.0481412468
   -0.0361371316
   -0.0206803778
   -0.0165314704
   -0.0306149883
   -0.0421799894
   -0.0394634217
   -0.0262500550
   -0.0149263112
   -0.0183956392
   -0.0304022324
   -0.0350894171
   -0.0282973950
   -0.0180368095
   -0.0082915674
   -0.0180259078
   -0.0257306510
   -0.0255249324
   -0.0190623842
   -0.0079241951
   -0.0154468915
   -0.0192196489
   -0.0173132065
   -0.0118648817
   -0.0133505152
   -0.0056497813
   -0.0035140395
   -0.0017458233
   -0.0085484923
   -0.0060071741
   -0.0029301954
   -0.0012788227
   -0.0122551941
   -0.0103301512
   -0.0057959514
   -0.0021742180
   -0.0011488888
   -0.0160256081
   -0.0165595502
   -0.0119395243
   -0.0050524082
   -0.0019893264
   -0.0014485486
   -0.0185578143
   -0.0234760080
   -0.0222289630
   -0.0128716111
   -0.0049214173
   -0.0026136737
   -0.0186738800
   -0.0282972354
   -0.0349409354
   -0.0280233066
   -0.0134426367
   -0.0058062746
   -0.0033200638
   -0.0161942805
   -0.0283705774
   -0.0441002285
   -0.0487947338
   -0.0308290627
   -0.0135938011
   -0.0063937698
   -0.0237481373
   -0.0435074546
   -0.0640157018
   -0.0558222568
   -0.0282716087
   -0.0124205112
   -0.0061169126
   -0.0166280696
   -0.0345542781
   -0.0614830690
   -0.0739829555
   -0.0485348561
   -0.0222839637
   -0.0102896465
   -0.0226005354
   -0.0463648178
   -0.0702779689
   -0.0635281466
   -0.0346093817
   -0.0162136411
    0.0013114772
   -0.0114804732
   -0.0283812490
   -0.0521267306
   -0.0616233372
   -0.0436709945
   -0.0228177184
   -0.0114802825
    0.0038840572
    0.0021830617
   -0.0132531962
   -0.0307508386
   -0.0464094538
   -0.0431938569
   -0.0273798980
   -0.0149016049
    0.0052880226
   -0.0135736005
   -0.0275121536
   -0.0336789579
   -0.0271063858
   -0.0170313111
   -0.0018394399
   -0.0119846827
   -0.0207218623
   -0.0218335831
   -0.0166700450
   -0.0092398611
   -0.0140467164
   -0.0136811105
   -0.0065214202
   -0.0037171219
   -0.0020025784
   -0.0057506807
   -0.0034974621
   -0.0011418181
   -0.0000455326
   -0.0086079238
   -0.0063585403
   -0.0025123045
    0.0001447584
    0.0003804533
   -0.0119668491
   -0.0109861442
   -0.0062559305
   -0.0001858224
    0.0011091873
    0.0002803769
   -0.0149647341
   -0.0170274819
   -0.0139566068
   -0.0038972691
    0.0020952942
    0.0007491536
   -0.0002189600
   -0.0164133133
   -0.0228326444
   -0.0256253590
   -0.0162659195
   -0.0004789785
    0.0010485173
   -0.0004729724
   -0.0155293112
   -0.0256275613
   -0.0380625005
   -0.0388583270
   -0.0170903606
   -0.0024404684
   -0.0016640274
   -0.0014787295
   -0.0237643706
   -0.0436499319
   -0.0657249581
   -0.0520140222
   -0.0184221037
   -0.0061081867
   -0.0032050540
   -0.0026525908
   -0.0182333857
   -0.0386615062
   -0.0749058369
   -0.0937871533
   -0.0520427009
   -0.0176434310
   -0.0070235359
   -0.0035459109
    0.0004387986
   -0.0034072544
   -0.0112023269
   -0.0274333739
   -0.0623189184
   -0.0960596682
   -0.0913807149
   -0.0389239706
   -0.0142527181
   -0.0063301230
    0.0027878024
    0.0007925855
   -0.0043277714
   -0.0153346548
   -0.0403400789
   -0.0824833531
   -0.0645377834
   -0.0253812049
   -0.0106596414
    0.0042767034
    0.0038976326
    0.0014636010
   -0.0049731030
   -0.0199927799
   -0.0520429633
   -0.0834953732
   -0.0742080340
   -0.0375693877
   -0.0163088587
    0.0050452701
    0.0057582770
    0.0055551187
    0.0029798067
   -0.0049251335
   -0.0232205144
   -0.0522472218
   -0.0636430707
   -0.0432421985
   -0.0217038687
   -0.0107137397
    0.0065789171
    0.0077554432
    0.0080985816
    0.0053558775
   -0.0042223199
   -0.0221320552
   -0.0394076245
   -0.0377246709
   -0.0239676261
   -0.0131549711
    0.0084361428
    0.0103276047
    0.0111295831
    0.0073961322
   -0.0031401484
   -0.0169141226
   -0.0246593953
   -0.0212218664
   -0.0139246454
    0.0104923281
    0.0129071099
    0.0131371301
    0.0077654386
   -0.0019901281
   -0.0111819216
   -0.0145981478
   -0.0123061428
    0.0122636679
    0.0143114150
    0.0128387601
    0.0066507283
   -0.0011858150
   -0.0070290460
   -0.0087155092
   -0.0036149468
   -0.0017981321
   -0.0001837327
    0.0005485945
   -0.0055683435
   -0.0034047132
   -0.0007021733
    0.0010490978
    0.0011176199
   -0.0081575295
   -0.0062605381
   -0.0025209423
    0.0016973220
    0.0023558958
    0.0013043250
   -0.0109590433
   -0.0104611367
   -0.0068604664
    0.0014522977
    0.0055655018
    0.0027439214
    0.0010237192
   -0.0131134958
   -0.0154117122
   -0.0142992547
   -0.0043404458
    0.0133527056
    0.0068568525
    0.0018548143
   -0.0136600287
   -0.0194264860
   -0.0242504322
   -0.0193801881
    0.0114254493
    0.0185852533
    0.0035456831
    0.0006159837
   -0.0203867129
   -0.0329506839
   -0.0427937389
   -0.0222408794
    0.0199379352
    0.0058738331
    0.0003913050
   -0.0002859607
   -0.0004484633
   -0.0033564960
   -0.0087615857
   -0.0176045056
   -0.0343387422
   -0.0638983254
   -0.0719464172
   -0.0241134712
    0.0000654725
   -0.0012715880
   -0.0011305399
    0.0015926674
    0.0000142197
   -0.0043144492
   -0.0122255115
   -0.0277886427
   -0.0639984930
   -0.0823820818
   -0.0254819894
   -0.0070347945
   -0.0031324900
    0.0029766734
    0.0027278952
    0.0002412154
   -0.0058720653
   -0.0176710162
   -0.0472136902
   -0.0685151832
   -0.0200652363
   -0.0071620469
   -0.0033215461
    0.0044039844
    0.0038387282
    0.0002688171
   -0.0076852769
   -0.0260062506
   -0.0742774912
   -0.0423649171
   -0.0140513736
   -0.0059885530
    0.0052696302
    0.0059961458
    0.0051671720
    0.0010352249
   -0.0089324215
   -0.0363810577
   -0.0879124913
   -0.0626979143
   -0.0236732964
   -0.0097785368
    0.0055936753
    0.0070477479
    0.0081315139
    0.0078859070
    0.0039223146
   -0.0089047599
   -0.0414062419
   -0.0780626656
   -0.0654241441
   -0.0321389992
   -0.0141446007
   -0.0068365009
    0.0073280494
    0.0093783580
    0.0116940816
    0.0130086382
    0.0086218049
   -0.0072252847
   -0.0332560561
   -0.0466700816
   -0.0327764473
   -0.0173383365
   -0.0089322669
    0.0070105084
    0.0094239913
    0.0125969146
    0.0168478574
    0.0190676322
    0.0116033603
   -0.0039599917
   -0.0201040096
   -0.0239868867
   -0.0171071087
   -0.0101654128
    0.0086821130
    0.0118349311
    0.0163515240
    0.0216829727
    0.0212280590
    0.0111372816
   -0.0015019754
   -0.0113100049
   -0.0128880122
   -0.0096925297
    0.0103463213
    0.0141391142
    0.0192148794
    0.0226802819
    0.0182705141
    0.0086846273
   -0.0007612941
   -0.0065433683
    0.0116905694
    0.0155756520
    0.0194801224
    0.0194194149
    0.0135823146
    0.0059132401
   -0.0005459278
    0.0171059415
    0.0147659528
    0.0094481341
    0.0038217107
   -0.0007706348
    0.0003069039
   -0.0034572070
   -0.0015050013
    0.0002478050
    0.0012817000
    0.0013556583
   -0.0053041590
   -0.0029907293
   -0.0004025891
    0.0018533947
    0.0023673598
    0.0017058738
   -0.0076540034
   -0.0055381751
   -0.0023099488
    0.0020400256
    0.0045056209
    0.0030970359
    0.0017010422
   -0.0091401600
   -0.0060219039
    0.0002340019
    0.0110069568
    0.0069705046
    0.0029345902
   -0.0130367762
   -0.0118034280
   -0.0057261326
    0.0259471960
    0.0277777011
    0.0060058379
    0.0021029420
   -0.0156702954
   -0.0188890875
   -0.0163728289
    0.0117452622
    0.0188950414
    0.0032348772
    0.0011947430
   -0.0013493835
   -0.0043832966
   -0.0093149287
   -0.0155676028
   -0.0238568573
   -0.0325303135
   -0.0189184457
    0.0051413433
    0.0012671507
    0.0009396394
   -0.0008225239
   -0.0054091386
   -0.0124462900
   -0.0231709209
   -0.0440699109
   -0.0525126828
   -0.0119727607
    0.0062486417
    0.0006848325
    0.0001603510
    0.0025993841
    0.0024720694
   -0.0004010168
   -0.0071498538
   -0.0173779661
   -0.0404196300
   -0.0143407266
   -0.0016006746
   -0.0014785423
   -0.0007714404
    0.0035576147
    0.0045087034
    0.0041881851
   -0.0007838027
   -0.0096083425
   -0.0264425681
   -0.0699438286
   -0.0204219638
   -0.0063726378
   -0.0027254806
   -0.0013081233
    0.0053915159
    0.0066301621
    0.0050892086
   -0.0017120485
   -0.0122750005
   -0.0437138641
   -0.0414687811
   -0.0161159549
   -0.0061337249
   -0.0028191384
    0.0057239945
    0.0074286617
    0.0084047089
    0.0059508407
   -0.0008838273
   -0.0143415649
   -0.0639838721
   -0.0320767562
   -0.0114114966
   -0.0050826965
    0.0057080582
    0.0077318240
    0.0096975297
    0.0114008250
    0.0103326031
    0.0052591104
   -0.0143495083
   -0.0628503070
   -0.0740096087
   -0.0439603571
   -0.0178146092
   -0.0079716245
    0.0075734113
    0.0102068852
    0.0135306049
    0.0185808134
    0.0220733279
    0.0140164990
   -0.0070490555
   -0.0367842571
   -0.0384680556
   -0.0214587487
   -0.0107079000
    0.0069475586
    0.0098215820
    0.0136203511
    0.0200515716
    0.0308218453
    0.0338959803
    0.0182538156
    0.0018127738
   -0.0176577846
   -0.0182495716
   -0.0117150732
   -0.0066639930
    0.0087049515
    0.0124024900
    0.0178884255
    0.0279099441
    0.0398978930
    0.0321181258
    0.0168773030
    0.0015524357
   -0.0093557286
   -0.0097475936
   -0.0068248366
    0.0104833132
    0.0148940947
    0.0217645539
    0.0322020950
    0.0352437075
    0.0236206228
    0.0113105445
    0.0000576611
   -0.0053122027
    0.0119435340
    0.0166248723
    0.0232866720
    0.0289686667
    0.0251769905
    0.0157039208
    0.0065113199
   -0.0002643565
    0.0127624667
    0.0169991053
    0.0214374861
    0.0220900423
    0.0169908670
    0.0100292948
    0.0038307194
    0.0175766080
    0.0114193469
    0.0064739742
   -0.0005171115
    0.0007083945
    0.0013204708
   -0.0035212744
   -0.0011472819
    0.0007740363
    0.0018918750
    0.0021623812
   -0.0053992287
   -0.0025258618
    0.0004483983
    0.0023525671
    0.0033397014
    0.0028579372
    0.0019586724
   -0.0050161777
   -0.0007937401
    0.0022905727
    0.0051928194
    0.0048798239
    0.0031158301
   -0.0084338516
   -0.0039021893
    0.0015406039
    0.0094611366
    0.0118595460
    0.0053808751
    0.0028336526
   -0.0117868641
   -0.0090083952
   -0.0016327461
    0.0149532051
    0.0145462384
    0.0043827199
    0.0022290312
   -0.0057577883
   -0.0136471214
   -0.0144890919
   -0.0091638230
    0.0128343580
    0.0078609488
    0.0030050080
   -0.0002753857
   -0.0024648579
   -0.0071230541
   -0.0128298884
   -0.0175702299
   -0.0192514882
   -0.0010415701
    0.0225608254
    0.0036883718
    0.0018408935
    0.0016960056
    0.0012731208
   -0.0020990573
   -0.0089586450
   -0.0162111839
   -0.0249684073
   -0.0239406899
    0.0039483378
    0.0017992683
    0.0029583819
    0.0040671559
    0.0040813964
   -0.0022106910
   -0.0110138862
   -0.0212261149
   -0.0412749829
    0.0393839851
    0.0039864792
    0.0010548670
    0.0006418416
    0.0036231821
    0.0052690551
    0.0081785507
    0.0069667304
   -0.0037183562
   -0.0125707697
   -0.0332472941
    0.0046914663
   -0.0005405114
   -0.0002394778
    0.0056126373
    0.0084282676
    0.0129915528
    0.0056593372
   -0.0054875147
   -0.0137703799
   -0.0532853243
    0.0020002967
   -0.0033714933
   -0.0019187837
   -0.0008502663
    0.0056453645
    0.0080113737
    0.0113700085
    0.0131926921
    0.0031017796
   -0.0021048530
   -0.0165256337
   -0.0172261318
   -0.0095441009
   -0.0046496400
   -0.0021736137
    0.0078169388
    0.0104876863
    0.0137658469
    0.0158198768
    0.0108809012
    0.0110922884
   -0.0090353605
   -0.0444824242
   -0.0382395575
   -0.0187655229
   -0.0084771475
   -0.0040069511
    0.0073087453
    0.0104998762
    0.0140638291
    0.0214604256
    0.0324709660
    0.0404744676
    0.0267345406
   -0.0215885169
   -0.0215952620
   -0.0119174284
   -0.0060141538
    0.0096397597
    0.0141100621
    0.0207222979
    0.0367929482
    0.0735269381
    0.0534387668
    0.0450099329
    0.0216337529
   -0.0116746534
   -0.0117780093
   -0.0072760081
    0.0082215473
    0.0123697360
    0.0184490357
    0.0290896089
    0.0575363422
    0.0759216209
    0.0421821936
    0.0314531568
    0.0038357485
   -0.0068389115
   -0.0066566493
    0.0100378083
    0.0149508802
    0.0220397960
    0.0358267297
    0.0573823883
    0.0465888432
    0.0279653290
    0.0131321154
    0.0002845754
   -0.0039141450
    0.0115706516
    0.0165778774
    0.0238544288
    0.0352005165
    0.0393661524
    0.0280463493
    0.0163994409
    0.0061723072
   -0.0000744885
    0.0124470402
    0.0169872218
    0.0229663862
    0.0280123556
    0.0252915557
    0.0174858819
    0.0096718315
    0.0035056219
    0.0161933907
    0.0197170149
    0.0203669078
    0.0166929403
    0.0112326543
    0.0060634933
   -0.0004640073
    0.0011023478
    0.0018109349
    0.0019430691
   -0.0012023237
    0.0014586743
    0.0026065839
    0.0028728215
    0.0025735846
   -0.0028755557
    0.0015490306
    0.0038238865
    0.0040816111
    0.0038639883
    0.0029801321
   -0.0057171977
    0.0002227600
    0.0063172393
    0.0060865008
    0.0058497491
    0.0045254950
    0.0030480025
   -0.0092424687
   -0.0036593206
    0.0078927164
    0.0153461461
    0.0130569951
    0.0074850219
    0.0045270798
    0.0027820486
   -0.0123401961
   -0.0091436093
    0.0021312844
    0.0341968516
    0.0283580024
    0.0068928920
    0.0039501512
   -0.0045635431
   -0.0091424507
   -0.0136177166
   -0.0142111800
   -0.0064958576
    0.0201207563
    0.0180948026
    0.0053356267
    0.0030839414
    0.0002370501
   -0.0011059529
   -0.0052100241
   -0.0118076287
   -0.0165301022
   -0.0145530407
    0.0060067326
    0.0072434427
    0.0038877410
    0.0021737032
    0.0018338359
    0.0022221714
    0.0010037350
   -0.0060246432
   -0.0143215972
   -0.0179238377
   -0.0099890725
    0.0146504011
    0.0043746954
    0.0025156807
    0.0028200314
    0.0042424229
    0.0073695471
    0.0055919036
   -0.0072507651
   -0.0141283309
   -0.0170789857
    0.0344050577
    0.0047503520
    0.0025189853
    0.0050078362
    0.0092880291
    0.0234396843
    0.0080675025
   -0.0073388810
   -0.0080055877
   -0.0126574041
    0.0065878362
    0.0019271275
    0.0011232420
    0.0052171754
    0.0082844793
    0.0220861847
    0.0011339727
   -0.0010318794
   -0.0001859421
    0.0096369120
    0.0005271486
    0.0002737291
    0.0051443581
    0.0077239670
    0.0123513342
    0.0370004007
    0.0222814384
   -0.0038348468
    0.0169859564
    0.0076285028
    0.0048078573
   -0.0025586423
   -0.0013478985
    0.0072838898
    0.0107055646
    0.0160156663
    0.0329306010
    0.0212694992
    0.0239357906
    0.0360600990
    0.0102311937
   -0.0107592967
   -0.0082247464
   -0.0038450521
    0.0065867127
    0.0100933038
    0.0151008251
    0.0252175926
    0.0460896681
    0.0653583658
   -0.0085119663
   -0.0123253010
   -0.0065859941
   -0.0030118532
    0.0087924583
    0.0140726662
    0.0239614009
    0.0386582716
    0.0725836618
    0.0188228332
   -0.0083168353
   -0.0075520039
   -0.0041724925
    0.0114832454
    0.0192332060
    0.0306202204
    0.0542879679
    0.0946857026
    0.0632194392
    0.0402135243
    0.0016497002
   -0.0050402791
   -0.0042244304
    0.0090189424
    0.0142009679
    0.0223594102
    0.0330485424
    0.0645154390
    0.0875867789
    0.0464714680
    0.0301467715
    0.0104440103
   -0.0000681259
   -0.0026654411
    0.0105606607
    0.0158504714
    0.0226365099
    0.0334528180
    0.0490410189
    0.0420743320
    0.0267399953
    0.0146491357
    0.0049270636
    0.0000767117
    0.0115267868
    0.0160696647
    0.0216617250
    0.0289656544
    0.0316119665
    0.0247683628
    0.0161450791
    0.0084353390
    0.0030180003
    0.0117513751
    0.0153487170
    0.0193643544
    0.0223547537
    0.0209148486
    0.0159232592
    0.0102534238
    0.0053731658
    0.0107204413
    0.0012472650
    0.0022626953
    0.0024500858
   -0.0021372330
    0.0015312365
    0.0035280579
    0.0036274837
    0.0033028367
    0.0027080174
   -0.0043763973
    0.0010062249
    0.0059530086
    0.0057660690
    0.0047690260
    0.0039731981
    0.0029541281
   -0.0076129409
   -0.0016172131
    0.0090982077
    0.0135167942
    0.0073711090
    0.0057171654
    0.0043300994
    0.0029364752
   -0.0065472711
    0.0068456067
    0.0447242581
    0.0246178616
    0.0099757545
    0.0062383041
    0.0042625543
   -0.0139393196
   -0.0124785410
   -0.0017150625
    0.0110586164
    0.0061084585
    0.0037769249
   -0.0036587115
   -0.0082673775
   -0.0143948036
   -0.0175043456
   -0.0112479505
    0.0128692102
    0.0094998076
    0.0052911142
    0.0030285810
   -0.0005514668
   -0.0037193955
   -0.0111387759
   -0.0191163217
   -0.0193953966
   -0.0025824743
    0.0580280783
    0.0312915006
    0.0073930859
    0.0040163806
    0.0020471086
    0.0021626415
   -0.0028253970
   -0.0148300808
   -0.0220966260
   -0.0148030840
    0.0390080003
    0.0118175127
    0.0051094059
    0.0027477391
    0.0035775828
    0.0064309516
    0.0135436585
   -0.0009672767
   -0.0161506728
   -0.0153931694
    0.0062152258
    0.0194281794
    0.0060376467
    0.0031370069
    0.0042716787
    0.0072998826
    0.0266523748
   -0.0014858150
   -0.0021722779
    0.0091049244
    0.0275569978
    0.0063032710
    0.0031015592
    0.0044900408
    0.0070705667
    0.0163726876
    0.0030792507
    0.0478599320
    0.0438327510
    0.0449577191
    0.0051058431
    0.0021772443
    0.0014194616
    0.0067762810
    0.0109711133
    0.0296425947
    0.0453633881
    0.0308323031
   -0.0010801250
   -0.0002488335
    0.0004679808
    0.0062817907
    0.0098922942
    0.0168424907
    0.0126671396
   -0.0135124105
   -0.0046457944
   -0.0012124619
    0.0088140105
    0.0148812840
    0.0405084329
    0.0479146584
   -0.0137010126
   -0.0089393217
   -0.0033191669
    0.0074712932
    0.0124061892
    0.0281404463
    0.0926865422
    0.0031783525
   -0.0078568655
   -0.0046452299
    0.0097641138
    0.0175743811
    0.0442875454
    0.0540004134
    0.0715059766
    0.0185123080
   -0.0010047975
   -0.0036477704
    0.0122511710
    0.0218064435
    0.0346592631
    0.0462807505
    0.0696614222
    0.0398445567
    0.0224218150
    0.0063271061
   -0.0003212218
   -0.0015152294
    0.0090569790
    0.0140777877
    0.0213808344
    0.0281759980
    0.0412569225
    0.0494642831
    0.0349465682
    0.0222934143
    0.0112690110
    0.0036949435
    0.0003168829
    0.0100783061
    0.0144942364
    0.0193602539
    0.0248984945
    0.0308682219
    0.0290229852
    0.0215477035
    0.0136990023
    0.0069493436
    0.0025961580
    0.0138765981
    0.0173598200
    0.0208366735
    0.0220972036
    0.0191855685
    0.0141641458
    0.0089060918
    0.0046371347
    0.0128020325
    0.0151347476
    0.0166358030
    0.0133249877
    0.0096481855
    0.0007026306
    0.0024286556
    0.0028535895
    0.0027203943
    0.0002321402
    0.0037113642
    0.0044314621
    0.0039714201
    0.0033953252
   -0.0015890957
    0.0052499276
    0.0080286498
    0.0060047636
    0.0048883731
    0.0038813348
   -0.0054244794
    0.0046924616
    0.0181817207
    0.0122598607
    0.0070529736
    0.0056177047
    0.0040838543
   -0.0131529909
   -0.0109669586
   -0.0008471236
    0.0291879967
    0.0149816120
    0.0083123373
    0.0060132427
    0.0039242858
   -0.0099674033
   -0.0151795400
   -0.0170392886
   -0.0099732704
    0.0145519728
    0.0225707377
    0.0095262897
    0.0057705960
   -0.0030145069
   -0.0072286007
   -0.0144810738
   -0.0216066814
   -0.0205125388
   -0.0033700359
    0.0312360477
    0.0090966634
    0.0048686478
   -0.0004726854
   -0.0029754955
   -0.0099959789
   -0.0217053674
   -0.0296127273
   -0.0198335360
    0.0163126954
    0.0211217007
    0.0070436823
    0.0037021086
    0.0015409713
    0.0013917594
   -0.0015008491
   -0.0144672917
   -0.0314461029
   -0.0339644312
   -0.0065156160
    0.0106837226
    0.0048415155
    0.0028035774
    0.0042029966
    0.0087591948
    0.0069468906
   -0.0199406359
   -0.0327715892
   -0.0192303682
    0.0401030308
    0.0156538453
    0.0059957519
    0.0034480552
    0.0053563590
    0.0118028674
    0.0222822753
   -0.0108028715
    0.0190859119
    0.0221416493
    0.0572617006
    0.0151687891
    0.0063943712
    0.0033947202
    0.0056615102
    0.0099558296
    0.0299106223
    0.0071906293
    0.0045915656
    0.0030115161
    0.0055252558
    0.0089727167
    0.0210592412
   -0.0171428051
   -0.0012539707
    0.0014554506
    0.0081494955
    0.0143318310
   -0.0343314722
   -0.0118392409
   -0.0015721087
    0.0071270715
    0.0120713132
    0.0346950490
    0.0005870326
   -0.0171691585
   -0.0051129123
   -0.0009255263
    0.0098159844
    0.0201989010
   -0.0065060924
   -0.0059854229
   -0.0021068377
    0.0078183456
    0.0134244357
    0.0370965955
    0.0658292046
    0.0881087083
    0.0678318875
    0.0425646874
    0.0075870452
   -0.0020924942
   -0.0019930523
    0.0097574865
    0.0172184787
    0.0372336565
    0.0398015147
    0.0463416392
    0.0635420926
    0.0434246897
    0.0304318502
    0.0147134000
    0.0038869901
   -0.0000714553
    0.0114320622
    0.0183414883
    0.0251472677
    0.0277558382
    0.0350051061
    0.0347495773
    0.0270871074
    0.0175759618
    0.0086719233
    0.0028988187
    0.0122105555
    0.0168029681
    0.0201666976
    0.0235737313
    0.0260518642
    0.0236607392
    0.0180091829
    0.0113787819
    0.0056897715
    0.0120059256
    0.0149550351
    0.0174179290
    0.0194460695
    0.0194223442
    0.0166522603
    0.0122431286
    0.0075815843
    0.0132905545
    0.0148955524
    0.0155484528
    0.0144905564
    0.0118637003
    0.0084641395
    0.0018727916
    0.0029465712
    0.0030334209
   -0.0020517685
    0.0022285808
    0.0045297768
    0.0044764207
    0.0039503100
   -0.0048997035
    0.0015146876
    0.0073153535
    0.0072172026
    0.0056946624
    0.0047181781
    0.0035992395
   -0.0019123265
    0.0102702604
    0.0152750724
    0.0086957573
    0.0067768703
    0.0052677754
   -0.0140808011
   -0.0149019072
   -0.0087937451
    0.0070647285
    0.0380664488
    0.0211093640
    0.0101765544
    0.0079375379
    0.0053970752
   -0.0088202762
   -0.0150003200
   -0.0203196568
   -0.0185089847
   -0.0041837597
    0.0378272092
    0.0238908490
    0.0148070844
    0.0084481041
    0.0049639948
   -0.0060539167
   -0.0131859069
   -0.0233392569
   -0.0295268884
   -0.0202940554
    0.0090544695
    0.0173406090
    0.0075184399
   -0.0004635527
   -0.0025418142
   -0.0084439632
   -0.0212180643
   -0.0378777147
   -0.0408905553
   -0.0152283644
    0.0335526024
    0.0128016214
    0.0057918351
    0.0011128282
    0.0006582423
   -0.0020159280
   -0.0126603208
   -0.0362962968
   -0.0582917960
   -0.0455398677
    0.0048490537
    0.0834731800
    0.0268243791
    0.0081739202
    0.0028239961
    0.0034649839
    0.0020630713
   -0.0195040985
   -0.0550408933
   -0.0267081904
    0.0413877698
    0.0109461090
    0.0051159139
    0.0039445976
    0.0061740859
    0.0154599788
   -0.0202786884
    0.0233391467
    0.0113839106
    0.0057076899
    0.0043419774
    0.0069525712
    0.0151376115
   -0.0030204309
    0.0055398434
    0.0049434286
    0.0032079943
    0.0068136036
    0.0123869602
   -0.0102913578
    0.0016994956
    0.0024955889
    0.0062626263
    0.0105267232
    0.0289682677
   -0.0308117616
   -0.0043442571
    0.0008466768
    0.0089576147
    0.0176516937
   -0.0231995756
   -0.0096457846
   -0.0013551212
    0.0074299050
    0.0128914959
    0.0470708674
    0.0097332897
   -0.0069024749
   -0.0026006325
    0.0097346502
    0.0191091016
    0.0579115484
    0.0316469222
    0.0028461339
   -0.0011229977
    0.0075212400
    0.0121801995
    0.0238040629
    0.0414810618
    0.0235471771
    0.0139920183
    0.0282715791
    0.0361012730
    0.0297298915
    0.0112995224
    0.0027496052
    0.0006313959
    0.0088412692
    0.0137440005
    0.0205621899
    0.0210810935
    0.0175328743
    0.0202348948
    0.0257608461
    0.0233321071
    0.0151229979
    0.0068192091
    0.0025411870
    0.0097133627
    0.0136067341
    0.0164993028
    0.0169845064
    0.0177833695
    0.0201703708
    0.0198058837
    0.0155593083
    0.0094914365
    0.0046936293
    0.0099205676
    0.0125250362
    0.0141819149
    0.0152195726
    0.0163790948
    0.0165872374
    0.0144779301
    0.0105270088
    0.0063762707
    0.0113392311
    0.0125653232
    0.0134641233
    0.0137953929
    0.0128276143
    0.0104205458
    0.0073025617
    0.0024162267
    0.0030358372
   -0.0003775328
    0.0031801073
    0.0043906048
    0.0042355514
    0.0037205801
   -0.0028087500
    0.0034997399
    0.0066515478
    0.0061186923
    0.0052978346
    0.0042971176
   -0.0075775193
    0.0015310658
    0.0101143929
    0.0095278300
    0.0074977363
    0.0062514427
    0.0046009822
   -0.0168936681
   -0.0149003630
   -0.0049434195
    0.0110797894
    0.0178361492
    0.0107934406
    0.0093013680
    0.0068832540
   -0.0133239960
   -0.0206678410
   -0.0241664274
   -0.0167194498
    0.0027483840
    0.0272954438
    0.0187672387
    0.0155146217
    0.0112324826
    0.0067388827
   -0.0048235240
   -0.0108565218
   -0.0214049498
   -0.0332551753
   -0.0341455266
   -0.0146411631
    0.0172531694
    0.0326922684
    0.0311502649
    0.0250037725
    0.0109295123
    0.0058049212
   -0.0020518944
   -0.0065890265
   -0.0175619895
   -0.0374919900
   -0.0553149904
   -0.0441693132
   -0.0031386387
    0.0356259802
    0.0441800769
    0.0214654143
    0.0085874195
    0.0003311636
   -0.0018529229
   -0.0098298391
   -0.0314238191
   -0.0695642027
   -0.0758023832
   -0.0421897881
    0.0302546759
    0.0659832800
    0.0458551988
    0.0129819715
    0.0060854834
    0.0019691942
    0.0019157347
   -0.0010345023
   -0.0156940986
   -0.0595193247
   -0.0060664922
    0.0681086054
    0.0444782954
    0.0176022600
    0.0077505539
    0.0028769398
    0.0040803349
    0.0054374535
    0.0049739935
   -0.0191655074
    0.0258923684
    0.0156789101
    0.0085485299
    0.0047612984
    0.0049088223
    0.0080532468
    0.0206863338
    0.0098154845
    0.0035323275
    0.0066434151
    0.0047148794
    0.0049777442
    0.0081297870
    0.0190704360
   -0.0211591448
    0.0004310579
    0.0034414921
    0.0074159354
    0.0134385202
   -0.0304849105
   -0.0091899985
    0.0007461224
    0.0065039535
    0.0107569911
    0.0255138373
    0.0058672962
   -0.0123126104
   -0.0021976477
    0.0087830768
    0.0158542967
    0.1008079517
   -0.0003815419
   -0.0023651052
    0.0002100184
    0.0071028074
    0.0114667651
    0.0236131858
    0.0214576449
   -0.0180291675
    0.0213132818
    0.0172990270
    0.0019312286
    0.0005875687
    0.0086785438
    0.0138889642
    0.0231408537
    0.0192900222
   -0.0001162626
    0.0001805900
    0.0275982769
    0.0482415744
    0.0271176481
    0.0080564197
    0.0025766352
    0.0099289853
    0.0143600288
    0.0165208577
    0.0118353596
    0.0070294784
    0.0160413757
    0.0241078408
    0.0227361853
    0.0123429094
    0.0053599277
    0.0104124193
    0.0130357336
    0.0132054593
    0.0116968188
    0.0133013385
    0.0174547829
    0.0178961013
    0.0134566373
    0.0076769449
    0.0101299187
    0.0115664118
    0.0118566171
    0.0123230382
    0.0139592970
    0.0146481693
    0.0126924140
    0.0088564395
    0.0104453048
    0.0110322042
    0.0117662933
    0.0122222214
    0.0113516301
    0.0090186364
    0.0007870883
    0.0033117683
    0.0040326685
    0.0038903068
   -0.0008929344
    0.0039401732
    0.0055633059
    0.0054104984
    0.0047298604
   -0.0050194197
    0.0032826515
    0.0076123053
    0.0074722883
    0.0067095198
    0.0053431418
   -0.0165254002
   -0.0180215240
   -0.0126483773
   -0.0010727866
    0.0092185563
    0.0103318723
    0.0094411322
    0.0078789776
    0.0055317910
   -0.0182704780
   -0.0251348015
   -0.0243475250
   -0.0115809484
    0.0064425253
    0.0142384517
    0.0131020614
    0.0121334531
    0.0083169031
   -0.0082702063
   -0.0171170543
   -0.0302082784
   -0.0395215603
   -0.0309147769
   -0.0050645019
    0.0166330579
    0.0186293042
    0.0198448132
    0.0133962870
    0.0075677298
   -0.0047776394
   -0.0127630583
   -0.0296157692
   -0.0539984003
   -0.0613546504
   -0.0320882663
    0.0124546236
    0.0300746608
    0.0291886892
    0.0230723013
    0.0114014584
    0.0061027433
   -0.0013415568
   -0.0065152424
   -0.0216527713
   -0.0574215972
   -0.0859935987
   -0.0792780952
   -0.0123754604
    0.0554685519
    0.0429202397
    0.0325840073
    0.0168680549
    0.0082835801
    0.0012506073
   -0.0005353534
   -0.0092508390
   -0.0402708500
   -0.0692163794
    0.0361258403
    0.0205263598
    0.0104958177
    0.0027678347
    0.0034472813
    0.0027844359
   -0.0081362323
   -0.0712054836
    0.0127752695
    0.0675494429
    0.0183316764
    0.0111008130
    0.0064813086
    0.0034407405
    0.0051458488
    0.0088800183
    0.0110087173
    0.0081590270
    0.0062467738
    0.0054625216
    0.0092367471
    0.0370055686
    0.0342516077
    0.0025196279
    0.0006806879
    0.0043245547
    0.0052076496
    0.0082570936
    0.0168255830
    0.0130298004
   -0.0069149270
    0.0009442360
    0.0072338088
    0.0115154988
    0.0279423443
    0.0413921849
    0.0558600637
   -0.0013977464
   -0.0013342025
    0.0016011159
    0.0062093274
    0.0095140327
    0.0147712335
    0.0276400970
    0.0291145313
   -0.0137758319
    0.0423639745
    0.0195290382
    0.0014330882
    0.0011587992
    0.0077959475
    0.0116778521
    0.0163384370
    0.0143296727
   -0.0098466877
   -0.0090347962
    0.0341291770
    0.0520447800
    0.0089443304
    0.0026846862
    0.0092130032
    0.0127686255
    0.0131573498
    0.0049068828
   -0.0064699086
    0.0112260696
    0.0339032339
    0.0441760923
    0.0164280069
    0.0058960943
    0.0027840601
    0.0072875588
    0.0100028175
    0.0119806601
    0.0101090021
    0.0047497714
    0.0067527101
    0.0177027858
    0.0243116640
    0.0183152625
    0.0091034152
    0.0043916276
    0.0078714965
    0.0099251115
    0.0105818597
    0.0091312600
    0.0084345060
    0.0123915717
    0.0164965641
    0.0158781778
    0.0107632652
    0.0060636932
    0.0093303218
    0.0095963385
    0.0093802212
    0.0105136481
    0.0126671193
    0.0131176589
    0.0107575624
    0.0071951916
    0.0086628725
    0.0090283427
    0.0109494328
    0.0099121673
    0.0014220552
    0.0031735894
    0.0004316497
    0.0037749151
    0.0048519712
    0.0047436533
   -0.0024960681
    0.0037283801
    0.0062542734
    0.0064620278
    0.0056593772
   -0.0180110104
   -0.0166741561
   -0.0088127545
    0.0015478147
    0.0075526229
    0.0086358370
    0.0079862077
    0.0061985550
   -0.0145736236
   -0.0221575149
   -0.0260971213
   -0.0200659949
   -0.0052901254
    0.0075788687
    0.0113631153
    0.0112143495
    0.0090145357
    0.0061230794
   -0.0125219068
   -0.0234761721
   -0.0357049932
   -0.0374420018
   -0.0205277804
    0.0034123014
    0.0151785580
    0.0156342826
    0.0132536464
    0.0088249507
   -0.0033758089
   -0.0086326323
   -0.0203145157
   -0.0409381514
   -0.0591625669
   -0.0497373217
   -0.0116234054
    0.0199890128
    0.0233009024
    0.0189099763
    0.0127133393
    0.0074980001
   -0.0009715014
   -0.0040872787
   -0.0131187746
   -0.0361064933
   -0.0754759649
   -0.0846572962
   -0.0506417891
    0.0185791825
    0.0423903302
    0.0266041379
    0.0172162428
    0.0100305936
    0.0007942393
   -0.0002366479
   -0.0045766738
   -0.0209122012
   -0.0699100661
   -0.0139156916
    0.0469378411
    0.0211949172
    0.0123378437
    0.0071654373
    0.0021910992
    0.0019718339
   -0.0009041734
   -0.0336514438
   -0.0669920148
    0.0271219521
    0.0132091649
    0.0080569591
    0.0033398934
    0.0049233933
    0.0124164842
   -0.0495089786
    0.0119689311
    0.0379366280
    0.0120287772
    0.0077908166
    0.0037148063
    0.0055861269
    0.0111636510
   -0.0300241087
    0.0079753895
    0.0530522568
    0.0394541322
    0.0089845375
    0.0060268326
    0.0054346054
    0.0085812869
    0.0289330180
    0.0153551519
    0.0198686809
    0.0413560047
    0.0345838748
    0.0083674556
    0.0036865671
    0.0038974505
    0.0050137256
    0.0073892450
    0.0112221486
    0.0392127789
    0.0362112053
    0.0014131352
    0.0398522827
    0.0448583687
    0.0531087464
    0.0164926245
    0.0039388509
    0.0030019208
    0.0064587223
    0.0089942484
    0.0110600648
    0.0143435108
   -0.0025765523
    0.0027487489
    0.0325783162
    0.0375545669
    0.0092445819
    0.0035903005
    0.0077720253
    0.0096707460
    0.0087296479
    0.0025401773
   -0.0072200058
    0.0116626257
    0.0365460883
    0.0527789353
    0.0178305492
    0.0063509897
    0.0033248169
    0.0065425494
    0.0086197090
    0.0093543782
    0.0065670194
   -0.0001380907
    0.0025373833
    0.0178563460
    0.0314430478
    0.0229355977
    0.0101130792
    0.0048087089
    0.0072440280
    0.0087773516
    0.0084762649
    0.0056216552
    0.0038913944
    0.0102286043
    0.0182850031
    0.0197130909
    0.0126044003
    0.0067007532
    0.0075267326
    0.0083925655
    0.0077703604
    0.0065389811
    0.0081075643
    0.0125013037
    0.0149601796
    0.0126368424
    0.0081440632
    0.0074321129
    0.0078791624
    0.0076160297
    0.0078960109
    0.0097811404
    0.0116335674
    0.0112585519
    0.0086493722
    0.0096865584
    0.0012495536
    0.0035519881
    0.0042541652
   -0.0005162676
    0.0038193154
    0.0054459000
    0.0054267897
   -0.0158420851
   -0.0172598984
   -0.0132254684
   -0.0047850295
    0.0030456370
    0.0066995296
    0.0072576430
    0.0062955082
   -0.0174917153
   -0.0232691324
   -0.0227792479
   -0.0132817197
   -0.0003059524
    0.0077018166
    0.0095878706
    0.0086800017
    0.0065871782
   -0.0166825070
   -0.0274527111
   -0.0344954897
   -0.0279820437
   -0.0091455822
    0.0074685934
    0.0127679513
    0.0118827780
    0.0091177996
   -0.0057671897
   -0.0131226417
   -0.0270520594
   -0.0447357494
   -0.0494339362
   -0.0283332191
    0.0026552499
    0.0176170391
    0.0164741106
    0.0124034291
    0.0083091320
   -0.0026855812
   -0.0078129852
   -0.0207184118
   -0.0465661209
   -0.0709120167
   -0.0618022138
   -0.0149784084
    0.0232033336
    0.0247805889
    0.0165387199
    0.0107890527
   -0.0002348629
   -0.0025944947
   -0.0104556433
   -0.0345868657
   -0.0783639013
   -0.0854145477
   -0.0537721246
    0.0180962608
    0.0404620445
    0.0229217952
    0.0132680354
    0.0082499267
    0.0013435554
    0.0010210651
   -0.0007251876
   -0.0124908018
   -0.0579115399
   -0.0125447157
    0.0519558206
    0.0339057744
    0.0157250593
    0.0093221743
    0.0028343078
    0.0042560046
    0.0099087851
   -0.0142024889
   -0.0719259919
   -0.0428184283
    0.0293134003
    0.0422894090
    0.0182268371
    0.0096645091
    0.0035224076
    0.0053055604
    0.0139179072
    0.0378456187
   -0.0220616280
   -0.0500929113
   -0.0364560279
    0.0067638906
    0.0327247563
    0.0193852465
    0.0093032537
    0.0061475151
    0.0052346691
    0.0088960371
    0.0320012011
    0.0209088524
   -0.0185005982
   -0.0145202263
    0.0050824801
    0.0229405934
    0.0190080795
    0.0090703109
    0.0056335093
    0.0049394348
    0.0069135128
    0.0114754875
    0.0203110536
   -0.0008579192
   -0.0036091746
    0.0111515333
    0.0225225461
    0.0212726015
    0.0107590537
    0.0056285595
    0.0061407719
    0.0076719978
    0.0086978890
    0.0038039366
   -0.0031610573
    0.0081214148
    0.0213689206
    0.0272089953
    0.0151779337
    0.0071446092
    0.0054729398
    0.0069249388
    0.0071929194
    0.0049079517
   -0.0004636733
    0.0020986256
    0.0146847516
    0.0252994078
    0.0202180436
    0.0101307388
    0.0053146065
    0.0061933156
    0.0071290478
    0.0063086198
    0.0032868777
    0.0015913361
    0.0083197234
    0.0173966088
    0.0200377799
    0.0129840735
    0.0070469989
    0.0065658761
    0.0069064007
    0.0056915335
    0.0039260446
    0.0057752991
    0.0115888650
    0.0156735861
    0.0136339066
    0.0086775010
    0.0065986200
    0.0065682127
    0.0057332183
    0.0058146127
    0.0085257042
    0.0117437024
    0.0121738915
    0.0093955313
    0.0063820312
    0.0062893056
    0.0092050863
    0.0101964451
    0.0090995360
    0.0037094128
   -0.0155040613
   -0.0145070386
    0.0036809994
    0.0057780486
   -0.0185074656
   -0.0210446332
   -0.0168043533
   -0.0069100171
    0.0024453858
    0.0069333656
    0.0075573893
   -0.0193675222
   -0.0270660133
   -0.0274915707
   -0.0167398824
   -0.0015768485
    0.0078132851
    0.0098003481
    0.0085359702
   -0.0084608084
   -0.0170876739
   -0.0297544657
   -0.0389038984
   -0.0323671357
   -0.0112788524
    0.0072366397
    0.0128080028
    0.0112155655
    0.0083659868
   -0.0049074982
   -0.0119946733
   -0.0264325371
   -0.0456273337
   -0.0513640245
   -0.0298611393
    0.0016195464
    0.0164907033
    0.0149081027
    0.0106577355
   -0.0017595124
   -0.0058827359
   -0.0173105839
   -0.0411398781
   -0.0636493645
   -0.0548986518
   -0.0141810222
    0.0176145262
    0.0200976339
    0.0133875168
    0.0004235848
   -0.0009569416
   -0.0062098701
   -0.0250681131
   -0.0580616659
   -0.0690561031
   -0.0377216255
    0.0087803336
    0.0245645001
    0.0166731916
    0.0101853203
    0.0017849774
    0.0016163274
   -0.0053264679
   -0.0339774073
   -0.0610963355
   -0.0508272740
   -0.0076623149
    0.0213524586
    0.0193353340
    0.0113627150
    0.0029352565
    0.0042208794
    0.0067922345
   -0.0069303895
   -0.0351424836
   -0.0418735199
   -0.0169752477
    0.0117822396
    0.0186584382
    0.0120986337
    0.0075097422
    0.0033323025
    0.0045227694
    0.0073131332
    0.0078369011
   -0.0106238500
   -0.0223690624
   -0.0130451623
    0.0059286033
    0.0156230117
    0.0123609996
    0.0076615420
    0.0044396004
    0.0058348341
    0.0075573723
    0.0014778295
   -0.0081895634
   -0.0052184499
    0.0058511509
    0.0141370428
    0.0129424735
    0.0082223753
    0.0042463471
    0.0052867333
    0.0058781508
    0.0041886743
   -0.0014061429
   -0.0015275006
    0.0063936984
    0.0139789610
    0.0144050985
    0.0096202554
    0.0059391523
    0.0049516788
    0.0055700038
    0.0048495317
    0.0019968242
    0.0001630000
    0.0049490432
    0.0121773745
    0.0151830068
    0.0114900615
    0.0071054429
    0.0053623088
    0.0053835293
    0.0040069133
    0.0021624892
    0.0037135669
    0.0091499004
    0.0134612305
    0.0124953748
    0.0084939199
    0.0054741556
    0.0051021016
    0.0039705501
    0.0039051212
    0.0068138085
    0.0106158166
    0.0117257313
    0.0093517865
    0.0054155726
    0.0050262187
    0.0046840795
    0.0058054654
    0.0082901139
    0.0099677939
    0.0092367661
   -0.0172454063
   -0.0165810726
   -0.0106593039
   -0.0195120556
   -0.0227757730
   -0.0186043139
   -0.0081222905
    0.0066341917
   -0.0190174058
   -0.0272345235
   -0.0281039296
   -0.0174850177
   -0.0023565784
    0.0070217387
    0.0089614934
   -0.0073295294
   -0.0153182445
   -0.0272328291
   -0.0358424033
   -0.0299693154
   -0.0110316785
    0.0055635514
    0.0108434210
   -0.0037257075
   -0.0095479108
   -0.0215545032
   -0.0368786021
   -0.0409538009
   -0.0240104049
   -0.0000584087
    0.0119041762
    0.0116665608
   -0.0009339469
   -0.0038890169
   -0.0122741269
   -0.0287925368
   -0.0429280019
   -0.0358627263
   -0.0102510839
    0.0097753957
    0.0133933190
    0.0008086898
   -0.0000673342
   -0.0035903191
   -0.0154050215
   -0.0329863519
   -0.0378879308
   -0.0198388453
    0.0035270955
    0.0131478751
    0.0111698475
    0.0018275312
    0.0013174360
   -0.0036120739
   -0.0174490472
   -0.0283939403
   -0.0217835026
   -0.0028448784
    0.0102367895
    0.0113973670
    0.0082588819
    0.0026332193
    0.0029972361
    0.0021777796
   -0.0049122555
   -0.0151093951
   -0.0158675866
   -0.0048831244
    0.0069457399
    0.0106722727
    0.0085562780
    0.0034783698
    0.0036239541
    0.0012282526
   -0.0052511844
   -0.0082670367
   -0.0030170024
    0.0054867923
    0.0099039520
    0.0088478676
    0.0036170660
    0.0039549564
    0.0031928409
    0.0000130451
   -0.0029335848
   -0.0006319560
    0.0053236762
    0.0096165253
    0.0093604357
    0.0069330438
    0.0040701687
    0.0039236637
    0.0024632293
    0.0003213379
    0.0008532651
    0.0049883872
    0.0091265239
    0.0098444992
    0.0077259393
    0.0042491143
    0.0036884732
    0.0023846360
    0.0020068613
    0.0043732996
    0.0079522043
    0.0096417862
    0.0083911031
    0.0042614278
    0.0036485772
    0.0031087947
    0.0040805928
    0.0065962579
    0.0086258695
    0.0084734656
   -0.0172373691
   -0.0168040865
   -0.0110469160
   -0.0182255777
   -0.0214205932
   -0.0176681947
   -0.0080601464
   -0.0164180553
   -0.0234174433
   -0.0240755580
   -0.0152146069
   -0.0026639413
   -0.0121401491
   -0.0212095106
   -0.0272600800
   -0.0226198518
   -0.0088725248
    0.0033810430
   -0.0069346956
   -0.0152603253
   -0.0248255506
   -0.0265625699
   -0.0157263147
   -0.0008286631
    0.0074483420
   -0.0025719788
   -0.0081077966
   -0.0175543084
   -0.0242512813
   -0.0195648152
   -0.0059389328
    0.0052306877
    0.0084872619
    0.0001452324
   -0.0024812854
   -0.0090684800
   -0.0169762803
   -0.0179711767
   -0.0090670996
    0.0021196939
    0.0076323369
    0.0015476770
    0.0006415638
   -0.0026936950
   -0.0088462293
   -0.0124705220
   -0.0086027021
   -0.0000439717
    0.0062205151
    0.0020544915
    0.0007133859
   -0.0028653485
   -0.0065163632
   -0.0057533908
   -0.0003820119
    0.0051362066
    0.0071906438
    0.0022431724
    0.0005026508
   -0.0020974502
   -0.0026478914
    0.0003897675
    0.0046825747
    0.0069870029
    0.0029507077
    0.0021958222
    0.0006506800
   -0.0002448121
    0.0012863677
    0.0044700027
    0.0067990296
    0.0022510200
    0.0014632821
    0.0020302020
    0.0042009773
    0.0063837216
   -0.0153774889
   -0.0150173122
   -0.0100301141
   -0.0151264543
   -0.0175876421
   -0.0145193207
   -0.0069021507
   -0.0126738935
   -0.0175840472
   -0.0177582776
   -0.0113590809
   -0.0146638511
   -0.0180645947
   -0.0147609161
   -0.0060724341
   -0.0099329669
   -0.0150377977
   -0.0153480440
   -0.0090485355
   -0.0051885518
   -0.0100643223
   -0.0127872313
   -0.0098393097
   -0.0027782361
   -0.0016787215
   -0.0051713655
   -0.0085015414
   -0.0082285154
   -0.0036301634
   -0.0015961459
   -0.0043149582
   -0.0053502492
   -0.0030086450
    0.0012549371
   -0.0012016969
   -0.0024921071
   -0.0016125808
    0.0012570818
   -0.0129342533
   -0.0106146901
   -0.0119844374
   -0.0117869822
   -0.0110216768
   -0.0087885273
   -0.0083405145
