    0.0110150888
    0.0119455854
    0.0073719222
    0.0100877184
    0.0119160587
    0.0120275250
    0.0054613593
    0.0084923441
    0.0109820557
    0.0120498924
    0.0113900771
    0.0033050501
    0.0065060064
    0.0093040089
    0.0111602698
    0.0113353178
    0.0043565738
    0.0073168068
    0.0095541427
    0.0105487897
    0.0102009071
    0.0021696659
    0.0052600682
    0.0077023585
    0.0091924965
    0.0095387186
    0.0031716567
    0.0058140374
    0.0076054306
    0.0084668288
    0.0071638963
    0.0124048381
    0.0072188869
    0.0102504073
    0.0126613902
    0.0136368528
    0.0128612781
    0.0053806513
    0.0089137340
    0.0120926592
    0.0143343946
    0.0142103674
    0.0030304376
    0.0068994835
    0.0105608631
    0.0138988180
    0.0152543014
    0.0137443266
    0.0004223892
    0.0043502924
    0.0083113337
    0.0120565206
    0.0149690313
    0.0146201256
    0.0125035195
    0.0015648988
    0.0056764338
    0.0095319549
    0.0129088117
    0.0142998252
    0.0129164300
    0.0110759397
   -0.0011397198
    0.0029251398
    0.0069283054
    0.0102673755
    0.0124783358
    0.0124896066
    0.0111737750
    0.0002130926
    0.0043619316
    0.0078279309
    0.0101958885
    0.0111723811
    0.0107419035
    0.0017464912
    0.0055022849
    0.0080811018
    0.0094893220
    0.0098056017
    0.0093276554
   -0.0008244311
    0.0030393713
    0.0060056513
    0.0077557552
    0.0085597507
    0.0086039216
    0.0037566136
    0.0059291420
    0.0071301791
    0.0132077662
    0.0081233599
    0.0113596311
    0.0138213337
    0.0147663449
    0.0139158920
    0.0064259688
    0.0103688361
    0.0137417746
    0.0161079764
    0.0158526585
    0.0138750698
    0.0039810556
    0.0085916986
    0.0126578585
    0.0166045408
    0.0182100603
    0.0158771670
    0.0131806235
    0.0009336761
    0.0058526786
    0.0105486144
    0.0151955531
    0.0200001748
    0.0185115163
    0.0147224978
   -0.0022485179
    0.0023714870
    0.0075098088
    0.0122901476
    0.0181927825
    0.0208309897
    0.0163719337
    0.0130647440
   -0.0012161647
    0.0039268954
    0.0089677534
    0.0138804177
    0.0189333012
    0.0173067922
    0.0137714688
   -0.0044016620
    0.0003527776
    0.0056772972
    0.0103119084
    0.0142082653
    0.0157786350
    0.0137767483
    0.0117395736
   -0.0029603858
    0.0024737379
    0.0074911490
    0.0108756126
    0.0128172774
    0.0127473213
    0.0115460729
   -0.0056897696
   -0.0008488551
    0.0046886555
    0.0084882368
    0.0104297164
    0.0111482687
    0.0108448292
    0.0099302485
   -0.0038831065
    0.0013631904
    0.0059755250
    0.0083874066
    0.0094885826
    0.0097773558
    0.0093850419
   -0.0019033696
    0.0028432368
    0.0061043076
    0.0077110468
    0.0084516128
    0.0085322949
   -0.0003267543
    0.0033810872
    0.0056675414
    0.0068803857
    0.0074011773
    0.0086356365
    0.0120372981
    0.0144994764
    0.0153783847
    0.0145580769
    0.0071095422
    0.0113666279
    0.0147825451
    0.0169466612
    0.0167165928
    0.0148001234
    0.0048116494
    0.0101083667
    0.0143296944
    0.0180314162
    0.0194957398
    0.0172333738
    0.0143789171
    0.0016054995
    0.0077744908
    0.0131281105
    0.0176905060
    0.0233113795
    0.0211469551
    0.0165439112
   -0.0021395670
    0.0038400277
    0.0106678076
    0.0155233952
    0.0248644615
    0.0298667328
    0.0197652932
    0.0149897165
   -0.0057417199
   -0.0009053392
    0.0060659911
    0.0121904046
    0.0192075927
    0.0381894775
    0.0260696813
    0.0166393675
    0.0132377001
   -0.0053137428
    0.0007815608
    0.0075455315
    0.0136797877
    0.0247536868
    0.0309455930
    0.0181637989
    0.0140087524
   -0.0087439715
   -0.0038975913
    0.0030127042
    0.0096673605
    0.0149806775
    0.0213185604
    0.0179145166
    0.0142049104
    0.0120145777
   -0.0077039649
   -0.0012092502
    0.0066129661
    0.0115959517
    0.0142218879
    0.0149115705
    0.0135550622
    0.0120271593
   -0.0053195210
    0.0027022698
    0.0096302873
    0.0116155700
    0.0123934506
    0.0123339985
    0.0115971196
    0.0103097663
   -0.0083919070
   -0.0020487419
    0.0058213049
    0.0096900101
    0.0105672347
    0.0109773093
    0.0108035681
    0.0099587604
   -0.0058292958
    0.0007641363
    0.0063968294
    0.0085114101
    0.0093584784
    0.0096659352
    0.0092894163
   -0.0033483053
    0.0021293414
    0.0057204153
    0.0073454219
    0.0081522206
    0.0082833827
   -0.0015699151
    0.0024552607
    0.0049591943
    0.0063263423
    0.0148489163
    0.0156761982
    0.0148574785
    0.0072172181
    0.0116993916
    0.0153288349
    0.0173851361
    0.0171398221
    0.0153346332
    0.0050106834
    0.0106282783
    0.0151991962
    0.0185937461
    0.0197075701
    0.0179219640
    0.0152081261
    0.0019715152
    0.0089290341
    0.0149291507
    0.0189228470
    0.0226843393
    0.0214703924
    0.0177396762
   -0.0018757860
    0.0054611057
    0.0148954679
    0.0186383190
    0.0258103673
    0.0300601375
    0.0214107321
    0.0166027459
   -0.0060185798
   -0.0000119729
    0.0113732314
    0.0196145742
    0.0240072238
    0.0330599697
    0.0190928290
    0.0149521247
   -0.0058422089
    0.0030146828
    0.0162028695
    0.0200909776
    0.0235551311
    0.0163552454
    0.0131997797
   -0.0107133522
   -0.0045505848
    0.0053826839
    0.0161268860
    0.0255279882
    0.0346827606
    0.0172638966
    0.0140523201
   -0.0138195123
   -0.0103045533
   -0.0020500621
    0.0090414708
    0.0186146481
    0.0287507864
    0.0323351842
    0.0171327475
    0.0143834103
    0.0120858549
   -0.0140086191
   -0.0077876653
    0.0040832639
    0.0174951059
    0.0172259573
    0.0188495708
    0.0155196618
    0.0140553738
    0.0123036027
   -0.0121306940
   -0.0025539397
    0.0140666219
    0.0171013449
    0.0144449121
    0.0139430948
    0.0133682745
    0.0121478300
   -0.0142080250
   -0.0083020729
    0.0037751406
    0.0147719835
    0.0128405019
    0.0124652444
    0.0125004536
    0.0116697857
    0.0102851536
   -0.0114722899
   -0.0038991638
    0.0062653850
    0.0103702680
    0.0105096489
    0.0110142328
    0.0107907319
    0.0098063707
   -0.0081220084
   -0.0008568091
    0.0054580519
    0.0078498409
    0.0089132560
    0.0093613839
    0.0089653716
   -0.0051968540
    0.0004699595
    0.0044238232
    0.0064271504
    0.0074834550
    0.0009515299
    0.0148647724
    0.0156368444
    0.0148123907
    0.0116223450
    0.0155175469
    0.0176277218
    0.0172746413
    0.0154947433
   -0.0011506474
    0.0007416127
    0.0046380765
    0.0101658018
    0.0153440574
    0.0191230116
    0.0200410777
    0.0182578983
    0.0156390775
   -0.0031304000
   -0.0018547920
    0.0016467607
    0.0081609032
    0.0147750468
    0.0195966337
    0.0225834720
    0.0215917476
    0.0184497133
    0.0152312648
   -0.0045646704
   -0.0018442872
    0.0052258754
    0.0152372244
    0.0199169824
    0.0241955895
    0.0258722511
    0.0219902447
    0.0177979257
   -0.0073302456
   -0.0058184729
    0.0004154790
    0.0154838100
    0.0264851607
    0.0250133538
    0.0371861407
    0.0287066332
    0.0208243505
    0.0164526691
   -0.0099203164
   -0.0058342376
    0.0074792488
    0.0475451143
    0.0310102243
    0.0257289069
    0.0185972683
    0.0147431329
   -0.0132605409
   -0.0120911647
   -0.0037502851
    0.0246346113
    0.0442659712
    0.0204226423
    0.0161999198
   -0.0167178886
   -0.0127526212
   -0.0002870410
    0.0342046765
    0.0228001110
    0.0170443952
    0.0139571612
   -0.0186886373
   -0.0187980902
   -0.0110197211
    0.0058452502
    0.0495399553
    0.0264493468
    0.0168213041
    0.0145486738
   -0.0210939207
   -0.0179318902
   -0.0046683021
    0.0474861454
    0.0350869319
    0.0258522983
    0.0163474561
    0.0146190380
    0.0123283441
   -0.0204115957
   -0.0208879804
   -0.0130469966
    0.0129290434
    0.0220638530
    0.0200518432
    0.0173052601
    0.0144776357
    0.0124064421
   -0.0204862773
   -0.0175170955
   -0.0047844052
    0.0251722499
    0.0250749336
    0.0149941816
    0.0159535196
    0.0142826867
    0.0121917963
   -0.0182695869
   -0.0120633526
    0.0018619621
    0.0146522915
    0.0125793699
    0.0126967812
    0.0129971897
    0.0115993236
   -0.0144731931
   -0.0068674510
    0.0032837706
    0.0083234897
    0.0095531810
    0.0105608745
    0.0103616505
   -0.0104069133
   -0.0035107119
    0.0028251043
    0.0060913569
    0.0077778551
    0.0084947002
   -0.0017301334
    0.0024417189
    0.0049381688
    0.0144752666
    0.0151557839
    0.0017926552
    0.0038378437
    0.0153249161
    0.0173415514
    0.0169485607
    0.0152577991
   -0.0008175933
   -0.0000332983
    0.0013673801
    0.0045257018
    0.0097018612
    0.0151587037
    0.0193086600
    0.0201099923
    0.0181639865
    0.0156398924
   -0.0017784574
   -0.0010799500
    0.0011893180
    0.0066978821
    0.0137854428
    0.0200444444
    0.0237566521
    0.0219065898
    0.0186584676
    0.0155203528
   -0.0035343626
   -0.0033385064
   -0.0021043393
    0.0029291015
    0.0119058962
    0.0193950385
    0.0260388694
    0.0267783390
    0.0224858087
    0.0184537397
   -0.0054248094
   -0.0056680147
   -0.0052589621
   -0.0012168577
    0.0104901037
    0.0211376550
    0.0257652946
    0.0313861033
    0.0276190375
    0.0220758804
    0.0175427595
   -0.0082301575
   -0.0088035960
   -0.0060557232
    0.0064980860
    0.0406905853
    0.0315161808
    0.0365261470
    0.0380968581
    0.0267857291
    0.0205650204
    0.0160554195
   -0.0105282385
   -0.0125958980
   -0.0121412162
   -0.0027277609
    0.0484097085
    0.0407576577
    0.0236290103
    0.0183337373
   -0.0154401510
   -0.0182112801
   -0.0137753220
    0.0090798643
    0.0280797916
    0.0201679175
    0.0159007857
   -0.0217444177
   -0.0234105110
   -0.0122742382
    0.0207056805
    0.0171268864
   -0.0220060921
   -0.0278965081
   -0.0254256784
   -0.0065376141
    0.0218851560
    0.0175475704
    0.0144180827
   -0.0201605072
   -0.0271707026
   -0.0310297369
   -0.0213426447
    0.0242770337
    0.0394463518
    0.0177702010
    0.0148330712
   -0.0238497366
   -0.0298637414
   -0.0284097603
   -0.0082284432
    0.0319604614
    0.0207846899
    0.0149834906
    0.0122664525
   -0.0257236141
   -0.0283257703
   -0.0200783751
    0.0113215878
    0.0215014207
    0.0233318523
    0.0222613060
    0.0151341142
    0.0121948396
   -0.0248304022
   -0.0228243729
   -0.0101176712
    0.0131159713
    0.0174967087
    0.0141344969
    0.0165408929
    0.0144332665
    0.0117771581
   -0.0213586457
   -0.0158349391
   -0.0037116360
    0.0070951923
    0.0097196257
    0.0114400505
    0.0120629819
    0.0107968473
   -0.0099569490
   -0.0011576605
    0.0046886648
    0.0074703377
    0.0090012306
    0.0091285971
   -0.0060702613
   -0.0001413861
    0.0037429957
    0.0059768545
    0.0017594510
    0.0030920303
    0.0050052354
    0.0147626075
    0.0164158394
    0.0161104503
    0.0004515157
    0.0014073491
    0.0027304116
    0.0054103960
    0.0099420316
    0.0148604476
    0.0185273217
    0.0192233767
    0.0175163949
   -0.0008649213
   -0.0002044478
    0.0003250775
    0.0018463343
    0.0064549945
    0.0133036138
    0.0197412461
    0.0234665988
    0.0214200636
    0.0182908285
    0.0153541137
   -0.0022541349
   -0.0016731065
   -0.0016763988
   -0.0017363028
    0.0012398950
    0.0095967884
    0.0187223172
    0.0283678432
    0.0284091517
    0.0223266821
    0.0184514960
   -0.0033001240
   -0.0032663805
   -0.0043017428
   -0.0040090735
    0.0039937959
    0.0160535720
    0.0280751675
    0.0442061698
    0.0291379236
    0.0224028876
    0.0179996144
   -0.0052458274
   -0.0052419377
   -0.0062934166
   -0.0074149850
   -0.0017416798
    0.0152879680
    0.0254770290
    0.0475317587
    0.0460618751
    0.0282212470
    0.0217524044
    0.0168973408
   -0.0079286614
   -0.0092295086
   -0.0107147940
   -0.0063102710
    0.0186383472
    0.0442736305
    0.0416996852
    0.0651243103
    0.0423722985
    0.0266428777
    0.0200839106
   -0.0103147667
   -0.0130388033
   -0.0162846122
   -0.0133422626
    0.0093333611
    0.0345687336
    0.0235769098
    0.0177148866
   -0.0157186430
   -0.0218133504
   -0.0249746524
   -0.0092771053
    0.0264665442
    0.0200443787
    0.0151940216
   -0.0239766949
   -0.0335984817
   -0.0312678461
    0.0024287147
    0.0313245216
    0.0214659322
    0.0167256705
   -0.0228309954
   -0.0343242518
   -0.0443679357
   -0.0300200510
    0.0219360382
    0.0177020902
   -0.0301443478
   -0.0434261523
   -0.0470106993
   -0.0165143144
    0.0316209269
    0.0181598028
    0.0144687661
   -0.0248624265
   -0.0360498707
   -0.0460666642
   -0.0368556188
    0.0210438883
    0.0485759472
    0.0195595464
    0.0147099064
   -0.0283984163
   -0.0376826857
   -0.0393225080
   -0.0185776715
    0.0429350434
    0.0242683866
    0.0460050651
    0.0219988614
    0.0147116154
   -0.0293191448
   -0.0337403761
   -0.0268599086
   -0.0044150714
    0.0174879896
    0.0147742616
    0.0187311148
    0.0191053097
    0.0142278845
    0.0114009595
   -0.0270852724
   -0.0260777279
   -0.0154978473
    0.0000734972
    0.0082335971
    0.0110980907
    0.0133442434
    0.0125030781
    0.0105880156
   -0.0225569393
   -0.0181031876
   -0.0083447948
    0.0010012441
    0.0060262057
    0.0087132344
    0.0097333644
    0.0092004396
   -0.0119166805
   -0.0045447347
    0.0013218923
    0.0048334885
    0.0067390416
    0.0028766165
    0.0044537800
    0.0063382337
    0.0016936054
    0.0030659813
    0.0046735308
    0.0070951828
    0.0144885269
    0.0171261276
    0.0176742802
    0.0164244927
    0.0004391619
    0.0015189448
    0.0025354127
    0.0041573199
    0.0080139245
    0.0136029976
    0.0185600995
    0.0211344805
    0.0199299585
    0.0174247115
   -0.0008627281
    0.0001018901
    0.0004395579
    0.0005288768
    0.0027678422
    0.0100235027
    0.0181754004
    0.0254654203
    0.0257002388
    0.0212873613
    0.0178682343
   -0.0022799753
   -0.0012468828
   -0.0009092928
   -0.0023301543
   -0.0039889909
    0.0020536512
    0.0145632303
    0.0275663567
    0.0431654643
    0.0280652939
    0.0217648947
    0.0177724673
   -0.0029833927
   -0.0018469208
   -0.0031842310
   -0.0082019218
   -0.0095319551
    0.0066398703
    0.0230251646
    0.0273282167
    0.0217475488
    0.0170853672
   -0.0050391935
   -0.0040521130
   -0.0032839670
   -0.0082113008
   -0.0161518973
   -0.0044873761
    0.0187541749
    0.0481346283
    0.0467233367
    0.0273600535
    0.0208862310
    0.0158191159
   -0.0072299447
   -0.0066968066
   -0.0089820981
   -0.0147460908
   -0.0093342390
    0.0227623325
    0.0396984635
    0.0416898678
    0.0261611878
    0.0189862470
   -0.0096677188
   -0.0117160004
   -0.0150863846
   -0.0199422590
   -0.0083643848
    0.0312206877
    0.0347989816
    0.0228656937
    0.0165387858
   -0.0146219590
   -0.0212866605
   -0.0322707483
   -0.0275858421
    0.0215516907
    0.0472847745
    0.0269233374
    0.0190808145
   -0.0229645690
   -0.0380127413
   -0.0542297298
   -0.0223582105
    0.0289689513
    0.0212296839
    0.0156989173
   -0.0213906570
   -0.0351822822
   -0.0594518232
   -0.0664446096
   -0.0076976371
    0.0336948334
    0.0222013439
    0.0169621971
   -0.0292779383
   -0.0490294920
   -0.0745240726
   -0.0624279558
    0.0197759361
    0.0234488481
    0.0176048928
   -0.0235773188
   -0.0371278480
   -0.0584223336
   -0.0728471968
   -0.0372143459
    0.0540265384
    0.0320098283
    0.0178857683
    0.0139144987
   -0.0280129404
   -0.0419220675
   -0.0570265966
   -0.0514662669
   -0.0099715169
    0.0301344025
    0.0229575599
    0.0412057276
    0.0358171563
    0.0182571177
    0.0137818235
   -0.0305190088
   -0.0410606255
   -0.0447223535
   -0.0274112722
    0.0009726892
    0.0128753766
    0.0163709769
    0.0216958681
    0.0172257218
    0.0131822263
   -0.0300388732
   -0.0347603341
   -0.0295240722
   -0.0127408184
    0.0026360396
    0.0091349215
    0.0126652171
    0.0136300749
    0.0118498512
   -0.0267099830
   -0.0261518825
   -0.0178948075
   -0.0058257629
    0.0027903833
    0.0071831491
    0.0094196402
    0.0096707865
   -0.0183426194
   -0.0107042714
   -0.0027595304
    0.0025795471
    0.0056141769
    0.0070369294
    0.0054612276
    0.0027515642
    0.0045650309
    0.0064684360
    0.0086294949
    0.0015865323
    0.0032765757
    0.0051185106
    0.0070863897
    0.0101584162
    0.0172183043
    0.0187351611
    0.0181052978
    0.0162127344
    0.0003264958
    0.0017925786
    0.0031948487
    0.0045544611
    0.0069465489
    0.0123260832
    0.0178292690
    0.0216857122
    0.0220898030
    0.0197251423
    0.0168695086
   -0.0010154041
    0.0004003003
    0.0013061128
    0.0014712163
    0.0013650730
    0.0063678214
    0.0159446639
    0.0236937143
    0.0289070285
    0.0246439891
    0.0205921507
    0.0170163530
   -0.0011064462
    0.0004292352
   -0.0004427734
   -0.0038574774
   -0.0064735757
    0.0079905081
    0.0218852172
    0.0434273251
    0.0400572992
    0.0253306610
    0.0208691258
    0.0166455826
   -0.0030197466
   -0.0006968268
    0.0017323179
   -0.0038086601
   -0.0194015376
   -0.0126681236
    0.0148301357
    0.0430398592
    0.0385267758
    0.0258108156
    0.0205376963
   -0.0049869562
   -0.0036296896
    0.0023185067
    0.0048190528
   -0.0159678804
   -0.0361449767
    0.0006796135
    0.0271862421
    0.0363835012
    0.0262292137
    0.0192975901
   -0.0068635435
   -0.0043984404
    0.0065203222
   -0.0057398514
   -0.0264295068
   -0.0081598686
    0.0277577065
    0.0404617770
    0.0243889423
    0.0172729596
   -0.0104115647
   -0.0093065644
   -0.0120287635
   -0.0142483781
    0.0247335285
    0.0496720034
    0.0829803424
    0.0333896257
    0.0209119851
   -0.0130834818
   -0.0183077162
   -0.0293558840
   -0.0435196824
    0.0507246227
    0.0252377310
    0.0173386013
   -0.0201045091
   -0.0345133595
   -0.0665557603
    0.0512356041
    0.0287378813
    0.0196569569
   -0.0311358819
   -0.0602909615
    0.0530365083
    0.0286531806
    0.0211753425
   -0.0257922927
   -0.0455109582
   -0.0857655789
   -0.0314273591
    0.0313352149
    0.0214732186
    0.0163475352
   -0.0336434990
   -0.0587345481
   -0.0947215064
   -0.0938230525
   -0.0103537855
    0.0545154157
    0.0452766843
    0.0443076271
    0.0216473534
    0.0164426099
   -0.0253712014
   -0.0400306684
   -0.0636601043
   -0.0838191426
   -0.0522729107
    0.0035603553
    0.0228364725
    0.0236836055
    0.0327629971
    0.0218213070
    0.0159508216
   -0.0286996599
   -0.0421706059
   -0.0565996460
   -0.0530791032
   -0.0206866514
    0.0061540630
    0.0138125327
    0.0176795355
    0.0183453537
    0.0147627803
    0.0120263995
   -0.0297558007
   -0.0388754676
   -0.0418531149
   -0.0287217114
   -0.0075413873
    0.0053697507
    0.0102566427
    0.0127480688
    0.0124320374
    0.0108341436
   -0.0281111120
   -0.0317708665
   -0.0277259475
   -0.0152929935
   -0.0027552956
    0.0043216269
    0.0077787474
    0.0092325205
   -0.0243967916
   -0.0238713168
   -0.0177281012
   -0.0085401890
   -0.0010141306
    0.0034601068
    0.0058928002
    0.0054222907
    0.0073946274
    0.0092653936
    0.0024450846
    0.0046028969
    0.0069967303
    0.0090502963
    0.0113524186
    0.0166457666
    0.0012739322
    0.0033154276
    0.0059967077
    0.0084190456
    0.0105896324
    0.0140572852
    0.0172185721
    0.0191541155
    0.0194152048
    0.0179293560
   -0.0000014333
    0.0018053758
    0.0040786100
    0.0070648576
    0.0085209743
    0.0122338275
    0.0177615493
    0.0213637671
    0.0231649904
    0.0219238110
    0.0190855997
    0.0002751196
    0.0021688522
    0.0040840959
    0.0058493485
    0.0058771295
    0.0151919243
    0.0223412352
    0.0272795764
    0.0274097186
    0.0234792893
    0.0195689762
   -0.0014389513
    0.0009513635
    0.0026198974
    0.0043210724
   -0.0033239565
    0.0017791064
    0.0202883269
    0.0289659013
    0.0413624135
    0.0294755950
    0.0241272201
    0.0194396214
   -0.0033136830
   -0.0010890634
    0.0056408366
    0.0124034375
    0.0023720288
   -0.0251571508
    0.0071573737
    0.0241327475
    0.0297428730
    0.0244409963
    0.0186604827
   -0.0041089088
    0.0022224536
    0.0297454944
   -0.0198319617
    0.0184269328
    0.0416350846
    0.0536789202
    0.0335882133
    0.0237327297
    0.0171953074
   -0.0067110915
   -0.0050743733
    0.0193459591
    0.0125640677
    0.0243620416
    0.0313070215
    0.0338163094
    0.0214150530
   -0.0096980876
   -0.0077167324
    0.0056799921
    0.0754134342
    0.0278150238
    0.0183108993
   -0.0115568232
   -0.0156190001
   -0.0213492718
   -0.0393262685
    0.0385570323
    0.0219556735
   -0.0169498169
   -0.0276320037
   -0.0570403366
    0.0464523570
    0.0254538407
    0.0173656824
   -0.0253823208
   -0.0484751359
   -0.1025765569
    0.1081251118
    0.0606841695
    0.0366876208
    0.0267533781
    0.0190345132
   -0.0369846494
   -0.0753963360
    0.0425218071
    0.0327292088
    0.0253490197
    0.0196145918
   -0.0281130587
   -0.0494869351
   -0.0924829382
    0.0316726689
    0.0296643084
    0.0238267917
    0.0189847911
   -0.0343498746
   -0.0576564230
   -0.0920440813
   -0.0981725614
   -0.0269547435
    0.0259051484
    0.0208030374
    0.0210816441
    0.0175165356
    0.0142756094
   -0.0380986045
   -0.0568345295
   -0.0707624365
   -0.0480463047
   -0.0051775868
    0.0148916695
    0.0139530647
    0.0156208125
    0.0150479822
    0.0129935597
   -0.0271072967
   -0.0377280818
   -0.0473717000
   -0.0437854298
   -0.0217946651
   -0.0006057738
    0.0073282859
    0.0100611642
    0.0114676808
    0.0110277095
   -0.0269461552
   -0.0334268618
   -0.0347834369
   -0.0256643623
   -0.0107645650
    0.0000023858
    0.0049663464
    0.0075162038
    0.0084875394
   -0.0270832441
   -0.0240088544
   -0.0154085264
   -0.0060556021
    0.0002108376
    0.0050868887
    0.0074659082
    0.0094032165
    0.0042049256
    0.0073237610
    0.0099884539
    0.0118185297
    0.0140032621
    0.0028740630
    0.0063123479
    0.0109036918
    0.0126064386
    0.0148110954
    0.0176818133
    0.0193573872
    0.0201373875
    0.0194457468
    0.0013388605
    0.0042459470
    0.0107334240
    0.0157970657
    0.0146618715
    0.0192680782
    0.0220390003
    0.0233615142
    0.0236378272
    0.0214563897
    0.0179457533
   -0.0002807297
    0.0022074230
    0.0064692251
    0.0245210833
    0.0157487761
    0.0181445076
    0.0254858637
    0.0262356134
    0.0280426079
    0.0266773743
    0.0224940441
    0.0179799920
   -0.0019820661
    0.0002865691
    0.0040849958
    0.0182201444
    0.0348789498
    0.0108902122
    0.0292455858
    0.0293087264
    0.0313669145
    0.0328637602
    0.0281007695
    0.0225295120
    0.0174492843
   -0.0021355196
    0.0029636589
    0.0267831715
    0.0345129427
    0.0293634486
    0.0392353967
    0.0276380858
    0.0443083101
    0.0350954897
    0.0285057920
    0.0219062496
   -0.0046197054
   -0.0015424170
    0.0321931604
    0.0190883401
    0.0503793052
    0.0658155722
    0.0404017254
    0.0287947073
    0.0204980368
   -0.0062090634
    0.0033613988
    0.0402270374
    0.0501758222
    0.0267644649
    0.0182754396
   -0.0090153571
   -0.0093656719
    0.0132646871
    0.0397851738
    0.0227752906
   -0.0134713246
   -0.0179677315
   -0.0213855704
   -0.0236308659
    0.0718959261
    0.0286698298
    0.0185733411
   -0.0215655818
   -0.0396109732
   -0.0889683707
    0.0339398368
    0.0215435700
   -0.0201566286
   -0.0351727470
   -0.0784212241
    0.0446704820
    0.0394012225
    0.0328068429
    0.0234300050
   -0.0284104772
   -0.0541036187
   -0.1077592595
    0.0357361694
    0.0264438451
    0.0274425715
    0.0230169090
    0.0172902074
   -0.0379509779
   -0.0721091968
   -0.0028989046
    0.0201347821
    0.0222002267
    0.0206769600
    0.0169209349
   -0.0278382169
   -0.0459458297
   -0.0784477333
   -0.1066402592
   -0.0722297881
    0.0178294415
    0.0167911901
    0.0173208761
    0.0154072873
   -0.0318241981
   -0.0487975838
   -0.0695504997
   -0.0694685391
   -0.0279119978
    0.0171996068
    0.0144353798
    0.0116138268
    0.0132148831
    0.0130308045
   -0.0332306481
   -0.0450670266
   -0.0508774487
   -0.0370031537
   -0.0114687561
    0.0037525248
    0.0065738260
    0.0088099761
    0.0100402028
   -0.0315408470
   -0.0368557973
   -0.0336707824
   -0.0204285192
   -0.0064205936
    0.0010135606
    0.0045594976
    0.0067621088
   -0.0274927562
   -0.0278319827
   -0.0219181968
   -0.0123067713
   -0.0042504902
    0.0005902621
    0.0043079991
    0.0070160416
    0.0093791537
    0.0110595650
    0.0033264051
    0.0066583272
    0.0105547498
    0.0125253985
    0.0141390478
    0.0020107935
    0.0053446764
    0.0118254908
    0.0164023234
    0.0161602253
    0.0183783924
    0.0197214947
    0.0203158157
    0.0204301960
    0.0188351704
    0.0005381230
    0.0033478960
    0.0102006467
    0.0314862906
    0.0224089637
    0.0215214028
    0.0241607009
    0.0238629981
    0.0244675756
    0.0238742902
    0.0202532225
    0.0162448748
   -0.0009898173
    0.0013029050
    0.0057845135
    0.0256754751
    0.0325176081
    0.0296844957
    0.0281161200
    0.0299749039
    0.0266216146
    0.0205332749
    0.0159419771
   -0.0008173923
    0.0028903309
    0.0179884990
    0.0483774652
    0.0472339586
    0.0313410592
    0.0345036473
    0.0363363732
    0.0267679503
    0.0199053610
   -0.0029806889
   -0.0001097013
    0.0119871665
    0.0404444728
    0.0335500968
    0.0460300589
    0.0365380418
    0.0252504708
    0.0188412058
   -0.0036465479
    0.0040082388
    0.0200587469
    0.0555851780
    0.0508068376
    0.0331261694
    0.0238640941
    0.0173344722
   -0.0065162776
   -0.0046306290
    0.0884037359
    0.0531482807
    0.0320221057
    0.0217605218
   -0.0095189016
   -0.0073316345
    0.0755742690
    0.0511053802
    0.0283478998
    0.0187185613
   -0.0115324666
   -0.0155443121
   -0.0208407746
   -0.0237132481
    0.0752750731
    0.0377417508
    0.0229361138
   -0.0169682728
   -0.0275914418
   -0.0556706583
    0.0577010803
    0.0430656283
    0.0271907524
    0.0178899625
   -0.0254487774
   -0.0482224574
   -0.1040777982
    0.0360019728
    0.0364613086
    0.0286639363
    0.0198215384
   -0.0370841042
   -0.0750618321
    0.0186506808
    0.0269533170
    0.0257731658
    0.0202059326
   -0.0284011096
   -0.0496164542
   -0.0917818621
   -0.0587033385
    0.0172740650
    0.0179438688
    0.0206300585
    0.0185480668
   -0.0347542608
   -0.0577709973
   -0.0894549328
   -0.0911792528
   -0.0280992206
    0.0259994455
    0.0115421453
    0.0148514474
    0.0154118860
   -0.0386556726
   -0.0570839195
   -0.0699078375
   -0.0497315533
   -0.0069417684
    0.0149829962
    0.0071475256
    0.0093667750
    0.0115456264
   -0.0277212763
   -0.0385160259
   -0.0483136798
   -0.0457040258
   -0.0258732896
   -0.0050489202
    0.0018248425
    0.0046129345
    0.0075183826
   -0.0277279872
   -0.0345444004
   -0.0365629484
   -0.0287687798
   -0.0150932902
   -0.0047684900
    0.0003136063
    0.0037397926
   -0.0285270976
   -0.0262570287
   -0.0186421785
   -0.0099030327
   -0.0036643469
    0.0058463757
    0.0086470956
    0.0105857001
    0.0120626336
    0.0022310531
    0.0050973574
    0.0093388634
    0.0125832784
    0.0138786525
    0.0154107039
    0.0170120092
    0.0158966355
    0.0010093304
    0.0036878935
    0.0089950939
    0.0175161342
    0.0176510437
    0.0183033452
    0.0197780984
    0.0200451006
    0.0204400668
    0.0199242254
    0.0173564385
    0.0019286147
    0.0065474892
    0.0253097593
    0.0390878517
    0.0229526300
    0.0253506842
    0.0247424271
    0.0242156989
    0.0252890152
    0.0228261700
    0.0180245799
    0.0000728153
    0.0035841306
    0.0178311785
    0.0482273386
    0.0345944107
    0.0351393523
    0.0290290207
    0.0308922903
    0.0330832424
    0.0241136286
    0.0177555157
   -0.0017861894
    0.0008635636
    0.0083733060
    0.0504693007
    0.0676259435
    0.0403553283
    0.0340551748
    0.0517940938
    0.0392928224
    0.0228192042
    0.0169492107
   -0.0019379187
    0.0030810536
    0.0937346200
    0.0370502755
    0.0542324557
    0.0319352860
    0.0210798182
    0.0158695790
   -0.0044725943
   -0.0020800906
    0.0153257941
    0.0497317808
    0.0527290912
    0.0560120124
    0.0264069432
    0.0196621320
    0.0144775794
   -0.0062084014
   -0.0023901035
    0.1180503990
    0.0368634113
    0.0252006176
    0.0177391377
   -0.0087485879
   -0.0098368624
   -0.0060632741
    0.0685157992
    0.0367341139
    0.0224263350
    0.0152686269
   -0.0129132150
   -0.0179559341
   -0.0242427097
    0.0059183321
    0.0846573625
    0.0877698395
    0.0614482746
    0.0296583470
    0.0183644080
   -0.0135780489
   -0.0200269853
   -0.0338409733
   -0.0589364444
   -0.0138950237
    0.0590226590
    0.0377634860
    0.0218871333
   -0.0189918508
   -0.0311037928
   -0.0588334304
   -0.0885364878
    0.0420655662
    0.0360509601
    0.0243063963
    0.0162076608
   -0.0261800170
   -0.0454954223
   -0.0845013252
   -0.0161560783
    0.0194642437
    0.0255356741
    0.0276487340
    0.0273120024
    0.0232186285
    0.0169397283
   -0.0342463900
   -0.0587195511
   -0.0909315639
   -0.0812441101
   -0.0258366993
    0.0110527736
    0.0119452656
    0.0183504016
    0.0189955188
    0.0160542696
   -0.0261929862
   -0.0409176736
   -0.0635418960
   -0.0795240927
   -0.0555695825
   -0.0093232621
    0.0135593141
    0.0031636301
    0.0096374237
    0.0135578177
    0.0135976123
   -0.0298146406
   -0.0434736019
   -0.0575416679
   -0.0559126693
   -0.0313729711
   -0.0056683464
   -0.0009009660
    0.0029537131
    0.0080091161
    0.0102102844
   -0.0312387193
   -0.0409008254
   -0.0451575132
   -0.0359215749
   -0.0187383930
   -0.0068615595
   -0.0016730206
    0.0031595952
    0.0065360254
   -0.0300379700
   -0.0347273378
   -0.0327819496
   -0.0233598841
   -0.0126431088
   -0.0055823998
   -0.0007186519
   -0.0275401401
   -0.0233034983
   -0.0158682115
   -0.0089380575
   -0.0038320644
    0.0043102595
    0.0070381239
    0.0093873932
    0.0109791781
    0.0033696293
    0.0067853339
    0.0106982524
    0.0127077993
    0.0141494004
    0.0164001598
    0.0160061997
    0.0144031730
    0.0020622796
    0.0055783581
    0.0120713245
    0.0166201583
    0.0167484440
    0.0184553743
    0.0190592121
    0.0193395597
    0.0197087268
    0.0182090315
    0.0152197431
    0.0005661131
    0.0035917246
    0.0107830160
    0.0294436325
    0.0229589205
    0.0228093474
    0.0240845356
    0.0230284901
    0.0240000064
    0.0243646434
    0.0197580440
    0.0153664791
   -0.0009787928
    0.0014027316
    0.0066523502
    0.0385571219
    0.0285665555
    0.0336349510
    0.0295236793
    0.0280098840
    0.0354763621
    0.0297625400
    0.0196947796
    0.0149419691
   -0.0008362595
    0.0030657706
    0.0190413370
    0.0495953217
    0.0489829190
    0.0459011318
    0.0332937701
    0.0456490536
    0.0289354195
    0.0185106544
    0.0141956669
   -0.0029632232
   -0.0004901719
    0.0092389586
    0.0623355010
    0.0462714427
    0.0441913504
    0.0233844624
    0.0173199835
    0.0132116188
   -0.0038009757
    0.0003394192
    0.0792238584
    0.0595626129
    0.0355106296
    0.0213296723
    0.0160347217
   -0.0063085318
   -0.0055448823
    0.0034829163
    0.0761252490
    0.0299956618
    0.0200695188
    0.0143317800
   -0.0090629931
   -0.0096988773
    0.0114691544
    0.0397043945
    0.0282913230
    0.0175347764
   -0.0107387761
   -0.0140212131
   -0.0186198335
   -0.0078111459
    0.0067395096
    0.0131824663
    0.0012746315
    0.0574696648
    0.0223363630
    0.0144853602
   -0.0152092682
   -0.0224322178
   -0.0346107697
   -0.0405271451
   -0.0045722037
    0.0143586157
    0.0291893268
    0.0169237229
   -0.0216713348
   -0.0347436394
   -0.0560769767
   -0.0569164155
   -0.0079833589
   -0.0315547355
    0.0686664411
    0.0471855257
    0.0321660278
    0.0190245495
   -0.0298889032
   -0.0488975926
   -0.0715007191
   -0.0583174235
   -0.0316335125
   -0.0461223398
   -0.0031527463
    0.0310802431
    0.0268094754
    0.0254691170
    0.0191637550
    0.0136031460
   -0.0246129857
   -0.0382361635
   -0.0587229376
   -0.0707895651
   -0.0511027410
   -0.0361039312
   -0.0304151608
   -0.0063108906
    0.0120776916
    0.0169427635
    0.0164489397
    0.0132331383
   -0.0295157056
   -0.0437241125
   -0.0586095019
   -0.0575543212
   -0.0387891601
   -0.0249057843
   -0.0159549109
   -0.0010541138
    0.0087443268
    0.0120085988
    0.0115594949
   -0.0326240963
   -0.0439703916
   -0.0498886102
   -0.0415710121
   -0.0268313535
   -0.0164532355
   -0.0077935423
    0.0015393407
    0.0070747279
   -0.0329038252
   -0.0393260037
   -0.0383188681
   -0.0289896996
   -0.0184614895
   -0.0107081595
   -0.0034823899
    0.0024788414
   -0.0304377065
   -0.0322844606
   -0.0281690949
   -0.0203042964
   -0.0128416736
   -0.0066550467
   -0.0012304715
   -0.0252438296
   -0.0144260288
    0.0050845071
    0.0074638055
    0.0093023697
    0.0043310223
    0.0075668533
    0.0102775852
    0.0119825990
    0.0134729998
    0.0150056829
    0.0151944400
    0.0143504718
    0.0030662912
    0.0068442702
    0.0114958037
    0.0135790422
    0.0154311828
    0.0168275927
    0.0173383415
    0.0179488803
    0.0177713534
    0.0156287695
    0.0129779228
    0.0014796838
    0.0049879642
    0.0116676340
    0.0166162993
    0.0174109340
    0.0201878629
    0.0205103057
    0.0207956514
    0.0223366647
    0.0204218579
    0.0161519609
    0.0128981209
   -0.0002379372
    0.0026803179
    0.0084107429
    0.0216412848
    0.0194460531
    0.0239069104
    0.0256975798
    0.0241116101
    0.0270892999
    0.0313788445
    0.0214908742
    0.0158051772
    0.0124721153
   -0.0019463656
    0.0002366059
    0.0048713180
    0.0170479862
    0.0255502518
    0.0248229145
    0.0334789052
    0.0296056145
    0.0297053405
    0.0419109484
    0.0198783720
    0.0150386970
   -0.0022567610
    0.0012176845
    0.0144698648
    0.0281794918
    0.0358670907
    0.0378236397
    0.0351255684
    0.0305569880
    0.0181506077
    0.0141196887
   -0.0044375429
   -0.0027837971
    0.0057054479
    0.0213676697
    0.0373028423
    0.0399387982
    0.0720753845
    0.0227985978
    0.0171132707
    0.0129578725
   -0.0060210952
   -0.0037252991
    0.0197297336
    0.0033978284
    0.0199594137
    0.0570325723
    0.0221497654
    0.0156681204
   -0.0080916242
   -0.0088484948
   -0.0043695779
   -0.0201073278
   -0.0221708943
    0.0496138637
    0.0199865622
    0.0136012903
   -0.0113230217
   -0.0139031804
   -0.0095647671
    0.0082271724
   -0.0180985419
   -0.0393132800
    0.0300790874
    0.0163260974
   -0.0162655150
   -0.0222827784
   -0.0272549162
   -0.0289643056
   -0.0316547000
    0.0503555980
    0.0198094212
    0.0129152446
   -0.0161450273
   -0.0231771556
   -0.0337858597
   -0.0435950256
   -0.0404487774
   -0.0557126514
    0.0435294409
    0.0431442076
    0.0224245988
    0.0142424078
   -0.0212188399
   -0.0313322181
   -0.0448520795
   -0.0518894847
   -0.0481388867
   -0.0766179252
   -0.0063019009
    0.0194025723
    0.0224835391
    0.0203044794
    0.0146161904
   -0.0266357096
   -0.0385117979
   -0.0503125348
   -0.0513857993
   -0.0508258887
   -0.0660388079
   -0.0472522354
   -0.0072137213
    0.0100921558
    0.0143772277
    0.0132046135
   -0.0310896847
   -0.0419112140
   -0.0482313082
   -0.0451397436
   -0.0434431376
   -0.0407948903
   -0.0210564218
   -0.0011545750
    0.0077139142
    0.0101243979
   -0.0331713261
   -0.0404041416
   -0.0412048151
   -0.0362365922
   -0.0310907627
   -0.0223173620
   -0.0088518050
    0.0013691118
    0.0062100943
   -0.0323005973
   -0.0353284579
   -0.0327905894
   -0.0271210907
   -0.0205976657
   -0.0122151406
   -0.0035993116
    0.0022484012
   -0.0290784139
   -0.0289411963
   -0.0250594989
   -0.0195189707
   -0.0133556656
   -0.0067783562
    0.0053379087
    0.0072185902
    0.0024442318
    0.0047634373
    0.0072493023
    0.0092200515
    0.0108640218
    0.0135887930
    0.0134933263
    0.0124196850
    0.0013097799
    0.0036641363
    0.0067178746
    0.0094142188
    0.0115118684
    0.0134001689
    0.0145268446
    0.0153310611
    0.0158719097
    0.0150607784
    0.0130523806
    0.0000200589
    0.0021502332
    0.0052461629
    0.0087775044
    0.0114102381
    0.0143676374
    0.0162248655
    0.0170245129
    0.0181409588
    0.0185260391
    0.0160745689
    0.0131713438
    0.0004215403
    0.0032270837
    0.0065882839
    0.0096729738
    0.0137957027
    0.0177281404
    0.0187916536
    0.0197606541
    0.0227534811
    0.0208484761
    0.0160532990
    0.0128508035
   -0.0014060673
    0.0010378799
    0.0044515925
    0.0067264555
    0.0102298187
    0.0169205022
    0.0199952767
    0.0211677039
    0.0255560522
    0.0340995225
    0.0204383299
    0.0153409827
    0.0122603482
   -0.0031523463
   -0.0014892047
    0.0025159962
    0.0111799366
    0.0085179453
    0.0108332978
    0.0171269026
    0.0206285344
    0.0282058913
    0.0392245592
    0.0183335322
    0.0145224461
    0.0114618909
   -0.0039944952
   -0.0013459372
    0.0151502058
    0.0054104852
    0.0046132376
    0.0098935660
    0.0313938122
    0.0302056491
    0.0172691430
    0.0135474353
   -0.0059687442
   -0.0053219863
    0.0014773388
   -0.0105632768
   -0.0145130599
    0.0101898225
    0.0244058783
    0.0163726316
    0.0122152362
   -0.0080620763
   -0.0074479978
    0.0106917799
   -0.0129083180
   -0.0350869358
   -0.0343307326
    0.0221180215
    0.0145151224
   -0.0113163253
   -0.0113813233
   -0.0009620818
   -0.0127954272
   -0.0366741820
   -0.0688233857
    0.0433857904
    0.0178574794
    0.0121652331
   -0.0126897598
   -0.0162380304
   -0.0194749335
   -0.0232392327
   -0.0335727294
   -0.0678533597
    0.0224991787
    0.0138145210
   -0.0169552126
   -0.0229238400
   -0.0299867886
   -0.0364937826
   -0.0500885365
    0.0267493175
    0.0305217894
    0.0236150675
    0.0150050697
   -0.0220365477
   -0.0301784568
   -0.0383814532
   -0.0445412800
   -0.0657144069
   -0.0150616743
    0.0108390653
    0.0167087380
    0.0143785655
    0.0109171166
   -0.0270378300
   -0.0356962754
   -0.0422234514
   -0.0480147505
   -0.0673229861
   -0.0761123516
   -0.0428194519
   -0.0051325648
    0.0081201702
    0.0112319044
    0.0101320190
   -0.0306072266
   -0.0376416857
   -0.0413308726
   -0.0453577762
   -0.0522981551
   -0.0430461000
   -0.0175303874
   -0.0002859556
    0.0065733135
    0.0081637823
   -0.0316942638
   -0.0358776840
   -0.0368513134
   -0.0371697951
   -0.0340626561
   -0.0216458715
   -0.0072175320
    0.0015782173
    0.0053256052
   -0.0302125650
   -0.0316091746
   -0.0303697218
   -0.0273898955
   -0.0208775415
   -0.0112102112
   -0.0028096098
   -0.0235662864
   -0.0191035022
   -0.0127462395
    0.0026933935
    0.0045975234
    0.0064256418
    0.0080498754
    0.0115147464
    0.0119642445
    0.0116316217
    0.0016359051
    0.0036415249
    0.0057616787
    0.0077144284
    0.0095875861
    0.0123292713
    0.0132739699
    0.0134770990
    0.0124832779
    0.0003838667
    0.0023031262
    0.0044588954
    0.0065668780
    0.0089232702
    0.0111312301
    0.0127317965
    0.0141264089
    0.0151635964
    0.0147223487
    0.0128713994
    0.0108416329
   -0.0009722826
    0.0007404218
    0.0027898317
    0.0044742194
    0.0068430805
    0.0099197622
    0.0122330142
    0.0141813762
    0.0159687389
    0.0169271915
    0.0152151274
    0.0127543773
   -0.0009994756
    0.0011227054
    0.0027078159
    0.0035232158
    0.0065377030
    0.0096444105
    0.0124823101
    0.0157309065
    0.0187342607
    0.0180194383
    0.0148991922
    0.0122970938
   -0.0028164733
   -0.0009598388
    0.0022656842
    0.0030999875
    0.0016411550
    0.0035711628
    0.0063444016
    0.0132492939
    0.0232010947
    0.0286345434
    0.0178988323
    0.0142596154
    0.0116194809
   -0.0034851748
   -0.0000857928
    0.0091192861
    0.0018319729
   -0.0046513012
   -0.0061169171
    0.0005596786
    0.0256616387
    0.0409252994
    0.0167245484
    0.0134985598
    0.0107207828
   -0.0057562732
   -0.0043051068
    0.0044791661
    0.0135949397
   -0.0088975709
   -0.0200493779
   -0.0274564044
    0.0036111836
    0.0278954576
    0.0158155029
    0.0124047370
   -0.0077006538
   -0.0054166716
    0.0053275842
   -0.0066903342
   -0.0267575508
   -0.0517024035
    0.0426901915
    0.0206603896
    0.0145169835
    0.0109252126
   -0.0096298977
   -0.0107151786
   -0.0094013089
   -0.0107428674
   -0.0263134371
   -0.0555470609
    0.0315693055
    0.0174088021
    0.0123734669
   -0.0128455421
   -0.0154433277
   -0.0183252891
   -0.0262887236
   -0.0461628638
   -0.0862664153
    0.0310990104
    0.0262595299
    0.0199104818
    0.0137098962
    0.0101361283
   -0.0170429615
   -0.0217908048
   -0.0279461211
   -0.0387017702
   -0.0695197875
   -0.0235046419
    0.0094076614
    0.0159518364
    0.0138773505
    0.0106000375
   -0.0218185143
   -0.0281353851
   -0.0353872887
   -0.0490766983
   -0.0830831227
   -0.0629424394
   -0.0099297684
    0.0073073989
    0.0113655360
    0.0101908355
   -0.0261635173
   -0.0326151266
   -0.0396630549
   -0.0537280410
   -0.0748863828
   -0.0678772265
   -0.0284711418
   -0.0024896799
    0.0064878433
    0.0084310862
   -0.0289307060
   -0.0342304934
   -0.0399303258
   -0.0489296432
   -0.0521464058
   -0.0346115968
   -0.0117739480
    0.0006386060
    0.0054242181
   -0.0294861881
   -0.0329363394
   -0.0360180821
   -0.0377896426
   -0.0314620385
   -0.0171828840
   -0.0048910167
    0.0017788779
   -0.0293633977
   -0.0294147048
   -0.0263876888
   -0.0184696236
   -0.0088807451
   -0.0223731007
   -0.0176656306
    0.0040677987
    0.0100553344
    0.0103352950
    0.0016350388
    0.0031513355
    0.0046633475
    0.0061994432
    0.0104841775
    0.0113459272
    0.0112825187
    0.0103559897
    0.0004791758
    0.0019447410
    0.0033728974
    0.0049026446
    0.0066343683
    0.0083877379
    0.0102226980
    0.0118678747
    0.0125772947
    0.0119240447
    0.0105006366
   -0.0008017804
    0.0005814985
    0.0018348757
    0.0029295749
    0.0045185688
    0.0063989630
    0.0086869169
    0.0113861666
    0.0133259203
    0.0134820801
    0.0121106894
    0.0103361178
   -0.0009272131
    0.0004342952
    0.0009488807
    0.0014749893
    0.0027686966
    0.0048903752
    0.0089136084
    0.0133616113
    0.0152204024
    0.0138391979
    0.0118705202
    0.0099237994
   -0.0026183024
   -0.0010938507
    0.0000321274
   -0.0011770658
   -0.0021118993
   -0.0018892627
    0.0020192538
    0.0114859578
    0.0238987871
    0.0178548894
    0.0135484480
    0.0113296874
   -0.0042989760
   -0.0032348835
   -0.0010172103
   -0.0013145572
   -0.0062427538
   -0.0103055774
   -0.0114128675
    0.0003086752
    0.0171553813
    0.0128135901
    0.0105610420
   -0.0055293797
   -0.0040250820
   -0.0016463500
   -0.0072864909
   -0.0167188194
   -0.0270902662
   -0.0270040501
    0.0162979437
    0.0471741786
    0.0144563105
    0.0118850369
    0.0095789035
   -0.0073571657
   -0.0059903336
   -0.0078558568
   -0.0188764119
   -0.0357681140
   -0.0578912877
   -0.0405644515
    0.0179361214
    0.0130916658
    0.0106413402
   -0.0095782638
   -0.0103756091
   -0.0116110580
   -0.0190695082
   -0.0354099494
   -0.0673630360
   -0.0351453207
    0.0215419255
    0.0135965545
    0.0115460965
    0.0091753230
   -0.0127389830
   -0.0152328566
   -0.0201758282
   -0.0316745324
   -0.0579375803
   -0.0217133278
    0.0099800575
    0.0115555887
    0.0116914051
    0.0096471739
   -0.0167980999
   -0.0213192788
   -0.0288883380
   -0.0448974682
   -0.0791546751
   -0.0720117847
   -0.0115386367
    0.0053562710
    0.0099196789
    0.0094561201
   -0.0212090656
   -0.0270531435
   -0.0362758211
   -0.0554095314
   -0.0832094059
   -0.0827276549
   -0.0354325950
   -0.0044074009
    0.0056379134
    0.0080355344
   -0.0311435835
   -0.0407113700
   -0.0567705847
   -0.0667760415
   -0.0463112071
   -0.0157227697
   -0.0004372655
    0.0051638760
    0.0063845193
   -0.0327545254
   -0.0403340173
   -0.0476388139
   -0.0424909620
   -0.0232834789
   -0.0069563867
    0.0012643287
   -0.0315232406
   -0.0351679091
   -0.0344266195
   -0.0249138380
   -0.0120257339
   -0.0028641961
   -0.0278737350
   -0.0276520550
   -0.0230662391
   -0.0145864312
   -0.0203770822
    0.0024528178
    0.0089948947
    0.0096480712
    0.0094248775
    0.0002852143
    0.0012856420
    0.0022457766
    0.0033529093
    0.0065266650
    0.0085876466
    0.0101441131
    0.0104758165
    0.0097608754
   -0.0008831067
    0.0000257271
    0.0006964650
    0.0013507728
    0.0023669427
    0.0040917877
    0.0068843904
    0.0099216920
    0.0114339175
    0.0110163798
    0.0097818904
   -0.0012830218
   -0.0007431341
   -0.0008040980
   -0.0007635831
    0.0000769313
    0.0029197880
    0.0080610153
    0.0125903834
    0.0126837182
    0.0110895002
    0.0095043504
   -0.0027340463
   -0.0020502144
   -0.0024621875
   -0.0039309432
   -0.0050888304
   -0.0040774731
    0.0022423635
    0.0139934193
    0.0183695459
    0.0130543275
    0.0106814656
    0.0089968193
   -0.0042838904
   -0.0036611538
   -0.0036210494
   -0.0061025884
   -0.0099544984
   -0.0130678785
   -0.0099613661
    0.0074541454
    0.0431632911
    0.0213011904
    0.0120939213
    0.0099760142
   -0.0055944752
   -0.0053319762
   -0.0072567731
   -0.0129658244
   -0.0206429263
   -0.0263862439
   -0.0146779549
    0.0152771716
    0.0108448332
    0.0091027792
   -0.0076627765
   -0.0088665621
   -0.0141335589
   -0.0240460328
   -0.0383103499
   -0.0448670593
   -0.0097301230
    0.0249451754
    0.0112768256
    0.0096927748
   -0.0096146726
   -0.0111032365
   -0.0149936586
   -0.0239525654
   -0.0402357115
   -0.0631009797
   -0.0578783751
   -0.0010437298
    0.0224442427
    0.0104444001
    0.0096766204
    0.0084680195
   -0.0127996210
   -0.0160996129
   -0.0227979213
   -0.0360007763
   -0.0599775889
   -0.0817435087
   -0.0499233220
   -0.0043615104
    0.0059060343
    0.0082933968
    0.0083092701
   -0.0167446100
   -0.0218260201
   -0.0309509740
   -0.0481999720
   -0.0730646488
   -0.0739548740
   -0.0307134596
   -0.0037702756
    0.0047685237
    0.0071541348
   -0.0271068984
   -0.0378064499
   -0.0550331263
   -0.0674443872
   -0.0475905064
   -0.0162930601
   -0.0010082016
    0.0046137046
    0.0059901464
   -0.0308237397
   -0.0408890144
   -0.0514516626
   -0.0479237441
   -0.0263611122
   -0.0080911675
    0.0007776319
    0.0041609681
   -0.0319495357
   -0.0385213347
   -0.0400526682
   -0.0296708013
   -0.0143080856
   -0.0037018896
    0.0015631050
   -0.0300671381
   -0.0319527742
   -0.0277983823
   -0.0177376029
   -0.0078007091
   -0.0258817508
   -0.0242016475
   -0.0183773367
    0.0077469235
    0.0054437576
    0.0074643436
    0.0086347070
    0.0086556443
   -0.0007329519
   -0.0004392168
    0.0030476027
    0.0061412223
    0.0087686361
    0.0094912331
    0.0088916072
   -0.0019637318
   -0.0020138019
   -0.0023576375
   -0.0009390926
    0.0028569778
    0.0079973150
    0.0106218621
    0.0099927156
    0.0087828505
   -0.0032129030
   -0.0033776842
   -0.0044243830
   -0.0058171471
   -0.0062336335
   -0.0033213598
    0.0043995470
    0.0125313872
    0.0121470339
    0.0098139788
    0.0083761850
   -0.0046876328
   -0.0059611465
   -0.0086421453
   -0.0115818986
   -0.0119745813
   -0.0047884940
    0.0115167338
    0.0182651135
    0.0116021429
    0.0091060665
   -0.0061283864
   -0.0072492557
   -0.0103991049
   -0.0154096866
   -0.0203837795
   -0.0188944945
   -0.0019194052
    0.0239893202
    0.0160104318
    0.0097920540
    0.0082416449
   -0.0086463305
   -0.0114737482
   -0.0171236327
   -0.0252954449
   -0.0321357983
   -0.0240228495
    0.0055013454
    0.0191846716
    0.0102130931
    0.0083201573
    0.0073577037
   -0.0124180141
   -0.0174306582
   -0.0260759414
   -0.0379214999
   -0.0433654554
   -0.0232976351
    0.0045165543
    0.0082426870
    0.0074948109
    0.0072226679
   -0.0172797005
   -0.0245489624
   -0.0362845586
   -0.0495542203
   -0.0456713061
   -0.0181544471
    0.0000680083
    0.0048717325
    0.0063057950
   -0.0316757931
   -0.0446155850
   -0.0522255601
   -0.0363227170
   -0.0123720795
   -0.0002803824
    0.0041729634
    0.0054309451
   -0.0271803332
   -0.0367496542
   -0.0462527413
   -0.0430870736
   -0.0239047543
   -0.0074071153
    0.0006444867
    0.0038046901
   -0.0300398718
   -0.0374384812
   -0.0398221811
   -0.0298462333
   -0.0144663689
   -0.0038920267
    0.0013297918
   -0.0301029557
   -0.0333062051
   -0.0297048165
   -0.0190811596
   -0.0084495539
   -0.0273293072
   -0.0265116929
   -0.0204779115
   -0.0118950336
   -0.0228039619
   -0.0196514382
    0.0064788736
    0.0072113760
    0.0027964107
    0.0056247659
    0.0073913392
    0.0076411468
   -0.0006762049
    0.0033474709
    0.0071021974
    0.0082320599
    0.0077461068
   -0.0055720551
   -0.0013134926
    0.0052610689
    0.0089236605
    0.0084784170
    0.0074789903
   -0.0109757576
   -0.0085087059
   -0.0003701002
    0.0085308924
    0.0095454633
    0.0079509694
    0.0069683096
   -0.0153942495
   -0.0165394803
   -0.0104737513
    0.0026664657
    0.0098891804
    0.0082905194
    0.0070923690
   -0.0178210094
   -0.0225654035
   -0.0218842675
   -0.0101787299
    0.0044490845
    0.0074909758
    0.0066972421
    0.0062703867
   -0.0249431048
   -0.0297518841
   -0.0244576172
   -0.0084531140
    0.0026827705
    0.0050695828
    0.0056118586
   -0.0243677015
   -0.0317320297
   -0.0337227214
   -0.0225269346
   -0.0069102381
    0.0011533644
    0.0039725245
   -0.0295864512
   -0.0353693852
   -0.0316949639
   -0.0175807701
   -0.0051676864
    0.0009853816
    0.0034911849
   -0.0260687644
   -0.0321520645
   -0.0336138001
   -0.0251204611
   -0.0122612485
   -0.0032544043
    0.0012687453
   -0.0276282041
   -0.0307800635
   -0.0275606367
   -0.0178053821
   -0.0079473413
   -0.0016745133
   -0.0265416605
   -0.0261748165
   -0.0204018586
   -0.0232524780
   -0.0203810930
    0.0049408434
    0.0034484738
    0.0057393900
    0.0063106986
    0.0003039377
    0.0045938743
    0.0062934288
    0.0062512269
   -0.0049404929
    0.0013778223
    0.0055490533
    0.0061997320
   -0.0133928432
   -0.0115200032
   -0.0048832053
    0.0025734888
    0.0054294701
    0.0055951227
   -0.0164670079
   -0.0175065548
   -0.0130943485
   -0.0040319362
    0.0026359879
    0.0045339613
    0.0049086553
   -0.0211216936
   -0.0204251923
   -0.0129185216
   -0.0033278195
    0.0018997710
    0.0037223273
   -0.0220186917
   -0.0244772284
   -0.0207771310
   -0.0112754812
   -0.0028486246
    0.0014238123
   -0.0249901018
   -0.0250239611
   -0.0183918914
   -0.0089306932
   -0.0021445188
   -0.0233464991
   -0.0254586564
   -0.0224614805
   -0.0145362863
   -0.0065023604
   -0.0236228452
   -0.0232007047
   -0.0180962205
   -0.0218207539
   -0.0192297490
    0.0010485549
    0.0036381925
   -0.0024886011
    0.0016222871
    0.0038595118
   -0.0021275996
    0.0019619361
    0.0036748759
   -0.0074598625
   -0.0016749580
    0.0018607560
   -0.0162324288
   -0.0130820155
   -0.0069130322
   -0.0013978017
    0.0015978231
   -0.0173607199
   -0.0124567260
   -0.0059465811
   -0.0011429494
   -0.0194194092
   -0.0166993671
   -0.0187821344
