    0.0001855995
    0.0042936974
    0.0029264163
    0.0002317326
    0.0054724423
    0.0049947456
    0.0031119926
    0.0004780725
   -0.0011173954
    0.0062741327
    0.0053089854
    0.0031553148
    0.0011893142
    0.0003612212
    0.0069961163
    0.0067430925
    0.0053308198
    0.0034333964
    0.0022887944
    0.0016008693
    0.0076198610
    0.0069333257
    0.0054129973
    0.0040914951
    0.0033177726
    0.0080012363
    0.0079995588
    0.0070561258
    0.0057604286
    0.0084786038
    0.0082077087
    0.0072424091
    0.0013756217
   -0.0019200961
   -0.0060684128
   -0.0080842054
   -0.0067770536
    0.0039331556
    0.0019807683
   -0.0022889546
   -0.0061484085
   -0.0067122968
   -0.0046802243
    0.0055923613
    0.0051708897
    0.0022575225
   -0.0023659342
   -0.0048122245
   -0.0042238868
    0.0064810716
    0.0069462322
    0.0058538713
    0.0020405495
   -0.0014964360
   -0.0022786503
   -0.0017528481
   -0.0014424897
    0.0068794619
    0.0077748880
    0.0077384958
    0.0055588232
    0.0020614077
    0.0004497302
    0.0003071026
   -0.0002893689
    0.0081429948
    0.0086844089
    0.0077125078
    0.0050472541
    0.0029917767
    0.0026791939
    0.0018570361
   -0.0001194448
    0.0081099094
    0.0092045660
    0.0091059818
    0.0074218536
    0.0052338841
    0.0046000667
    0.0041569755
    0.0019726220
   -0.0011252140
    0.0091960073
    0.0099476520
    0.0092778194
    0.0074815430
    0.0062561289
    0.0059406994
    0.0042688746
    0.0007305496
    0.0100284036
    0.0103773737
    0.0094445155
    0.0080604432
    0.0073227786
    0.0061031108
    0.0029276653
    0.0105125874
    0.0105567125
    0.0096756067
    0.0086321910
    0.0048200028
    0.0106417433
    0.0105132933
   -0.0112702807
   -0.0107664000
   -0.0004581186
   -0.0049405329
   -0.0103781144
   -0.0126576515
   -0.0099270646
    0.0014011289
    0.0028120942
   -0.0001557892
   -0.0064454181
   -0.0120162276
   -0.0120066657
   -0.0074482545
    0.0000796576
    0.0011470964
    0.0011256917
    0.0052006617
    0.0046585021
    0.0000999885
   -0.0076757555
   -0.0113968026
   -0.0089172411
   -0.0044465397
   -0.0012393844
    0.0004316992
    0.0008053745
    0.0005296808
    0.0065139851
    0.0075525655
    0.0067172479
   -0.0003833836
   -0.0071804997
   -0.0077891024
   -0.0048479118
   -0.0023411018
   -0.0006874398
    0.0000718282
    0.0000096718
    0.0071158289
    0.0085706321
    0.0098773984
    0.0067652336
   -0.0008627366
   -0.0039381706
   -0.0028927799
   -0.0019318327
   -0.0015416796
   -0.0010056740
   -0.0009522890
   -0.0011612833
    0.0072699993
    0.0089183776
    0.0102615658
    0.0100251529
    0.0047395804
    0.0004493957
    0.0006638025
    0.0006285271
   -0.0008807898
   -0.0018588668
   -0.0022367349
   -0.0024990740
    0.0089256907
    0.0105054183
    0.0106759151
    0.0081025357
    0.0037182667
    0.0034842048
    0.0041410772
    0.0018192095
   -0.0013940476
   -0.0033287431
   -0.0041675822
    0.0085379910
    0.0105702505
    0.0115461979
    0.0102659420
    0.0067392487
    0.0049951203
    0.0065921679
    0.0054040107
    0.0009680592
   -0.0033052604
   -0.0056160757
   -0.0061066730
    0.0100288264
    0.0119678581
    0.0121412252
    0.0099931517
    0.0071980194
    0.0077405550
    0.0081242632
    0.0043844925
   -0.0015661866
   -0.0060212422
   -0.0077525863
    0.0113484624
    0.0128980135
    0.0124650440
    0.0103687674
    0.0092289441
    0.0095469796
    0.0072729641
    0.0013718943
   -0.0048408969
   -0.0083794454
    0.0122435054
    0.0132876830
    0.0126939496
    0.0113580032
    0.0106285445
    0.0089630349
    0.0042363348
   -0.0023917252
    0.0125938487
    0.0132689359
    0.0127943084
    0.0117248520
    0.0099637673
    0.0062587443
    0.0003788635
    0.0124659275
    0.0128667723
   -0.0134506134
   -0.0124060275
   -0.0027095931
   -0.0081389409
   -0.0143063736
   -0.0164832238
   -0.0123238304
   -0.0053938655
    0.0021638601
    0.0024898010
    0.0019392302
    0.0007931906
   -0.0036081410
   -0.0117048273
   -0.0186087065
   -0.0176033547
   -0.0098894415
   -0.0024325058
    0.0015545770
    0.0026931305
    0.0023421935
    0.0015919284
    0.0038829327
    0.0022365473
   -0.0046819215
   -0.0158560193
   -0.0208260551
   -0.0150347201
   -0.0059075549
   -0.0001018113
    0.0022922545
    0.0024734678
    0.0018647902
    0.0058855116
    0.0069067066
    0.0055114944
   -0.0064115006
   -0.0181266420
   -0.0178414744
   -0.0094241291
   -0.0026806769
    0.0008959127
    0.0020957980
    0.0018064685
    0.0011393675
    0.0069087272
    0.0088869866
    0.0131057515
    0.0087182479
   -0.0081317273
   -0.0145435833
   -0.0100066708
   -0.0044959643
   -0.0013585165
    0.0008916154
    0.0012279867
    0.0007995090
    0.0000680922
    0.0072973320
    0.0094011778
    0.0131947574
    0.0202912483
    0.0055461612
   -0.0059438743
   -0.0054331083
   -0.0027699199
   -0.0024876141
   -0.0011111823
   -0.0000427247
   -0.0002775849
   -0.0006653322
    0.0094710528
    0.0120189621
    0.0164519971
    0.0148507478
    0.0017370208
    0.0008056666
    0.0027237915
    0.0002367324
   -0.0021758319
   -0.0019605807
   -0.0021741854
   -0.0023383925
   -0.0023896834
    0.0091493634
    0.0118503117
    0.0135985903
    0.0138352674
    0.0064145510
    0.0025117016
    0.0075022932
    0.0060683743
    0.0002873866
   -0.0032757674
   -0.0046148604
   -0.0049750472
   -0.0044357133
    0.0113254798
    0.0140950951
    0.0140249157
    0.0102971235
    0.0032227249
    0.0073749629
    0.0109992886
    0.0059487935
   -0.0018379443
   -0.0064971218
   -0.0080370114
   -0.0073355030
    0.0102336644
    0.0135958510
    0.0159168461
    0.0142282814
    0.0085194924
    0.0067165975
    0.0122723000
    0.0114204759
    0.0026955337
   -0.0060902050
   -0.0103344805
   -0.0104523509
    0.0120121844
    0.0154672280
    0.0167469109
    0.0143191475
    0.0106077038
    0.0123096709
    0.0136807693
    0.0077947718
   -0.0028860100
   -0.0104554958
   -0.0126649364
    0.0134489786
    0.0163175793
    0.0168555250
    0.0152192945
    0.0140990304
    0.0141053952
    0.0106015636
    0.0014612398
   -0.0080335183
   -0.0129044462
    0.0141868136
    0.0162997276
    0.0167929063
    0.0160405741
    0.0146933870
    0.0116231123
    0.0048700578
   -0.0042147686
   -0.0109719629
    0.0142240073
    0.0158057521
    0.0161681420
    0.0150536646
    0.0121752016
    0.0069568780
   -0.0005236679
   -0.0137990320
   -0.0123986180
   -0.0102782924
   -0.0162177037
   -0.0178847627
   -0.0129637281
   -0.0051202895
    0.0032783801
    0.0034091323
    0.0025553824
   -0.0015092070
   -0.0070470458
   -0.0158634150
   -0.0229172992
   -0.0208862815
   -0.0108915016
   -0.0014189798
    0.0033411691
    0.0043394200
    0.0034515523
    0.0023118611
    0.0017816981
   -0.0017486098
   -0.0108693018
   -0.0240337469
   -0.0294198505
   -0.0200774978
   -0.0060347934
    0.0021884392
    0.0048081908
    0.0042894021
    0.0030475854
    0.0018707293
    0.0044110371
    0.0038389638
   -0.0009239933
   -0.0168425204
   -0.0330640375
   -0.0307907570
   -0.0138593562
   -0.0010245590
    0.0040339166
    0.0047180578
    0.0035983785
    0.0025150751
    0.0012004076
    0.0060469497
    0.0075068854
    0.0107223737
    0.0021387443
   -0.0241610269
   -0.0352778084
   -0.0223721104
   -0.0062600227
    0.0010272861
    0.0041144876
    0.0037607223
    0.0029261424
    0.0016987770
    0.0068466921
    0.0090205398
    0.0151949449
    0.0367021433
    0.0014098017
   -0.0245788663
   -0.0229251484
   -0.0095591730
   -0.0035353146
    0.0012123990
    0.0033444522
    0.0026969054
    0.0019003698
    0.0003574912
    0.0070631545
    0.0094632340
    0.0135793168
    0.0412612462
   -0.0033094611
   -0.0098717679
   -0.0041353836
   -0.0036788205
   -0.0035874512
    0.0013413651
    0.0015948156
    0.0010378547
   -0.0000112766
    0.0093321203
    0.0127877411
    0.0196656621
    0.0167394465
    0.0013109410
    0.0088186395
    0.0049639490
   -0.0035047016
   -0.0025145547
   -0.0007487017
   -0.0015326174
   -0.0016623692
   -0.0022074543
    0.0087809553
    0.0122321777
    0.0163975138
    0.0224191796
    0.0235662761
   -0.0002489066
    0.0110826083
    0.0159768964
    0.0056087872
   -0.0033513488
   -0.0044982614
   -0.0056793693
   -0.0052467058
   -0.0043552723
    0.0111429576
    0.0158818972
    0.0208867837
    0.0205636844
    0.0051517796
   -0.0007780521
    0.0183134071
    0.0175827419
    0.0035020819
   -0.0066602056
   -0.0105912520
   -0.0103989325
   -0.0080105327
    0.0097599605
    0.0139808321
    0.0204171708
    0.0238207879
    0.0159668428
    0.0009954343
    0.0119598722
    0.0227908489
    0.0155770165
   -0.0032554578
   -0.0135845961
   -0.0156425880
   -0.0127133300
    0.0117225695
    0.0169305973
    0.0231090727
    0.0221325563
    0.0146256819
    0.0122489760
    0.0204179979
    0.0216843635
    0.0047212054
   -0.0118027744
   -0.0184778198
   -0.0170630744
    0.0135723247
    0.0187772231
    0.0223524643
    0.0216798416
    0.0192332992
    0.0198045228
    0.0197019982
    0.0107140505
   -0.0060726029
   -0.0170982478
   -0.0192013439
   -0.0158781407
    0.0148150025
    0.0189633605
    0.0214664703
    0.0222122005
    0.0212444010
    0.0185452692
    0.0122981561
   -0.0000651469
   -0.0123541777
   -0.0180909485
   -0.0173062563
    0.0152034353
    0.0183645807
    0.0205289268
    0.0208938190
    0.0183174732
    0.0128635324
    0.0040235727
   -0.0067100237
   -0.0143847281
   -0.0164935430
    0.0149033617
    0.0172774773
    0.0185022202
    0.0173102282
    0.0131761949
    0.0065190659
   -0.0019578113
   -0.0156088316
   -0.0165673480
   -0.0118243398
    0.0037798036
    0.0038473979
    0.0028542800
   -0.0089931640
   -0.0170334479
   -0.0228647853
   -0.0202681053
   -0.0101737905
   -0.0004378545
    0.0045910063
    0.0055349375
    0.0042162676
    0.0027399733
   -0.0003378396
   -0.0051585995
   -0.0148834323
   -0.0273789698
   -0.0317887602
   -0.0210242081
   -0.0049145765
    0.0045460264
    0.0073445655
    0.0060366651
    0.0039180647
    0.0023927831
    0.0024675557
   -0.0001440109
   -0.0081529551
   -0.0254973232
   -0.0427392818
   -0.0385450205
   -0.0152909681
    0.0025088932
    0.0083167544
    0.0080461932
    0.0052228041
    0.0034380621
    0.0018658129
    0.0045897947
    0.0043750262
    0.0017114378
   -0.0128840904
   -0.0433137579
   -0.0567915009
   -0.0346100785
   -0.0040601896
    0.0072155448
    0.0091097030
    0.0064135525
    0.0044974856
    0.0029155924
    0.0058744036
    0.0072484775
    0.0099207306
    0.0142995136
   -0.0212731566
   -0.0583294540
   -0.0525333605
   -0.0171574353
    0.0019293584
    0.0073142547
    0.0074147103
    0.0052360340
    0.0042943085
    0.0018752564
    0.0064543440
    0.0085749659
    0.0125967127
    0.0459088325
   -0.0291143070
   -0.0422869029
   -0.0250109434
   -0.0056393170
   -0.0011064072
    0.0070891047
    0.0058559783
    0.0054544121
    0.0029507794
    0.0002473290
    0.0088968067
    0.0127793177
    0.0296537592
   -0.0084262577
   -0.0017220888
   -0.0004425220
   -0.0105742328
    0.0003657982
    0.0064960744
    0.0045930932
    0.0034028811
    0.0002858997
    0.0086214907
    0.0123572771
    0.0194527091
    0.0140623402
    0.0359580279
    0.0252020000
    0.0003294825
   -0.0094913930
    0.0036816982
    0.0014671302
    0.0006613465
   -0.0007974294
   -0.0022486884
    0.0114423314
    0.0173799532
    0.0335479532
    0.0326471996
    0.0132834068
    0.0471000724
    0.0255048180
   -0.0016791176
   -0.0038845622
   -0.0042023617
   -0.0061715365
   -0.0046532695
   -0.0041973499
    0.0101741327
    0.0153657721
    0.0285962952
   -0.0072152552
    0.0231332678
    0.0417205136
    0.0276191287
   -0.0037175394
   -0.0127871560
   -0.0156251398
   -0.0118418122
   -0.0080243739
    0.0129022036
    0.0213484364
    0.0514101761
    0.0465197275
    0.0135351268
    0.0007296950
    0.0337729285
    0.0131769463
   -0.0159974279
   -0.0247714445
   -0.0207860182
   -0.0137950959
    0.0106723932
    0.0161006212
    0.0279541810
    0.0419931137
    0.0297040068
    0.0167574762
    0.0249030015
    0.0432759889
    0.0366647500
   -0.0084918194
   -0.0272078926
   -0.0279479067
   -0.0202325454
    0.0125689121
    0.0188843728
    0.0280512264
    0.0310108968
    0.0309335000
    0.0297481569
    0.0296382251
    0.0292113843
    0.0030029756
   -0.0210292785
   -0.0292245841
   -0.0248818178
   -0.0173819709
    0.0141370595
    0.0199492423
    0.0255412830
    0.0297312962
    0.0322544290
    0.0284658806
    0.0218364335
    0.0087182537
   -0.0112982820
   -0.0242285225
   -0.0255329764
   -0.0201842550
    0.0149803090
    0.0196314681
    0.0240771878
    0.0277968701
    0.0270131217
    0.0205837203
    0.0108004502
   -0.0032014860
   -0.0163417742
   -0.0221277552
   -0.0205315989
    0.0150553666
    0.0187059956
    0.0219912349
    0.0230805146
    0.0195091198
    0.0121356694
    0.0020728765
   -0.0089101485
   -0.0165345303
   -0.0183921712
    0.0052524979
   -0.0133351377
   -0.0136795644
   -0.0097470085
    0.0034672183
    0.0036437371
   -0.0154588390
   -0.0194413444
   -0.0168624970
   -0.0084921027
    0.0045885249
    0.0056109285
    0.0043470466
    0.0028331674
   -0.0068204465
   -0.0153135222
   -0.0249004767
   -0.0274919895
   -0.0179920974
   -0.0037535497
    0.0053210633
    0.0083998072
    0.0069302204
    0.0043287602
    0.0025910446
    0.0006768654
   -0.0030403162
   -0.0116968565
   -0.0268345089
   -0.0403601593
   -0.0355062429
   -0.0133039056
    0.0047934719
    0.0113817579
    0.0112515505
    0.0065828203
    0.0038760497
    0.0021636800
    0.0029235798
    0.0011523259
   -0.0049603603
   -0.0213183624
   -0.0492006067
   -0.0608178143
   -0.0362394955
    0.0003273227
    0.0137600796
    0.0163395083
    0.0104064459
    0.0054198249
    0.0034158187
    0.0015285912
    0.0045460238
    0.0046307756
    0.0025803369
   -0.0075839974
   -0.0415728912
   -0.0781250424
   -0.0696329206
   -0.0178382650
    0.0157437059
    0.0179929022
    0.0157895710
    0.0071228423
    0.0052965229
    0.0027237077
    0.0068174957
    0.0081383219
    0.0102867025
   -0.0081617326
   -0.0707791745
   -0.0513208207
    0.0103174846
    0.0158303226
    0.0172245050
    0.0101960815
    0.0086432047
    0.0050586136
    0.0014008074
    0.0077942378
    0.0108108901
    0.0199269429
   -0.0093807932
   -0.0063871304
    0.0041828637
    0.0122566499
    0.0160286467
    0.0134705288
    0.0101865465
    0.0028166059
    0.0079502543
    0.0113851559
    0.0196291866
    0.0144743407
    0.0220172866
    0.0018445479
   -0.0098821631
    0.0214069262
    0.0144133514
    0.0158098665
    0.0049599483
   -0.0002146600
    0.0109262624
    0.0172966124
    0.0439220965
   -0.0132274550
    0.0119005287
    0.0173922805
    0.0079197797
    0.0046957962
   -0.0008293643
    0.0099980358
    0.0153165195
    0.0330415282
    0.0367217722
   -0.0031314611
    0.0119987403
   -0.0046421706
   -0.0043104415
   -0.0039649316
   -0.0042581512
    0.0132206988
    0.0240058854
    0.0932661533
    0.0211275722
   -0.0085558607
   -0.0220990327
   -0.0200473662
   -0.0116862576
   -0.0077013931
    0.0111275458
    0.0178479637
    0.0508894211
    0.0490182560
   -0.0092270812
   -0.0387856408
   -0.0382741457
   -0.0234280645
   -0.0134725066
    0.0138106315
    0.0240834040
    0.0667779054
    0.0633200608
    0.0579750228
    0.0533208474
    0.0527539443
    0.0181062766
   -0.0371407843
   -0.0488736440
   -0.0354467541
   -0.0209297569
    0.0165499648
    0.0277355225
    0.0410820228
    0.0466176251
    0.0640753486
    0.0476374185
    0.0451246736
    0.0302162209
   -0.0204247616
   -0.0441778069
   -0.0412688026
   -0.0277514433
   -0.0171469041
    0.0125457180
    0.0184097716
    0.0266048482
    0.0345928239
    0.0469569062
    0.0481178966
    0.0333526301
    0.0205534820
   -0.0051284446
   -0.0298829927
   -0.0377254116
   -0.0308406705
   -0.0209511605
    0.0136668919
    0.0189202602
    0.0251374179
    0.0326763898
    0.0382204417
    0.0315013408
    0.0190938831
    0.0032244554
   -0.0158351032
   -0.0282849341
   -0.0288742170
   -0.0226210548
    0.0185209779
    0.0234736795
    0.0279281937
    0.0270003977
    0.0191172719
    0.0077567580
   -0.0059376102
   -0.0180725812
   -0.0233270284
   -0.0215623942
    0.0214794426
    0.0177173472
    0.0100620477
    0.0002129608
   -0.0166765669
   -0.0183586389
   -0.0149611601
   -0.0127816172
    0.0035642034
    0.0046487369
    0.0038409347
   -0.0133496262
   -0.0196234444
   -0.0206527322
   -0.0136180490
   -0.0031294255
    0.0042987570
    0.0072180883
    0.0063122017
    0.0041415651
    0.0025162701
   -0.0044074790
   -0.0117943553
   -0.0226515808
   -0.0308854163
   -0.0264830063
   -0.0102592195
    0.0041510344
    0.0106782194
    0.0110922220
    0.0068008009
    0.0038940165
    0.0021882919
   -0.0010937739
   -0.0076499400
   -0.0213110957
   -0.0404693652
   -0.0474976364
   -0.0278626642
    0.0012332781
    0.0145772047
    0.0198373996
    0.0131689466
    0.0059157097
    0.0034266224
    0.0016771544
    0.0021821125
   -0.0019123803
   -0.0141509896
   -0.0419550937
   -0.0716476125
   -0.0636737088
   -0.0131098936
    0.0211689035
    0.0275325409
    0.0342117379
    0.0099058877
    0.0051576050
    0.0028560233
    0.0047157171
    0.0036422499
   -0.0033444403
   -0.0281783168
   -0.0829297846
   -0.0576999764
    0.0322322885
    0.0359224263
    0.0263813888
    0.0081844619
    0.0050920713
    0.0019052987
    0.0062268316
    0.0075463656
    0.0070557692
   -0.0031212255
   -0.0560594697
    0.0088238203
    0.0373672533
    0.0206162796
    0.0122642458
    0.0039543073
    0.0005225330
    0.0068567305
    0.0093516838
    0.0135790736
    0.0265600136
    0.0157041723
    0.0405768238
    0.0490275317
    0.0100026994
    0.0014052828
    0.0096596181
    0.0148994785
    0.0428846930
    0.0667779606
    0.0287142517
    0.0030864710
   -0.0011402866
    0.0092318453
    0.0138770672
    0.0303384579
    0.0329519731
    0.0335324967
    0.0044798886
   -0.0018644111
    0.0124691812
    0.0213133636
    0.0351328445
   -0.0024671054
   -0.0017875761
   -0.0043353555
    0.0108899240
    0.0172821587
    0.0538066049
    0.0220937367
   -0.0353296024
   -0.0203104794
   -0.0107719931
   -0.0073093302
    0.0140328970
    0.0265878152
   -0.0413011808
   -0.0635938817
   -0.0464045449
   -0.0222673905
   -0.0122350117
    0.0113947074
    0.0179812091
    0.0401704326
    0.0864297603
    0.0942910605
   -0.0364707026
   -0.0759457325
   -0.0676725815
   -0.0366163193
   -0.0192004402
    0.0135872207
    0.0217194614
    0.0383550226
    0.0507492732
    0.0547508118
   -0.0077133743
   -0.0597519046
   -0.0686756108
   -0.0472125655
   -0.0267086699
    0.0154889816
    0.0232693640
    0.0333836598
    0.0508359920
    0.0797863054
    0.0547006430
    0.0300346072
    0.0055844923
   -0.0304726019
   -0.0525674625
   -0.0475279841
   -0.0318272332
   -0.0196120856
    0.0166130912
    0.0231778911
    0.0321298339
    0.0450801322
    0.0459485401
    0.0294418731
    0.0112949983
   -0.0112327856
   -0.0323284036
   -0.0389911362
   -0.0321610327
   -0.0222486131
    0.0168754714
    0.0223704836
    0.0291138308
    0.0331618380
    0.0270838977
    0.0146230147
   -0.0006564949
   -0.0169072298
   -0.0274328850
   -0.0280191730
   -0.0224803841
    0.0204807040
    0.0236965618
    0.0224256206
    0.0153895396
    0.0049530502
   -0.0069578857
   -0.0171030278
   -0.0216307183
   -0.0203474143
   -0.0143475590
   -0.0145052834
   -0.0097744606
    0.0026385755
    0.0050740427
    0.0048547761
    0.0035034338
   -0.0170361189
   -0.0213321176
   -0.0179325659
   -0.0076508227
    0.0022346950
    0.0074698877
    0.0081638035
    0.0057394524
    0.0035244672
   -0.0078349481
   -0.0173828765
   -0.0283130710
   -0.0310149537
   -0.0185658241
   -0.0003127907
    0.0103441288
    0.0143989705
    0.0106299797
    0.0055863528
    0.0031945512
    0.0003939841
   -0.0039441016
   -0.0140006228
   -0.0317793137
   -0.0482295160
   -0.0413962619
   -0.0097659566
    0.0142165771
    0.0232834241
    0.0280587776
    0.0101359833
    0.0048425260
    0.0026749513
    0.0027992004
    0.0005472364
   -0.0071961266
   -0.0270396170
   -0.0621973128
   -0.0739414776
   -0.0408692095
    0.0206628259
    0.0333841881
    0.0407554973
    0.0074827339
    0.0042877224
    0.0019353207
    0.0045388654
    0.0044249129
    0.0009249091
   -0.0139886054
   -0.0569599217
    0.0105185808
    0.0792290165
    0.0229228813
    0.0078125171
    0.0035756107
    0.0008909119
    0.0055302557
    0.0068766412
    0.0077633649
    0.0030370893
   -0.0262265325
    0.0352848999
    0.0084730589
    0.0019733161
    0.0079095245
    0.0111472223
    0.0200903530
    0.0239645927
   -0.0292311786
    0.0976474820
    0.0445283778
    0.0047646178
   -0.0001167668
    0.0080350342
    0.0116211403
    0.0223445183
    0.0138857880
    0.0002015495
    0.0110035113
    0.0175742882
    0.0287592389
    0.0000639280
   -0.0028680956
    0.0100272437
    0.0150456977
    0.0308937738
    0.0204768071
    0.0034894851
   -0.0039187137
   -0.0050583240
    0.0130688164
    0.0215000996
   -0.0419085738
   -0.0176365892
   -0.0099066491
    0.0111024693
    0.0171081508
    0.0375220399
   -0.0160978825
   -0.0421790204
   -0.0188303980
   -0.0106492686
    0.0136694588
    0.0223149665
    0.0487874599
    0.0662861569
    0.0924057008
   -0.0085148147
   -0.0701944792
   -0.0314338925
   -0.0162428234
    0.0163298720
    0.0261775104
    0.0405847213
    0.0741450547
    0.0944475837
    0.0458318238
    0.0098492826
   -0.0604071115
   -0.0929219421
   -0.0799339722
   -0.0436260364
   -0.0228908377
    0.0126000497
    0.0183906966
    0.0271284903
    0.0411031161
    0.0780342819
    0.0868571138
    0.0432212880
    0.0153258211
   -0.0217336278
   -0.0618864600
   -0.0684398090
   -0.0484849753
   -0.0286115859
    0.0138285414
    0.0194099876
    0.0273620629
    0.0405788697
    0.0537873201
    0.0414511527
    0.0203429693
   -0.0029111508
   -0.0301659529
   -0.0472923801
   -0.0438246848
   -0.0309799484
    0.0195015036
    0.0262610860
    0.0337287669
    0.0332857362
    0.0218840969
    0.0061926771
   -0.0121297473
   -0.0282634960
   -0.0338379611
   -0.0291146161
   -0.0211826170
    0.0229949018
    0.0247480372
    0.0200925230
    0.0102296659
   -0.0023131583
   -0.0150211582
   -0.0232608956
   -0.0242450886
   -0.0183150927
   -0.0142452232
   -0.0118641064
    0.0044359223
    0.0053374815
    0.0043070510
    0.0029179045
   -0.0129496406
   -0.0187239782
   -0.0193333615
   -0.0120736516
   -0.0015193303
    0.0057688766
    0.0084965278
    0.0071565745
    0.0046097650
    0.0027898130
   -0.0115513716
   -0.0216435438
   -0.0289533004
   -0.0240646696
   -0.0075480987
    0.0068069023
    0.0132036177
    0.0135573960
    0.0076934473
    0.0043040489
    0.0024025635
   -0.0012339908
   -0.0076729308
   -0.0205028011
   -0.0377082764
   -0.0435151164
   -0.0233063992
    0.0065627832
    0.0192832360
    0.0301257594
    0.0186615056
    0.0066517851
    0.0037142893
    0.0018056364
    0.0020013586
   -0.0021176607
   -0.0139794676
   -0.0388997835
   -0.0651966761
   -0.0568979510
   -0.0026138084
    0.0328773767
    0.0454180655
    0.0160540372
    0.0055892668
    0.0029765367
    0.0009990036
    0.0045166529
    0.0034932352
   -0.0035150729
   -0.0269019369
   -0.0732551014
   -0.0437271829
    0.0580465968
    0.0136716912
    0.0050961004
    0.0018773037
    0.0059955200
    0.0073981045
    0.0082258197
   -0.0040075186
   -0.0500674348
    0.0155405937
    0.0037238004
    0.0003834427
    0.0066026874
    0.0090035005
    0.0149664111
    0.0016350792
    0.0107760174
    0.0010369594
    0.0091891301
    0.0143318059
    0.0250325059
    0.0023831454
   -0.0015839171
    0.0087795786
    0.0127412041
    0.0269349009
    0.0037337721
   -0.0027775834
    0.0114969213
    0.0169722444
    0.0002028633
   -0.0050371794
   -0.0062335808
   -0.0052626574
    0.0102149902
    0.0147523648
    0.0222667181
   -0.0342302374
   -0.0149213145
   -0.0088601400
    0.0127168724
    0.0187731476
    0.0315000385
    0.0618137267
   -0.0837114709
   -0.0313675864
   -0.0150840904
    0.0107085312
    0.0155456520
    0.0235960478
    0.0365624378
    0.0668617832
    0.1031080480
   -0.0541713952
   -0.0241806403
    0.0125874624
    0.0183328291
    0.0271130270
    0.0425053553
    0.1034531495
    0.0568787170
    0.0261987878
   -0.0357862820
   -0.0708084179
   -0.0343675169
   -0.0183205326
    0.0142979016
    0.0204175743
    0.0297291307
    0.0494322241
    0.0804458745
    0.0566305232
    0.0267926980
   -0.0062326725
   -0.0534370074
   -0.0815526010
   -0.0684578353
   -0.0412536686
   -0.0233820014
    0.0155372449
    0.0215888755
    0.0310458420
    0.0451777482
    0.0468399580
    0.0291534385
    0.0072782191
   -0.0204243426
   -0.0472647029
   -0.0534092479
   -0.0411539643
   -0.0266374517
    0.0161221960
    0.0216459588
    0.0288561948
    0.0333978893
    0.0271299211
    0.0132384441
   -0.0045944640
   -0.0239120367
   -0.0359935933
   -0.0350507628
   -0.0268040228
    0.0236373279
    0.0223994375
    0.0148309429
    0.0031794177
   -0.0103852935
   -0.0218996640
   -0.0264815083
   -0.0240311369
   -0.0182514900
   -0.0121816930
    0.0027891043
    0.0048828003
    0.0047003066
    0.0035043812
   -0.0143410345
   -0.0174570740
   -0.0143185651
   -0.0057028455
    0.0025831105
    0.0069164010
    0.0074073644
    0.0054857116
    0.0035412288
   -0.0143850495
   -0.0224011115
   -0.0237502575
   -0.0136838036
    0.0007578865
    0.0092978291
    0.0119420535
    0.0090902677
    0.0054201584
    0.0032039160
   -0.0033283627
   -0.0114037679
   -0.0242248307
   -0.0347518591
   -0.0287283655
   -0.0057148645
    0.0121985808
    0.0181448675
    0.0193145503
    0.0088340088
    0.0047885300
    0.0025879483
    0.0006781397
   -0.0055499526
   -0.0199709256
   -0.0415414491
   -0.0501621506
   -0.0241833467
    0.0152388952
    0.0254932396
    0.0451502030
    0.0272166360
    0.0077251968
    0.0039320413
    0.0017140557
    0.0041522102
    0.0017121126
   -0.0093582171
   -0.0355902308
   -0.0639776145
   -0.0558943215
    0.0067976671
    0.0447352984
    0.0451236295
    0.0361601102
    0.0064074559
    0.0027853346
    0.0006000165
    0.0063062279
    0.0078035690
    0.0064595633
   -0.0153501058
   -0.0544965467
   -0.0270418341
    0.0568765768
    0.0291209757
    0.0047557971
    0.0011326230
    0.0071973150
    0.0103042345
    0.0226481137
    0.0261541164
   -0.0194846802
   -0.0176933438
    0.0359661953
    0.0149711368
    0.0019608586
   -0.0007656542
    0.0073301659
    0.0103280303
    0.0208244301
    0.0341240491
    0.0059818839
    0.0450964910
    0.0036671066
   -0.0013250664
    0.0097416310
    0.0147551257
    0.0209617042
    0.0035944100
   -0.0032386896
   -0.0037257309
    0.0089945800
    0.0125701052
    0.0196268212
    0.0407340008
   -0.0139856329
   -0.0092824382
   -0.0065345254
    0.0112373918
    0.0153061725
    0.0215610427
    0.0374383912
    0.0172682537
    0.0596579556
   -0.0593638089
   -0.0241780474
   -0.0121353540
    0.0098873696
    0.0136912588
    0.0181382640
    0.0251182816
    0.0301025860
    0.0400480259
    0.0735268306
   -0.0525960326
   -0.0219762273
   -0.0118484942
    0.0117871075
    0.0163180118
    0.0221087926
    0.0317670383
    0.0508231297
    0.0701324443
   -0.0316823964
   -0.0873607876
   -0.0360772414
   -0.0179107865
    0.0137055538
    0.0189935381
    0.0268155446
    0.0424413818
    0.0696261783
    0.0568581022
    0.0479399258
    0.0001712806
   -0.0782895446
   -0.0952811920
   -0.0499877341
   -0.0251295799
    0.0154165763
    0.0213501351
    0.0310929011
    0.0478260800
    0.0523522322
    0.0349076347
    0.0111300662
   -0.0298101413
   -0.0739299503
   -0.0793083286
   -0.0550399687
   -0.0313471691
    0.0166598895
    0.0228461867
    0.0320417848
    0.0395490864
    0.0327151525
    0.0163761361
   -0.0070898667
   -0.0360894994
   -0.0539906575
   -0.0489728441
   -0.0338152398
   -0.0213395645
    0.0171824970
    0.0226170838
    0.0280255021
    0.0274916977
    0.0182685869
    0.0034025230
   -0.0153745699
   -0.0320760305
   -0.0373833753
   -0.0316025547
   -0.0226236472
    0.0214840469
    0.0173225263
    0.0081033038
   -0.0043889688
   -0.0173328537
   -0.0256109185
   -0.0261984012
   -0.0216456159
   -0.0161102078
   -0.0197688181
    0.0035989000
    0.0044274990
    0.0038127861
    0.0027244078
   -0.0136976199
   -0.0137437666
   -0.0085256898
    0.0042895652
    0.0062904292
    0.0057080042
    0.0041445734
    0.0026215705
   -0.0151339792
   -0.0191778800
   -0.0155616177
   -0.0050896096
    0.0044055343
    0.0085468233
    0.0084618469
    0.0061811543
    0.0039984234
    0.0022259321
   -0.0054832747
   -0.0137258703
   -0.0230131075
   -0.0250139340
   -0.0134976197
    0.0028330643
    0.0110284993
    0.0123369057
    0.0093132213
    0.0059448459
    0.0034331896
    0.0015703255
    0.0018689122
   -0.0011412833
   -0.0088323557
   -0.0219435559
   -0.0332809535
   -0.0273871773
   -0.0036530595
    0.0136230420
    0.0165459876
    0.0168629476
    0.0104709780
    0.0051857702
    0.0024821052
    0.0039659280
    0.0032304911
   -0.0012922610
   -0.0141429125
   -0.0332248094
   -0.0409582232
   -0.0187679296
    0.0126578106
    0.0212280767
    0.0288544894
    0.0114407467
    0.0036940521
    0.0012087000
    0.0052392146
    0.0062808880
    0.0067023668
   -0.0007765709
   -0.0207593010
   -0.0401473510
   -0.0332252414
    0.0001582566
    0.0198244721
    0.0354221539
    0.0064522954
    0.0017419044
   -0.0002314436
    0.0075973658
    0.0112268617
    0.0168061376
   -0.0002853517
   -0.0208086296
   -0.0241172097
   -0.0081308262
    0.0011852542
    0.0303385310
    0.0283456026
    0.0020017720
   -0.0004649414
    0.0078361686
    0.0113671070
    0.0243505920
    0.0308017825
    0.0007119617
    0.0034403020
    0.0140455819
    0.0023295790
    0.0020510457
   -0.0015539928
   -0.0024487272
    0.0076093533
    0.0104412319
    0.0170644388
    0.0431636879
    0.0181857244
    0.0104742509
    0.0458815693
    0.0375784262
   -0.0004224777
   -0.0050918899
   -0.0043655679
    0.0096128739
    0.0131744596
    0.0212599800
    0.0258737424
    0.0048923366
    0.0312467074
    0.0582924836
    0.0287088240
   -0.0180754898
   -0.0143783125
   -0.0085128486
   -0.0059195072
    0.0117442529
    0.0151644942
    0.0190853599
    0.0126945632
    0.0071639605
    0.0466212202
   -0.0634479541
   -0.0353726390
   -0.0167222946
   -0.0095966514
    0.0105204401
    0.0138375570
    0.0171077156
    0.0197397755
    0.0145195159
    0.0297578106
   -0.0092324085
   -0.0741880966
   -0.0308269092
   -0.0155149421
    0.0123353682
    0.0161077931
    0.0206530384
    0.0253486252
    0.0324290910
    0.0442708385
   -0.0717332664
   -0.1012846097
   -0.0498238095
   -0.0237944053
    0.0141430614
    0.0187265935
    0.0252942709
    0.0345658897
    0.0405828650
    0.0400706162
    0.0304225896
   -0.0314647244
   -0.0878224112
   -0.0941771262
   -0.0636830687
   -0.0328640193
    0.0158032329
    0.0212175626
    0.0290645983
    0.0362508484
    0.0329055786
    0.0211306101
   -0.0065785497
   -0.0469075513
   -0.0714213828
   -0.0619052857
   -0.0389361647
   -0.0227967206
    0.0170202226
    0.0225352041
    0.0285312816
    0.0290260209
    0.0205348591
    0.0043202795
   -0.0199985001
   -0.0431832176
   -0.0491248353
   -0.0388451881
   -0.0257853332
    0.0173636880
    0.0216005464
    0.0236190204
    0.0195637126
    0.0093316767
   -0.0060171343
   -0.0232114069
   -0.0340268208
   -0.0333788377
   -0.0259262649
    0.0111822351
    0.0012173248
   -0.0109600634
   -0.0213897558
   -0.0255865842
   -0.0233461225
   -0.0179679551
    0.0035500888
    0.0036954755
    0.0029852207
   -0.0113154464
   -0.0091870501
    0.0014013365
    0.0044453839
    0.0051492287
    0.0043984910
    0.0030938624
   -0.0135069678
   -0.0137332218
   -0.0081785727
   -0.0002705743
    0.0050795658
    0.0067982171
    0.0062371493
    0.0046615571
    0.0028424500
   -0.0136036870
   -0.0178507321
   -0.0144270537
   -0.0041659460
    0.0049189737
    0.0084097764
    0.0083281970
    0.0069342095
    0.0044256206
    0.0022147305
    0.0008177325
   -0.0030911886
   -0.0105097461
   -0.0189596733
   -0.0209100830
   -0.0111155932
    0.0025930147
    0.0096774754
    0.0106241812
    0.0117198005
    0.0075006190
    0.0035143781
    0.0012661483
    0.0033744710
    0.0015580167
   -0.0044177117
   -0.0148240032
   -0.0232444973
   -0.0190350944
   -0.0036317374
    0.0084196972
    0.0131570745
    0.0261973541
    0.0247659137
    0.0061483519
    0.0019912324
    0.0001422808
    0.0050727007
    0.0054401273
    0.0031277462
   -0.0059367658
   -0.0175987728
   -0.0211937539
   -0.0106959071
    0.0007937727
    0.0120559599
    0.0331884096
    0.0222555731
    0.0029675494
    0.0002228932
    0.0074767975
    0.0092291386
    0.0051944186
   -0.0061968762
   -0.0129092875
   -0.0093202527
   -0.0058847174
   -0.0018108101
    0.0266632168
    0.0055853511
   -0.0000820349
   -0.0014391446
    0.0080079177
    0.0111307780
    0.0142617965
    0.0056140693
   -0.0011070222
    0.0026098522
    0.0020831368
   -0.0131212986
    0.0137341756
    0.0563311908
    0.0149489982
   -0.0015751730
   -0.0025576356
    0.0078836548
    0.0105815828
    0.0151092981
    0.0144115629
    0.0056458104
    0.0114599538
    0.0172706156
    0.0024724588
   -0.0067913522
    0.0503913447
    0.0402226315
    0.0114875441
   -0.0058545596
   -0.0051432920
   -0.0042465014
    0.0098168255
    0.0128806052
    0.0155187932
    0.0102988014
    0.0093286705
    0.0238705918
    0.0245705798
    0.0032762841
    0.0122026585
    0.0186235933
   -0.0147730046
   -0.0164575592
   -0.0106205264
   -0.0070120644
    0.0090750386
    0.0116601643
    0.0141019489
    0.0139234006
    0.0095754027
    0.0188520091
    0.0347633281
    0.0411117399
   -0.0035109668
   -0.0236147644
   -0.0498045790
   -0.0398210693
   -0.0209581845
   -0.0118180580
    0.0106889854
    0.0133444552
    0.0154523744
    0.0151102755
    0.0167780178
    0.0296535875
    0.0196323610
   -0.0407414532
   -0.0694566707
   -0.0728579100
   -0.0377564684
   -0.0193524120
    0.0122993800
    0.0152822732
    0.0181653655
    0.0205649542
    0.0262849868
    0.0372915340
    0.0408568208
   -0.0219507133
   -0.0727679716
   -0.0849841292
   -0.0566416557
   -0.0292582599
    0.0108785681
    0.0139275685
    0.0175977318
    0.0218544082
    0.0261139059
    0.0279489524
    0.0264940057
   -0.0016625182
   -0.0461048174
   -0.0733929839
   -0.0638971695
   -0.0385276900
   -0.0219043346
    0.0120650331
    0.0154439792
    0.0196673524
    0.0241002649
    0.0254932936
    0.0209352574
    0.0068142756
   -0.0210784722
   -0.0488787229
   -0.0556326479
   -0.0422164342
   -0.0266607617
    0.0164489941
    0.0202887218
    0.0224515393
    0.0195628708
    0.0103330415
   -0.0065347347
   -0.0273557738
   -0.0405196575
   -0.0386592370
   -0.0286033559
    0.0177270551
    0.0119537935
    0.0011872875
   -0.0132648581
   -0.0261028221
   -0.0307550228
   -0.0270240941
    0.0051310686
   -0.0047832866
   -0.0152113590
   -0.0220302615
   -0.0228689226
    0.0031489786
    0.0029656868
    0.0023702221
    0.0040160535
    0.0041655009
    0.0033521899
   -0.0103789567
   -0.0083991474
    0.0017853530
    0.0047176991
    0.0055482125
    0.0049362476
    0.0033876692
   -0.0113261505
   -0.0116667295
   -0.0068705663
    0.0000388902
    0.0049017188
    0.0068366312
    0.0071265270
    0.0053884398
    0.0029415191
   -0.0044433174
   -0.0099240075
   -0.0134288542
   -0.0109264997
   -0.0033220361
    0.0038674180
    0.0076453320
    0.0101451330
    0.0097377479
    0.0050138896
    0.0019680309
    0.0023791147
   -0.0003685627
   -0.0059016321
   -0.0118891711
   -0.0132076535
   -0.0074491875
    0.0006664752
    0.0070553507
    0.0126639515
    0.0247211595
    0.0111435822
    0.0033416780
    0.0006560447
    0.0044752793
    0.0036584818
   -0.0002162318
   -0.0067688253
   -0.0112063800
   -0.0092431533
   -0.0034922562
    0.0029494150
    0.0116189946
    0.0459596818
    0.0067948163
    0.0010148722
    0.0064088016
    0.0053298353
    0.0001546538
   -0.0052004582
   -0.0059627476
   -0.0038547953
   -0.0030786104
    0.0063818233
    0.0273567287
    0.0200000649
    0.0013539936
   -0.0011508225
    0.0075643266
    0.0087188659
    0.0065317203
    0.0015691168
    0.0005103840
    0.0016202942
   -0.0024005664
   -0.0026620256
    0.0143306741
    0.0390994175
    0.0013867629
   -0.0023437885
    0.0077604636
    0.0096169532
    0.0102250707
    0.0069117925
    0.0053784188
    0.0084397583
    0.0059240353
   -0.0035177731
    0.0032881601
    0.0124855432
    0.0129713316
   -0.0018294107
   -0.0051820594
   -0.0045974149
    0.0094426573
    0.0110877071
    0.0103464651
    0.0081079731
    0.0113741410
    0.0140651272
    0.0066558708
   -0.0036860654
   -0.0034953756
   -0.0113574343
   -0.0136234020
   -0.0111861773
   -0.0078957947
    0.0089809966
    0.0108992908
    0.0118947912
    0.0108728308
    0.0117682083
    0.0172826998
    0.0182493203
    0.0031008542
   -0.0158900610
   -0.0320798461
   -0.0332342751
   -0.0220436133
   -0.0134865849
    0.0103670212
    0.0122206653
    0.0131214486
    0.0134659301
    0.0171544444
    0.0219681219
    0.0165160973
   -0.0122077020
   -0.0412137920
   -0.0518819378
   -0.0372819625
   -0.0217672997
   -0.0130365029
    0.0117283466
    0.0137922404
    0.0154033406
    0.0175322487
    0.0205079461
    0.0204929652
   -0.0000387029
   -0.0326125882
   -0.0549233546
   -0.0496537064
   -0.0314320152
   -0.0186003132
    0.0131063569
    0.0156043971
    0.0179412026
    0.0195442231
    0.0183468091
    0.0078466823
   -0.0174039066
   -0.0429353066
   -0.0501901112
   -0.0383563849
   -0.0242944381
    0.0143209558
    0.0169516003
    0.0185877333
    0.0172479020
    0.0104814668
   -0.0055232647
   -0.0267904422
   -0.0405824841
   -0.0386153416
   -0.0280803442
    0.0167702963
    0.0162704714
    0.0116451623
    0.0014390951
   -0.0138511254
   -0.0279469279
   -0.0328805356
   -0.0283130865
   -0.0206297384
    0.0119156992
    0.0052100263
   -0.0053166639
   -0.0169928746
   -0.0246282847
   -0.0251580803
   -0.0166873574
   -0.0201340983
    0.0025858638
    0.0034533893
    0.0032622246
    0.0024921023
    0.0042111568
    0.0045570073
    0.0036480005
    0.0017078238
    0.0045953626
    0.0060171787
    0.0056267099
    0.0035741914
   -0.0078021794
   -0.0081815675
   -0.0049391008
   -0.0000325647
    0.0041628041
    0.0071181251
    0.0088400821
    0.0062063186
    0.0027825089
   -0.0055265999
   -0.0078823708
   -0.0065716959
   -0.0023873840
    0.0024208762
    0.0069077183
    0.0127517469
    0.0124409040
    0.0050821517
    0.0013536893
    0.0017713650
   -0.0017399114
   -0.0052269776
   -0.0060107598
   -0.0037983048
   -0.0003239248
    0.0047424962
    0.0124688625
    0.0244485892
    0.0108184281
    0.0023446377
   -0.0002731756
    0.0046769266
    0.0024611183
   -0.0010071889
   -0.0029329386
   -0.0025386417
   -0.0017373688
    0.0009427586
    0.0079259266
    0.0234590389
    0.0218442314
    0.0040844952
   -0.0005130855
    0.0064275077
    0.0058604490
    0.0033436245
    0.0012299176
    0.0011149843
    0.0003994195
   -0.0013461352
    0.0025013297
    0.0101123825
    0.0192681683
    0.0055241046
   -0.0013750105
   -0.0026814687
    0.0071408606
    0.0077678809
    0.0067463490
    0.0048967157
    0.0049545787
    0.0048809041
    0.0011311233
   -0.0016466161
    0.0012726765
    0.0033081680
    0.0008792276
   -0.0039238815
   -0.0045724531
    0.0084425682
    0.0087422547
    0.0076980140
    0.0075383970
    0.0087823102
    0.0065440894
   -0.0003926478
   -0.0054177192
   -0.0086909960
   -0.0103117257
   -0.0098085957
   -0.0080454934
    0.0084548759
    0.0095452648
    0.0096493569
    0.0094191437
    0.0108021745
    0.0111577319
    0.0053029935
   -0.0062959286
   -0.0171585402
   -0.0225729136
   -0.0193422792
   -0.0137150749
   -0.0094122082
    0.0095850631
    0.0106278386
    0.0110413421
    0.0119230017
    0.0132376812
    0.0107598667
   -0.0010776010
   -0.0180016775
   -0.0303899742
   -0.0297334906
   -0.0213245304
   -0.0139744735
    0.0106896583
    0.0119087560
    0.0128768398
    0.0138826468
    0.0130113953
    0.0051710149
   -0.0118727560
   -0.0291879633
   -0.0353339476
   -0.0286806430
   -0.0193409715
    0.0117667430
    0.0131880368
    0.0141048558
    0.0134979772
    0.0086439800
   -0.0041349028
   -0.0213737438
   -0.0329989387
   -0.0321840921
   -0.0240266493
    0.0134534413
    0.0101153317
    0.0015252743
   -0.0122985412
   -0.0253546066
   -0.0301671570
   -0.0261213051
    0.0106933159
    0.0048779467
   -0.0050978733
   -0.0166504023
   -0.0243204706
   -0.0247999902
   -0.0203429450
   -0.0173777387
   -0.0209018024
    0.0026033283
    0.0035753019
    0.0034132079
    0.0023089851
    0.0041608608
    0.0047732786
    0.0037199464
    0.0013711866
    0.0041325350
    0.0061227878
    0.0058255314
    0.0033327882
   -0.0000858701
    0.0031497855
    0.0064841649
    0.0085817366
    0.0056764708
    0.0020571252
   -0.0032783899
   -0.0029266560
   -0.0012872543
    0.0013437608
    0.0050663177
    0.0097174487
    0.0091765551
    0.0034762768
    0.0002801838
   -0.0007592345
   -0.0013534721
   -0.0010922701
   -0.0002613676
    0.0024197624
    0.0068774319
    0.0105561369
    0.0051960631
    0.0003499229
    0.0038537242
    0.0021791022
    0.0012676151
    0.0008492702
   -0.0001133013
   -0.0000792753
    0.0024297317
    0.0058116722
    0.0046898245
   -0.0002102495
   -0.0023005533
    0.0059117247
    0.0048190320
    0.0039542437
    0.0036317234
    0.0021478652
   -0.0005272066
   -0.0014668943
   -0.0008537668
   -0.0005932292
   -0.0027001817
   -0.0040923870
    0.0070985583
    0.0067943772
    0.0061688263
    0.0060900156
    0.0052422956
    0.0017002079
   -0.0030315661
   -0.0063047256
   -0.0079401091
   -0.0080275234
   -0.0074026376
    0.0079925911
    0.0078528242
    0.0078573488
    0.0077513950
    0.0051328788
   -0.0012650789
   -0.0087923240
   -0.0141197829
   -0.0149261659
   -0.0124416218
   -0.0094274568
    0.0089401660
    0.0091370162
    0.0092948735
    0.0079292185
    0.0024090802
   -0.0072134200
   -0.0165607078
   -0.0205984657
   -0.0182563385
   -0.0136401283
    0.0095036449
    0.0057045677
   -0.0030858728
   -0.0143890453
   -0.0222760185
   -0.0226662564
   -0.0180183677
    0.0102592391
    0.0077034501
    0.0010736066
   -0.0094759093
   -0.0194921931
   -0.0236051473
   -0.0210866072
    0.0040242008
   -0.0043502072
   -0.0141973904
   -0.0209009536
   -0.0215881081
   -0.0161046820
   -0.0194577201
    0.0023458012
    0.0033569656
    0.0032087494
    0.0018572433
    0.0035966489
    0.0042655747
    0.0031868293
    0.0009184093
    0.0030876013
    0.0048443931
    0.0045350778
    0.0023201351
    0.0018411722
    0.0041504111
    0.0053281123
    0.0033286301
    0.0007164839
    0.0004133606
    0.0022298135
    0.0041915508
    0.0036310654
    0.0008116886
    0.0010313248
    0.0003658094
   -0.0002837548
    0.0000321578
    0.0012435261
    0.0018092246
    0.0000315567
   -0.0018415114
    0.0030005446
    0.0021147697
    0.0004062756
   -0.0013034932
   -0.0019664597
   -0.0019745865
   -0.0024961542
   -0.0035078353
    0.0041270108
    0.0022534396
   -0.0009579770
   -0.0040601800
   -0.0059693387
   -0.0065665071
   -0.0064427474
    0.0044023036
    0.0008932035
   -0.0041071648
   -0.0085503305
   -0.0107214229
   -0.0103607039
    0.0061574735
    0.0032522503
   -0.0022330151
   -0.0086916080
   -0.0132591451
   -0.0141069050
    0.0052272146
    0.0004527449
   -0.0065825891
   -0.0131534633
   -0.0162021533
   -0.0151707891
   -0.0107165659
   -0.0158111769
   -0.0167132290
   -0.0132949632
   -0.0162111783
    0.0026039701
    0.0023938818
    0.0028347162
    0.0019533387
    0.0015678161
    0.0025335579
    0.0022140286
    0.0004092531
    0.0013194464
    0.0016274948
    0.0005627923
   -0.0003814574
   -0.0000744718
   -0.0005047609
   -0.0017998215
   -0.0023408559
   -0.0026308112
   -0.0031286642
   -0.0022625552
   -0.0042309640
   -0.0052473443
   -0.0054868103
   -0.0049663115
   -0.0073715948
   -0.0081738236
