   -0.0052778222
   -0.0026644613
   -0.0036904691
   -0.0056780381
   -0.0006165718
   -0.0010100488
   -0.0022853206
   -0.0044626153
    0.0010333132
    0.0008812343
    0.0003945874
   -0.0013401409
    0.0022446532
    0.0021361002
    0.0011441158
   -0.0008222467
    0.0033833316
    0.0032409953
    0.0027664347
    0.0013312247
    0.0041452935
    0.0037739731
    0.0028385420
    0.0045658528
    0.0038507094
   -0.0118231897
   -0.0064691321
   -0.0077134915
   -0.0103818168
   -0.0037458645
   -0.0044201008
   -0.0058361470
   -0.0087757135
   -0.0013654945
   -0.0018700559
   -0.0022331164
   -0.0039589145
   -0.0070791121
    0.0002007209
    0.0002585666
    0.0000757971
   -0.0024632787
   -0.0055468709
    0.0020057613
    0.0019101526
    0.0026366591
    0.0015596102
   -0.0016264520
    0.0033134919
    0.0037293068
    0.0040780619
    0.0017290712
   -0.0011540492
    0.0046117189
    0.0045657757
    0.0049044756
    0.0039460417
    0.0014886038
    0.0055438474
    0.0054193376
    0.0049629783
    0.0033767949
    0.0013639546
    0.0061614983
    0.0056046741
    0.0045318349
    0.0029912793
    0.0068301694
    0.0063027513
    0.0053291619
    0.0041196635
    0.0068927485
    0.0060360732
    0.0049327178
    0.0037869232
    0.0065936633
    0.0055967072
    0.0045495555
   -0.0288064508
   -0.0295931285
   -0.0221596982
   -0.0266749323
   -0.0301092819
   -0.0291459709
   -0.0178366543
   -0.0220458700
   -0.0274963439
   -0.0295496071
   -0.0267271303
   -0.0134331195
   -0.0162110632
   -0.0219221552
   -0.0267367858
   -0.0267720648
   -0.0095485530
   -0.0108162634
   -0.0150356068
   -0.0208844207
   -0.0239271505
   -0.0061641870
   -0.0067064609
   -0.0087975431
   -0.0136648040
   -0.0183906777
   -0.0031193131
   -0.0036636925
   -0.0041725062
   -0.0068944399
   -0.0115812063
   -0.0149761621
   -0.0004097117
   -0.0011434194
   -0.0010942061
   -0.0012484287
   -0.0048792815
   -0.0091290899
   -0.0116074855
    0.0011742659
    0.0009220733
    0.0029025162
    0.0016867263
   -0.0033242945
   -0.0069350179
    0.0032433701
    0.0027093675
    0.0042183651
    0.0075917499
    0.0023318134
   -0.0023766369
    0.0045408592
    0.0046098314
    0.0081824200
    0.0072187322
    0.0016685403
   -0.0017168408
    0.0060670653
    0.0058410893
    0.0066248544
    0.0081416861
    0.0047549653
    0.0013222235
    0.0071500243
    0.0070175144
    0.0072231619
    0.0061529042
    0.0036299769
    0.0012555019
    0.0080157089
    0.0075472130
    0.0065913761
    0.0050508692
    0.0031908446
    0.0086422699
    0.0083864102
    0.0072465666
    0.0058608081
    0.0045192396
    0.0088652172
    0.0080728018
    0.0065913687
    0.0053583277
    0.0041055684
    0.0085336168
    0.0073446129
    0.0060141166
    0.0049233790
    0.0078166831
    0.0066145744
    0.0055112408
    0.0070278195
   -0.0310907381
   -0.0292849337
   -0.0238900010
   -0.0261905308
   -0.0299178251
   -0.0335425429
   -0.0340563871
   -0.0299740777
   -0.0211058632
   -0.0245479016
   -0.0257110961
   -0.0278210901
   -0.0330659257
   -0.0372057596
   -0.0351970780
   -0.0287284427
   -0.0211355568
   -0.0228274760
   -0.0238357333
   -0.0288865594
   -0.0365346107
   -0.0387868823
   -0.0335278728
   -0.0163022822
   -0.0187581647
   -0.0189988151
   -0.0219716382
   -0.0307480611
   -0.0381651072
   -0.0366828490
   -0.0294117480
   -0.0138685893
   -0.0143065861
   -0.0147523303
   -0.0214030718
   -0.0316912957
   -0.0358147717
   -0.0314198670
   -0.0088483990
   -0.0099681638
   -0.0094236418
   -0.0121865576
   -0.0212606085
   -0.0294681131
   -0.0300157532
   -0.0250195366
   -0.0058635536
   -0.0058936078
   -0.0060050448
   -0.0110495523
   -0.0194268656
   -0.0242798082
   -0.0232287183
   -0.0021489489
   -0.0029434121
   -0.0027163042
   -0.0036616497
   -0.0093617921
   -0.0156320795
   -0.0183902482
    0.0009343767
   -0.0000465818
   -0.0006505761
    0.0012484820
   -0.0004796419
   -0.0068485857
   -0.0115403018
   -0.0134894439
    0.0026534659
    0.0015115090
    0.0035161674
    0.0117933246
    0.0017925688
   -0.0046559565
   -0.0084041769
    0.0048404943
    0.0040354723
    0.0036193069
    0.0201847514
    0.0172151290
    0.0014849322
   -0.0032914201
   -0.0061852315
    0.0062610605
    0.0053299986
    0.0099836032
    0.0294020095
    0.0083098982
    0.0010506795
   -0.0023940138
    0.0077777714
    0.0075630280
    0.0073180058
    0.0140982558
    0.0124901266
    0.0045129995
    0.0009805621
    0.0090652903
    0.0089111826
    0.0090330305
    0.0098520820
    0.0066377518
    0.0037003444
    0.0010108603
    0.0102054092
    0.0100392976
    0.0088516915
    0.0072318735
    0.0055337213
    0.0033186124
    0.0105863934
    0.0110278553
    0.0100798466
    0.0076519356
    0.0063807117
    0.0050134069
    0.0110632921
    0.0109782412
    0.0088452534
    0.0068495449
    0.0059552573
    0.0044028622
    0.0108668070
    0.0098319467
    0.0076688899
    0.0064481414
    0.0053642926
    0.0102646735
    0.0099605057
    0.0084884910
    0.0069651392
    0.0059285169
    0.0087966697
    0.0074849711
    0.0063441917
    0.0077553022
   -0.0280772586
   -0.0308676517
   -0.0316894449
   -0.0295914026
   -0.0230794978
   -0.0287680054
   -0.0311850820
   -0.0313776813
   -0.0329694686
   -0.0360481948
   -0.0361435187
   -0.0314347441
   -0.0198393337
   -0.0271742558
   -0.0317799837
   -0.0323106809
   -0.0331179245
   -0.0380256065
   -0.0422805847
   -0.0393194397
   -0.0313093972
   -0.0229484901
   -0.0296821082
   -0.0317242298
   -0.0312256234
   -0.0358979284
   -0.0451626498
   -0.0473091692
   -0.0393607662
   -0.0289909835
   -0.0169980850
   -0.0244301189
   -0.0286111305
   -0.0276306638
   -0.0295234139
   -0.0412682178
   -0.0518388216
   -0.0476685168
   -0.0357838965
   -0.0172859493
   -0.0226642094
   -0.0227855221
   -0.0208438025
   -0.0300773196
   -0.0474909753
   -0.0526218147
   -0.0423433745
   -0.0299663992
   -0.0102954059
   -0.0152241851
   -0.0170408217
   -0.0134790497
   -0.0157899557
   -0.0331903965
   -0.0484185166
   -0.0455804387
   -0.0339835202
   -0.0082787618
   -0.0108348417
   -0.0091741632
   -0.0056241928
   -0.0160073485
   -0.0338099914
   -0.0411839328
   -0.0349846010
   -0.0257164654
   -0.0029292551
   -0.0051143259
   -0.0055861005
   -0.0027505983
   -0.0041495831
   -0.0166586799
   -0.0285002045
   -0.0304967487
   -0.0252963910
   -0.0005820451
   -0.0017699674
   -0.0016432900
    0.0001839737
   -0.0040024096
   -0.0135988116
   -0.0204092606
   -0.0213108649
    0.0017904574
    0.0004736377
    0.0011777921
    0.0062567941
   -0.0017152376
   -0.0086587364
   -0.0139623489
   -0.0148692910
    0.0046264180
    0.0035061635
    0.0016185149
    0.0247183321
    0.0202636659
    0.0003473163
   -0.0056441855
   -0.0098503632
    0.0066231563
    0.0063363862
    0.0041517664
    0.0171769608
    0.0136046867
    0.0006997389
   -0.0042550552
    0.0083884928
    0.0075447064
    0.0066907547
    0.0056189157
    0.0004964516
   -0.0032008728
    0.0095634482
    0.0099781785
    0.0088835901
    0.0141947983
    0.0107965116
    0.0041399738
    0.0004735580
    0.0111931276
    0.0115006783
    0.0113143468
    0.0141094524
    0.0115738167
    0.0068659859
    0.0036852900
    0.0126230332
    0.0134112536
    0.0136481538
    0.0101867591
    0.0081873150
    0.0063033959
    0.0032137878
    0.0125127777
    0.0138708083
    0.0155994641
    0.0119569781
    0.0078598305
    0.0077516824
    0.0054578767
    0.0132047639
    0.0146089698
    0.0142223575
    0.0084943434
    0.0076621707
    0.0068763901
    0.0044875592
    0.0132355574
    0.0135311627
    0.0104383548
    0.0077081532
    0.0072947998
    0.0057431937
    0.0123657699
    0.0111805207
    0.0086476241
    0.0074347506
    0.0064101418
    0.0112348711
    0.0108925706
    0.0093721379
    0.0078184048
    0.0067501793
    0.0094477495
    0.0081816441
    0.0070206820
   -0.0256183534
   -0.0292842265
   -0.0299797914
   -0.0299206725
   -0.0255247740
   -0.0318767780
   -0.0341953725
   -0.0334143053
   -0.0335657398
   -0.0353983263
   -0.0350044094
   -0.0304236324
   -0.0231932411
   -0.0323325080
   -0.0378857386
   -0.0375576274
   -0.0364282993
   -0.0396592709
   -0.0430900927
   -0.0397744958
   -0.0314872501
   -0.0188029315
   -0.0293164267
   -0.0389308220
   -0.0412960177
   -0.0383815387
   -0.0407940447
   -0.0496552913
   -0.0514320603
   -0.0420217960
   -0.0303060023
   -0.0230322584
   -0.0350146230
   -0.0421469717
   -0.0393497176
   -0.0378723968
   -0.0500424616
   -0.0626989189
   -0.0559572308
   -0.0401332977
   -0.0271441889
   -0.0154498260
   -0.0264126009
   -0.0370284118
   -0.0377859764
   -0.0316236864
   -0.0405567230
   -0.0655240645
   -0.0709786537
   -0.0528327742
   -0.0347696115
   -0.0164235272
   -0.0265055717
   -0.0314700520
   -0.0236725084
   -0.0225384438
   -0.0506124217
   -0.0774296129
   -0.0660665195
   -0.0437015711
   -0.0280624681
   -0.0081140176
   -0.0150871164
   -0.0211849886
   -0.0172708976
   -0.0014843813
   -0.0221657557
   -0.0609468355
   -0.0713104532
   -0.0514874374
   -0.0332150027
   -0.0024432878
   -0.0062779058
   -0.0108601342
   -0.0114302502
    0.0023441434
    0.0075078114
   -0.0291124068
   -0.0564636557
   -0.0523078484
   -0.0364690225
   -0.0243173063
   -0.0006190323
   -0.0031995093
   -0.0050650243
   -0.0015129055
    0.0111288863
   -0.0037962711
   -0.0281463728
   -0.0399546912
   -0.0346235070
   -0.0251411463
    0.0016923727
    0.0003447240
   -0.0001474638
    0.0036412625
    0.0064587060
   -0.0056523797
   -0.0175125090
   -0.0251009109
   -0.0227173296
    0.0042109029
    0.0033900916
    0.0023757067
    0.0106892930
    0.0093918215
    0.0016141715
   -0.0092231459
   -0.0162389892
    0.0067515598
    0.0066160840
    0.0055851803
    0.0131797325
    0.0118393927
    0.0043974974
   -0.0069976703
   -0.0110704873
    0.0089479394
    0.0085470863
    0.0095824397
    0.0081709197
    0.0009272511
   -0.0055797585
    0.0104757203
    0.0109377119
    0.0096531435
    0.0212573840
    0.0050407129
   -0.0003662680
   -0.0040984797
    0.0126713611
    0.0124793092
    0.0138885210
    0.0085049996
    0.0038264912
   -0.0003496353
    0.0132407691
    0.0146630112
    0.0149086487
    0.0221576984
    0.0282241168
    0.0128588696
    0.0077133183
    0.0032250560
    0.0151146818
    0.0167540229
    0.0251621529
    0.0282333245
    0.0160134925
    0.0122562747
    0.0067176624
    0.0027029421
    0.0165279682
    0.0212547710
    0.0422577148
    0.0147199820
    0.0134098168
    0.0099381228
    0.0053418890
    0.0151532862
    0.0175168136
    0.0253344197
    0.0199909010
    0.0089321121
    0.0107570133
    0.0074709689
    0.0152891698
    0.0172193704
    0.0174860904
    0.0094567353
    0.0090226684
    0.0084086362
    0.0057446634
    0.0145485287
    0.0146089323
    0.0114185454
    0.0087601534
    0.0083200847
    0.0067012621
    0.0130347234
    0.0118138076
    0.0095718925
    0.0082897247
    0.0071271726
    0.0113038787
    0.0099731359
    0.0085257950
    0.0073398876
    0.0097865044
    0.0086602882
   -0.0281532263
   -0.0258579698
   -0.0320372853
   -0.0340637309
   -0.0326912302
   -0.0315974049
   -0.0319609530
   -0.0311054711
   -0.0247999278
   -0.0345737816
   -0.0402861052
   -0.0392848927
   -0.0365376407
   -0.0374277043
   -0.0392734442
   -0.0362577949
   -0.0291078808
   -0.0213054822
   -0.0337902374
   -0.0453170315
   -0.0475986563
   -0.0424167451
   -0.0415436610
   -0.0475908659
   -0.0487535113
   -0.0401104328
   -0.0291323294
   -0.0285975787
   -0.0452986327
   -0.0553610103
   -0.0502175327
   -0.0437069311
   -0.0522033619
   -0.0638757724
   -0.0569574063
   -0.0404775242
   -0.0271269730
   -0.0204155822
   -0.0375282199
   -0.0560532638
   -0.0581199118
   -0.0451246359
   -0.0483229805
   -0.0746336693
   -0.0804471230
   -0.0581711433
   -0.0368196479
   -0.0120889607
   -0.0248607569
   -0.0448118400
   -0.0576522296
   -0.0456697192
   -0.0357924160
   -0.0665820856
   -0.1006799626
   -0.0834683842
   -0.0509653591
   -0.0307557417
   -0.0055721911
   -0.0129136968
   -0.0269902820
   -0.0432424669
   -0.0407419120
   -0.0138713412
   -0.0341767581
   -0.0964628292
   -0.1066772557
   -0.0695259852
   -0.0398576015
   -0.0045376635
   -0.0119037311
   -0.0231355024
   -0.0280656720
    0.0047640004
   -0.0502002816
   -0.1077210591
   -0.0860176314
   -0.0497151443
   -0.0294151124
    0.0003179030
   -0.0025579506
   -0.0080791302
   -0.0130844625
   -0.0028101765
    0.0132723023
   -0.0615836693
   -0.0827765662
   -0.0555777091
   -0.0336703512
    0.0023383505
    0.0003085300
   -0.0024052373
   -0.0023310357
    0.0240056324
   -0.0093616608
   -0.0460322653
   -0.0487144548
   -0.0343758774
   -0.0228187860
    0.0046689335
    0.0045417283
    0.0036133644
    0.0026425988
    0.0054245382
    0.0228827881
    0.0189454806
    0.0035992191
   -0.0221676166
   -0.0281206626
   -0.0219302589
    0.0066080950
    0.0068962527
    0.0068458841
    0.0086158865
    0.0161675008
    0.0370777415
    0.0311119066
   -0.0129288395
   -0.0175009635
    0.0087267993
    0.0094574304
    0.0120432453
    0.0092123576
   -0.0096624516
   -0.0115359040
    0.0111802709
    0.0125304256
    0.0305108949
    0.0345894988
    0.0163076150
   -0.0009799734
   -0.0069665868
    0.0139920189
    0.0160818325
    0.0132299924
    0.0045555655
   -0.0019119380
    0.0150196687
    0.0167672065
    0.0180023374
    0.0245631584
    0.0085135705
    0.0026875666
   -0.0013437127
    0.0180083536
    0.0191230075
    0.0293285282
    0.0184750362
    0.0073288750
    0.0022134836
    0.0173425447
    0.0204187724
    0.0272964596
    0.0152764364
    0.0059039943
    0.0191913686
    0.0228494851
    0.0301815502
    0.0099937853
    0.0045674363
    0.0198920720
    0.0277228953
    0.0193378932
    0.0220986151
    0.0132771880
    0.0070127019
    0.0170451026
    0.0194388786
    0.0250155856
    0.0189002328
    0.0101884327
    0.0121751688
    0.0086718847
    0.0163435317
    0.0174031232
    0.0159595918
    0.0106760116
    0.0100019842
    0.0090804296
    0.0065181951
    0.0148893621
    0.0144594253
    0.0120194067
    0.0099148374
    0.0089130919
    0.0072115670
    0.0130870349
    0.0120474362
    0.0103113856
    0.0089059655
    0.0075243908
    0.0113523317
    0.0102863514
    0.0089723568
   -0.0293462726
   -0.0310009220
   -0.0241176488
   -0.0329857558
   -0.0379831757
   -0.0368444490
   -0.0335160068
   -0.0324657757
   -0.0326438664
   -0.0302287132
   -0.0219143865
   -0.0343112760
   -0.0454485747
   -0.0472827618
   -0.0414792597
   -0.0381488271
   -0.0404295855
   -0.0406829419
   -0.0343600413
   -0.0176200999
   -0.0313983938
   -0.0499766167
   -0.0606050401
   -0.0541060298
   -0.0443251343
   -0.0470017058
   -0.0545878705
   -0.0496114645
   -0.0363772489
   -0.0242839280
   -0.0463748041
   -0.0708842733
   -0.0729096633
   -0.0538827976
   -0.0489363944
   -0.0679306196
   -0.0741194387
   -0.0546691847
   -0.0349704248
   -0.0155085898
   -0.0338983067
   -0.0666108938
   -0.0864819050
   -0.0707316722
   -0.0466396508
   -0.0675886101
   -0.0993962364
   -0.0865522568
   -0.0517797529
   -0.0306767559
   -0.0078105406
   -0.0189965879
   -0.0451115069
   -0.0778459113
   -0.0825895996
   -0.0451842874
   -0.0442540345
   -0.0800338663
   -0.0428393128
   -0.0251929412
   -0.0024625812
   -0.0073752340
   -0.0211628362
   -0.0487254205
   -0.0666081239
   -0.0383507698
   -0.0026569019
   -0.0589861618
   -0.1069154232
   -0.0605412313
   -0.0326680268
   -0.0004746604
   -0.0054181270
   -0.0181629117
   -0.0341771482
   -0.0252534378
   -0.0805253160
   -0.0415531816
   -0.0240816755
    0.0027868659
    0.0023756320
   -0.0016935938
   -0.0078454940
   -0.0096761518
   -0.0013507569
   -0.0879901130
   -0.0489384179
   -0.0280500948
    0.0052951440
    0.0051966369
    0.0034345541
    0.0018948167
    0.0101775446
   -0.0199217773
   -0.0629575894
   -0.0481003483
   -0.0300130718
    0.0062210706
    0.0075481392
    0.0077372565
    0.0075200789
    0.0064277577
    0.0275531278
   -0.0308802642
   -0.0272903921
   -0.0192857611
    0.0082387308
    0.0095321299
    0.0102025726
    0.0117323307
    0.0274087600
    0.0222507031
   -0.0178596423
   -0.0168347588
    0.0103002838
    0.0117792187
    0.0135905560
   -0.0018611056
   -0.0115475987
    0.0128064906
    0.0147247574
    0.0259835103
    0.0123535196
   -0.0045725769
   -0.0076296560
    0.0161715983
    0.0187743472
    0.0120325346
    0.0016484684
   -0.0034030542
    0.0205743953
    0.0226437285
    0.0494944194
    0.0185373797
    0.0065813888
    0.0009882336
    0.0206635620
    0.0250958681
    0.0267982542
    0.0156945611
    0.0054676250
    0.0010651306
    0.0186114718
    0.0246497132
    0.0281569632
    0.0115366480
    0.0044384180
    0.0213170662
    0.0264855233
    0.0403202699
    0.0244759993
    0.0080392496
    0.0223993804
    0.0263056952
    0.0329567400
    0.0115372263
    0.0058979167
    0.0215633784
    0.0245856239
    0.0320993821
    0.0149055704
    0.0168111507
    0.0128684792
    0.0078339525
    0.0177542760
    0.0194435027
    0.0194437778
    0.0149378911
    0.0115754948
    0.0115415215
    0.0089127544
    0.0163681841
    0.0167172323
    0.0150347262
    0.0121761578
    0.0107044676
    0.0091765822
    0.0145888524
    0.0141290329
    0.0124913343
    0.0107011356
    0.0091851030
    0.0120102557
    0.0106499481
    0.0091879727
   -0.0285881236
   -0.0324422181
   -0.0315747395
   -0.0264647981
   -0.0255009208
   -0.0236988406
   -0.0308845506
   -0.0397273812
   -0.0411413984
   -0.0363461076
   -0.0321913438
   -0.0315506749
   -0.0309570631
   -0.0270812454
   -0.0301190307
   -0.0461984410
   -0.0548375835
   -0.0492005039
   -0.0398478302
   -0.0380083805
   -0.0407680712
   -0.0379325457
   -0.0295505623
   -0.0253227119
   -0.0472608766
   -0.0706514382
   -0.0711772238
   -0.0528818874
   -0.0434949598
   -0.0514910546
   -0.0556730534
   -0.0438409410
   -0.0298250000
   -0.0177690036
   -0.0389558826
   -0.0778738180
   -0.0957923055
   -0.0794993627
   -0.0493489491
   -0.0556257261
   -0.0805122703
   -0.0712842231
   -0.0448492265
   -0.0276259741
   -0.0100156180
   -0.0245859989
   -0.0627658630
   -0.0652648906
   -0.0438552241
   -0.0834518011
   -0.1085254755
   -0.0745424973
   -0.0400642187
   -0.0238392439
   -0.0039543245
   -0.0110286907
   -0.0335413797
   -0.0811205991
   -0.0900702431
   -0.0281289292
   -0.0378006721
   -0.0621189539
   -0.0324121993
   -0.0001403731
   -0.0018694737
   -0.0100729553
   -0.0379383298
   -0.0142272029
   -0.0955741585
   -0.0451008363
   -0.0248873006
    0.0026037402
    0.0028298067
   -0.0052827155
   -0.0193826247
   -0.0163448917
   -0.0612802931
   -0.0313236939
    0.0042510014
    0.0068637085
    0.0085592581
    0.0048861113
    0.0135534577
    0.0197778396
   -0.0724007019
   -0.0374563643
   -0.0217743007
    0.0072056948
    0.0108125151
    0.0114674635
    0.0156696340
    0.0139698852
   -0.0373466053
   -0.0626238101
   -0.0393776196
   -0.0238136774
    0.0069738434
    0.0098799280
    0.0122381658
    0.0136164324
    0.0129192718
    0.0136458538
   -0.0185627302
   -0.0319848822
   -0.0231635728
    0.0091281275
    0.0116783504
    0.0132271767
    0.0143062178
    0.0174794323
    0.0494073081
   -0.0122194634
   -0.0183513984
    0.0112055109
    0.0135032992
    0.0149464726
    0.0215066261
   -0.0096936634
   -0.0114152181
    0.0136596330
    0.0163065660
    0.0181988472
   -0.0003237912
   -0.0065503519
    0.0172284017
    0.0208884250
    0.0257964089
    0.0313435271
    0.0054078193
   -0.0011970011
   -0.0041494302
    0.0228896773
    0.0284133574
    0.0316974723
    0.0520205677
    0.0114262239
    0.0038591691
   -0.0004239751
    0.0214586533
    0.0312510904
    0.0364516099
    0.0398194618
    0.0097469093
    0.0035257382
    0.0271826462
    0.0382940214
    0.0413652864
    0.0255566582
    0.0078818053
    0.0217812390
    0.0311068859
    0.0371248927
    0.0134719499
    0.0060736170
    0.0238061679
    0.0301545910
    0.0337946039
    0.0193519350
    0.0089556241
    0.0234512764
    0.0261364472
    0.0275393970
    0.0247808345
    0.0190500900
    0.0175961320
    0.0109984378
    0.0066153830
    0.0212788609
    0.0216731688
    0.0193911506
    0.0151999348
    0.0136060442
    0.0114676430
    0.0080123534
    0.0185239845
    0.0177886616
    0.0154114768
    0.0129547532
    0.0111689851
    0.0087742572
    0.0159004758
    0.0148347127
    0.0129422768
    0.0110166624
    0.0090799894
    0.0136138287
    0.0124849805
    0.0108837643
    0.0091773892
   -0.0259769297
   -0.0207681998
   -0.0193276181
   -0.0180292530
   -0.0254594400
   -0.0316034981
   -0.0327069321
   -0.0293899557
   -0.0255202894
   -0.0234053768
   -0.0223830874
   -0.0203266344
   -0.0258206416
   -0.0372351644
   -0.0431249533
   -0.0395370303
   -0.0324966516
   -0.0285812931
   -0.0281003251
   -0.0267595995
   -0.0224146074
   -0.0232401296
   -0.0401653992
   -0.0566346393
   -0.0568685198
   -0.0442488794
   -0.0350321997
   -0.0349761125
   -0.0365467584
   -0.0313764295
   -0.0233812061
   -0.0179016482
   -0.0366931742
   -0.0683199233
   -0.0840855928
   -0.0677382935
   -0.0443503864
   -0.0405465753
   -0.0502500557
   -0.0475569414
   -0.0338002980
   -0.0227110445
   -0.0114011661
   -0.0265745239
   -0.0649209545
   -0.1037752551
   -0.0998490274
   -0.0651963328
   -0.0403748915
   -0.0598682074
   -0.0771977966
   -0.0544667714
   -0.0324892971
   -0.0055276332
   -0.0143963281
   -0.0421740288
   -0.1026137383
   -0.0394702540
   -0.0352677652
   -0.0980508115
   -0.0512367189
   -0.0283095766
   -0.0013063987
   -0.0044114740
   -0.0168638285
   -0.0627874103
   -0.0555439330
   -0.0893583883
   -0.0411745318
   -0.0231478774
    0.0014945804
    0.0011382848
   -0.0136539653
   -0.0626375434
   -0.0306813516
    0.0039106790
    0.0083879840
    0.0175344541
    0.0074842475
   -0.0866249358
   -0.0404086396
   -0.0223481734
    0.0046822544
    0.0084800076
    0.0217049455
    0.0295580524
   -0.0817306269
   -0.0489642472
   -0.0264484854
    0.0075389004
    0.0140790501
    0.0267847246
    0.0283132403
   -0.0483707326
   -0.0477687275
   -0.0286677733
    0.0105138308
    0.0163228430
    0.0191514167
    0.0265437044
    0.0160501994
    0.0135249301
   -0.0307472682
   -0.0261657314
   -0.0179885044
    0.0091342467
    0.0126529243
    0.0154643115
    0.0175227646
    0.0160850290
    0.0233382449
   -0.0000124393
   -0.0177497605
   -0.0157018722
    0.0112813406
    0.0143459547
    0.0163081468
    0.0162684089
    0.0255297732
   -0.0062113679
   -0.0108196246
    0.0136705528
    0.0170311824
    0.0183495934
    0.0160375691
    0.0029279066
   -0.0046238794
   -0.0067089128
    0.0170380733
    0.0220928518
    0.0227019017
    0.0206303021
    0.0103181328
    0.0011749548
   -0.0025845274
    0.0226072234
    0.0337348950
    0.0378989683
    0.0410320052
    0.0209265029
    0.0069400667
    0.0018591464
    0.0202348626
    0.0324874438
    0.0602723438
    0.0583158940
    0.0149958289
    0.0065561179
    0.0020776145
    0.0260632467
    0.0464739674
    0.0724726324
    0.0772968140
    0.0433114647
    0.0121123497
    0.0055788941
    0.0204084920
    0.0317478116
    0.0501842266
    0.0505416658
    0.0204886863
    0.0091905543
    0.0230341819
    0.0330235216
    0.0387135912
    0.0391520035
    0.0483235280
    0.0256972007
    0.0124902574
    0.0069912915
    0.0237066284
    0.0290705583
    0.0287123360
    0.0292075470
    0.0282825394
    0.0196307742
    0.0140974815
    0.0090138113
    0.0222282952
    0.0239911177
    0.0227258992
    0.0218677412
    0.0170121011
    0.0137676099
    0.0102542668
    0.0197177927
    0.0199439782
    0.0188921149
    0.0165246961
    0.0134072296
    0.0107359422
    0.0171595947
    0.0168593189
    0.0155517824
    0.0132466892
    0.0108658618
    0.0148608094
    0.0142341642
    0.0127688467
    0.0108237313
    0.0119624326
   -0.0146826083
   -0.0239625456
   -0.0247923724
   -0.0195523017
   -0.0171507990
   -0.0160579201
   -0.0150514844
   -0.0206106942
   -0.0278870120
   -0.0315710805
   -0.0296323711
   -0.0248251540
   -0.0205855348
   -0.0187058757
   -0.0182721220
   -0.0164721004
   -0.0193982910
   -0.0305033863
   -0.0401669273
   -0.0406751926
   -0.0334408316
   -0.0259748272
   -0.0219792819
   -0.0222669915
   -0.0211781523
   -0.0174569242
   -0.0160954681
   -0.0296187597
   -0.0485797425
   -0.0582118629
   -0.0489328149
   -0.0347425554
   -0.0269297367
   -0.0269105706
   -0.0285518328
   -0.0234069752
   -0.0175381183
   -0.0114055822
   -0.0240314909
   -0.0504647686
   -0.0817109200
   -0.0779927786
   -0.0513074476
   -0.0332894802
   -0.0320628349
   -0.0397885173
   -0.0340490499
   -0.0236603797
   -0.0166790376
   -0.0065459896
   -0.0154761729
   -0.0395490758
   -0.0948164943
   -0.0857229537
   -0.0423405864
   -0.0307726583
   -0.0510258828
   -0.0544571012
   -0.0346830392
   -0.0220324796
   -0.0025214338
   -0.0070014773
   -0.0214375908
   -0.0706373924
   -0.0648218135
   -0.0113215308
   -0.0245355359
   -0.0825729857
   -0.0575059830
   -0.0309941730
   -0.0193529829
   -0.0007192946
   -0.0049449160
   -0.0262778955
    0.0069887932
   -0.0968955620
   -0.0477626646
   -0.0256615553
    0.0026890217
    0.0056062487
    0.0122257732
   -0.0011391498
    0.0129703663
   -0.0765581221
   -0.0353770652
   -0.0203291969
    0.0040794397
    0.0081936863
    0.0354918952
   -0.0801799331
   -0.0482619711
   -0.0253633362
    0.0076214324
    0.0212657671
   -0.0552743997
   -0.0302517179
   -0.0181320797
    0.0069510801
    0.0124783542
    0.0394280470
   -0.0423623612
   -0.0314734495
   -0.0197527241
    0.0096734361
    0.0162342110
    0.0279344556
    0.0335305607
    0.0549068596
   -0.0146826525
   -0.0253154303
   -0.0191438089
    0.0085453478
    0.0121164824
    0.0163160062
    0.0183701268
    0.0245541446
    0.0361425626
    0.0147535248
   -0.0136142904
   -0.0152372432
    0.0106626730
    0.0141298779
    0.0167577941
    0.0176265500
    0.0152510105
    0.0465009273
   -0.0023795557
   -0.0088321106
   -0.0094296271
    0.0129752464
    0.0167244650
    0.0193602841
    0.0127109487
   -0.0037022561
    0.0244760612
    0.0150583744
   -0.0022139341
   -0.0052175489
    0.0159559426
    0.0213105477
    0.0252398193
    0.0060022548
   -0.0089767686
    0.0516728797
    0.0372175621
    0.0044116298
   -0.0003649060
   -0.0029142608
    0.0204834973
    0.0315931489
    0.0610997452
    0.0374116255
    0.0124641177
    0.0047679150
    0.0006608181
    0.0281578854
    0.0630674855
    0.0222133065
    0.0103197499
    0.0045547949
    0.0226747978
    0.0406354249
    0.0480438689
    0.0164945182
    0.0086138729
    0.0278512813
    0.0512436030
    0.0856956076
    0.0240675855
    0.0125594977
    0.0069038780
    0.0206819252
    0.0309210367
    0.0444487462
    0.0424375978
    0.0285413711
    0.0156036909
    0.0095401891
    0.0220720996
    0.0294030500
    0.0322152523
    0.0331880121
    0.0290903424
    0.0165754070
    0.0114671567
    0.0216753828
    0.0252345292
    0.0251152874
    0.0314575735
    0.0294738406
    0.0166149209
    0.0124220721
    0.0087969312
    0.0199344159
    0.0212767039
    0.0213404855
    0.0221178029
    0.0168329627
    0.0127736770
    0.0096958572
    0.0177403950
    0.0181829000
    0.0178878692
    0.0160246788
    0.0128845110
    0.0101697801
    0.0155972454
    0.0155494101
    0.0146126594
    0.0126241791
    0.0103484058
    0.0131691896
    0.0119716501
   -0.0129220058
   -0.0119269670
   -0.0226090479
   -0.0184516072
   -0.0149662818
   -0.0129831173
   -0.0127619485
   -0.0121465261
   -0.0221309945
   -0.0275304829
   -0.0280508961
   -0.0240416336
   -0.0185014811
   -0.0138136739
   -0.0135527378
   -0.0141886519
   -0.0128611713
   -0.0220538389
   -0.0322569449
   -0.0372539576
   -0.0330949559
   -0.0247967318
   -0.0160890430
   -0.0116135646
   -0.0161728653
   -0.0157104307
   -0.0131704050
   -0.0192214061
   -0.0341626564
   -0.0489888166
   -0.0483309398
   -0.0355534274
   -0.0227788221
   -0.0076527557
   -0.0147356340
   -0.0199335440
   -0.0163759009
   -0.0129373419
   -0.0066676407
   -0.0140023751
   -0.0299489438
   -0.0582105595
   -0.0726095196
   -0.0555389012
   -0.0334915258
   -0.0159622194
   -0.0038837374
   -0.0255147865
   -0.0212317216
   -0.0159696704
   -0.0033103164
   -0.0079760188
   -0.0200886783
   -0.0519582910
   -0.0928873027
   -0.0829907322
   -0.0510264186
   -0.0267262863
   -0.0051990214
   -0.0247536063
   -0.0280743783
   -0.0200769379
   -0.0148999905
   -0.0026887248
   -0.0090730094
   -0.0291605744
   -0.0798864646
   -0.0716227409
   -0.0316607073
    0.0063545839
    0.0045004999
   -0.0341709658
   -0.0248396745
   -0.0183865971
    0.0009798492
   -0.0000299546
   -0.0061080409
   -0.0246884444
   -0.0293096093
   -0.0228283310
   -0.0323300577
   -0.0231127984
   -0.0162665310
    0.0029920919
    0.0050152501
    0.0148210107
    0.0335308360
   -0.0485300508
   -0.0313435727
   -0.0200631343
    0.0064005420
    0.0186811755
   -0.0075237131
   -0.0431309747
   -0.0251448141
   -0.0161468087
    0.0064196375
    0.0127341164
   -0.0392958903
   -0.0296964651
   -0.0185896896
    0.0097378710
    0.0227752319
   -0.0127803352
   -0.0280101701
   -0.0198367482
    0.0084559308
    0.0130716734
    0.0248371414
    0.0455366476
    0.0747898359
    0.0113625873
   -0.0177933845
   -0.0179536532
    0.0107985483
    0.0149657119
    0.0182272709
    0.0278114809
    0.0476592932
   -0.0050388180
   -0.0123786295
   -0.0115182829
    0.0130543197
    0.0163653831
    0.0186508251
    0.0187239686
    0.0175549639
   -0.0050870478
   -0.0077524413
    0.0118507455
    0.0156277809
    0.0193076858
    0.0177424922
   -0.0094073665
   -0.0081044315
    0.0268576067
    0.0033848446
   -0.0027333024
   -0.0046549874
    0.0144409631
    0.0194097182
    0.0246861500
    0.0156178838
    0.0395203442
    0.0162922566
    0.0029288728
   -0.0009928458
    0.0261302694
    0.0456522773
    0.0644965873
    0.0261154420
    0.0093614722
    0.0032236970
    0.0230642066
    0.0413029362
    0.0165193336
    0.0077880391
    0.0305795833
    0.0758310096
    0.0266428132
    0.0123711404
    0.0064420730
    0.0230030406
    0.0386302288
    0.0861935715
    0.0429405549
    0.0163372714
    0.0096090858
    0.0260998050
    0.0396061600
    0.0460255495
    0.0596758724
    0.0189313105
    0.0121853841
    0.0075501759
    0.0266603648
    0.0326498798
    0.0312531961
    0.0206072119
    0.0137593388
    0.0094140313
    0.0245681100
    0.0261433218
    0.0299077833
    0.0246151817
    0.0145415300
    0.0106991918
    0.0215345478
    0.0221212268
    0.0255213026
    0.0232652339
    0.0151876242
    0.0114560177
    0.0187172938
    0.0190334789
    0.0186818026
    0.0152576813
    0.0118615500
    0.0162398162
    0.0159332436
    0.0143928582
    0.0119167115
    0.0139626029
    0.0131623595
    0.0115667276
   -0.0113834446
   -0.0098458878
   -0.0095023268
   -0.0134691362
   -0.0100901338
   -0.0094423231
   -0.0099881594
   -0.0096325030
   -0.0214904420
   -0.0241068400
   -0.0221630479
   -0.0172358875
   -0.0107707234
   -0.0069333285
   -0.0098182766
   -0.0107412925
   -0.0099091206
   -0.0225660825
   -0.0294214192
   -0.0295226008
   -0.0234487523
   -0.0144431398
    0.0014756745
   -0.0036096849
   -0.0115326328
   -0.0113164070
   -0.0113944164
   -0.0207385195
   -0.0333302849
   -0.0396617582
   -0.0332239787
   -0.0219703963
    0.0018375270
   -0.0087970833
   -0.0128428027
   -0.0113846284
   -0.0074165467
   -0.0156282372
   -0.0316318541
   -0.0502883731
   -0.0486541646
   -0.0324938470
   -0.0157334585
   -0.0132555643
   -0.0126298891
   -0.0110624818
   -0.0035025945
   -0.0089506390
   -0.0220947686
   -0.0500663981
   -0.0655101179
   -0.0477201759
   -0.0285712396
    0.0089140776
    0.0045782555
   -0.0099040491
   -0.0121512181
   -0.0104912168
   -0.0003324442
   -0.0027843696
   -0.0099393752
   -0.0278112138
   -0.0546591355
   -0.0524082903
   -0.0329776651
   -0.0143376429
   -0.0104685744
   -0.0117909295
    0.0018239909
    0.0017994450
    0.0000915113
    0.0006785942
    0.0030626714
   -0.0177845624
    0.0016120485
    0.0038870695
   -0.0126455344
   -0.0109663722
    0.0043365289
    0.0072379533
    0.0235602242
    0.0269792048
   -0.0131520945
   -0.0124064874
    0.0053151826
    0.0091392099
    0.0390618414
   -0.0152107124
   -0.0168315307
   -0.0141666707
    0.0086087896
    0.0206418005
   -0.0140427320
   -0.0219638631
   -0.0162715391
   -0.0118778573
    0.0079188389
    0.0127811400
    0.0411562997
    0.0570238073
    0.0001607211
   -0.0194396716
   -0.0170763112
   -0.0125726984
    0.0105276368
    0.0158602978
    0.0334816980
    0.0408416042
    0.0139944162
   -0.0095314164
   -0.0142111050
   -0.0120287446
    0.0094353819
    0.0129111843
    0.0164561808
    0.0328381865
    0.0451346495
    0.0415891351
    0.0046860015
   -0.0077400391
   -0.0094471743
    0.0116166345
    0.0151596285
    0.0189670030
    0.0283184085
    0.0277641074
    0.0658359821
    0.0012210808
   -0.0048819192
    0.0140631342
    0.0181937882
    0.0215723550
    0.0079427521
   -0.0279380874
    0.0047425502
    0.0289408282
    0.0176553954
    0.0010768465
   -0.0026158469
    0.0171875221
    0.0226346786
    0.0224941987
    0.0046360901
    0.0462933659
    0.0348571675
    0.0085020055
    0.0017198886
    0.0216781899
    0.0312929362
    0.0576798279
    0.0173536770
    0.0067500792
    0.0020947213
    0.0289008903
    0.0593019939
    0.0368910832
    0.0123020322
    0.0057037173
    0.0236461011
    0.0401654193
    0.0184137901
    0.0094176030
    0.0285856834
    0.0486967899
    0.0237905052
    0.0127150981
    0.0074517752
    0.0215431429
    0.0313027595
    0.0409848012
    0.0350749411
    0.0241608559
    0.0148301375
    0.0097559479
    0.0228793145
    0.0296449258
    0.0307334902
    0.0407519181
    0.0337188203
    0.0156830819
    0.0114378201
    0.0224444893
    0.0257458666
    0.0261078646
    0.0478474428
    0.0448202316
    0.0169500412
    0.0124724769
    0.0090580453
    0.0207079939
    0.0221470827
    0.0234264943
    0.0270964835
    0.0184271333
    0.0131694656
    0.0099903214
    0.0185262000
    0.0192068301
    0.0195091241
    0.0174956802
    0.0135898419
    0.0105785307
    0.0163565064
    0.0164851479
    0.0156406008
    0.0134048370
    0.0108579858
    0.0139173178
    0.0126668184
   -0.0102094816
   -0.0081730372
   -0.0074594529
   -0.0075747841
   -0.0122796758
   -0.0086030128
   -0.0064223718
   -0.0071431415
   -0.0078062205
   -0.0185870383
   -0.0187256797
   -0.0155698307
   -0.0102557086
   -0.0034335172
   -0.0040862423
   -0.0074396170
   -0.0081040285
   -0.0141874572
   -0.0201552703
   -0.0229615884
   -0.0202615256
   -0.0140472635
   -0.0009357984
    0.0151528072
   -0.0039812496
   -0.0080856045
   -0.0082702535
   -0.0062481631
   -0.0113487367
   -0.0192259208
   -0.0265892306
   -0.0263786009
   -0.0194137605
   -0.0075588793
   -0.0063544272
   -0.0083387912
   -0.0082465280
   -0.0034657392
   -0.0072575666
   -0.0146070452
   -0.0262105834
   -0.0326975423
   -0.0259188362
   -0.0156599743
    0.0122268951
   -0.0061474598
   -0.0082852841
   -0.0080767722
   -0.0009823566
   -0.0031057005
   -0.0076359314
   -0.0176621926
   -0.0328127903
   -0.0321957531
   -0.0197219422
   -0.0053332297
    0.0209554471
   -0.0053809340
   -0.0083497052
    0.0002931106
   -0.0015150471
   -0.0027204936
   -0.0142882131
   -0.0263039066
   -0.0176380607
   -0.0084655877
    0.0238571148
   -0.0071039596
   -0.0083021258
    0.0026765806
    0.0027475914
    0.0070056930
    0.0155905927
    0.0056256304
    0.0167751549
   -0.0004179832
   -0.0084701025
    0.0040645273
    0.0055379562
    0.0089459962
    0.0360837113
    0.0127852076
   -0.0081472926
   -0.0084412316
    0.0067184946
    0.0106014875
    0.0064031112
    0.0005112200
   -0.0085962453
   -0.0090281461
    0.0069199164
    0.0103053852
    0.0259286097
   -0.0265584935
   -0.0159368266
   -0.0113893345
   -0.0097550130
    0.0095487031
    0.0143998046
    0.0215755146
   -0.0234272368
   -0.0210092818
   -0.0132838448
   -0.0103226903
    0.0088540268
    0.0121521730
    0.0174294356
    0.0862383754
    0.0099643440
    0.0035821641
   -0.0114507599
   -0.0110511484
   -0.0095983368
    0.0110815468
    0.0144442092
    0.0239734830
    0.0702461483
    0.0407714222
    0.0174797723
    0.0067678775
   -0.0040081023
   -0.0066209699
    0.0134551006
    0.0174986255
    0.0321393822
    0.0430870042
    0.0427577458
    0.0230267350
    0.0268532979
    0.0076207604
   -0.0013406504
   -0.0039092107
    0.0123531786
    0.0162979547
    0.0213956031
    0.0238197755
   -0.0046248044
   -0.0187485000
    0.0088902637
    0.0278419127
    0.0233276759
    0.0060116970
    0.0001029170
    0.0149462303
    0.0199739704
    0.0246905347
    0.0135960378
    0.0211907011
    0.0322397796
    0.0151185162
    0.0052204002
    0.0182264564
    0.0251435967
    0.0324791163
    0.0511398459
    0.0285182387
    0.0112649409
    0.0046779305
    0.0225717661
    0.0337588616
    0.0672137999
    0.0189681764
    0.0088180189
    0.0281323588
    0.0457391653
    0.0329800782
    0.0130114584
    0.0070771434
    0.0223937403
    0.0332109310
    0.0471003579
    0.0628588422
    0.0384945553
    0.0163572310
    0.0098428710
    0.0249343380
    0.0338115955
    0.0355014398
    0.0393937179
    0.0275809427
    0.0171081576
    0.0119889243
    0.0254819355
    0.0299636037
    0.0293473453
    0.0494817914
    0.0432468745
    0.0170290924
    0.0132221764
    0.0094391190
    0.0239575719
    0.0256856621
    0.0272188238
    0.0357711065
    0.0198996637
    0.0139760521
    0.0106173195
    0.0214821042
    0.0222581183
    0.0234160751
    0.0205807086
    0.0148016148
    0.0114057663
    0.0189200264
    0.0191788933
    0.0183207023
    0.0151260343
    0.0119100222
    0.0164937400
    0.0161170234
    0.0145040548
    0.0120557796
    0.0133802352
   -0.0070964118
   -0.0058396246
   -0.0058010162
   -0.0060736777
   -0.0107303871
   -0.0078823121
   -0.0050683198
   -0.0045977599
   -0.0055972368
   -0.0061437933
   -0.0129354085
   -0.0095414160
   -0.0045394326
   -0.0010562295
   -0.0037436555
   -0.0056684489
   -0.0062370600
   -0.0122644213
   -0.0155375723
   -0.0154373487
   -0.0119474252
   -0.0060404291
    0.0079901139
    0.0043887572
   -0.0038397746
   -0.0058405644
   -0.0062882803
   -0.0056271484
   -0.0097105936
   -0.0148872799
   -0.0174246081
   -0.0145506812
   -0.0088284599
    0.0099128362
    0.0046744323
   -0.0041423473
   -0.0059726481
   -0.0027718535
   -0.0055485049
   -0.0107001934
   -0.0167230576
   -0.0164234121
   -0.0103113969
   -0.0007866372
    0.0038192129
   -0.0042033209
   -0.0061179418
   -0.0002419855
   -0.0012451651
   -0.0027849366
   -0.0093730329
   -0.0146767857
   -0.0093233243
   -0.0017255442
    0.0050536391
   -0.0047449322
   -0.0062507126
    0.0017019007
    0.0018615766
    0.0050146217
    0.0114793794
   -0.0024894520
   -0.0035826461
    0.0081528185
    0.0324249983
    0.0012136977
   -0.0057187613
    0.0030482868
    0.0038716196
    0.0070149861
    0.0143245323
    0.0210848697
    0.0285505340
   -0.0039254158
   -0.0062434943
    0.0051438203
    0.0071351265
    0.0368822510
    0.0531113489
    0.0352534993
   -0.0009092257
   -0.0060511919
    0.0057795866
    0.0078861463
    0.0140267792
    0.0595285541
    0.0410243907
    0.0039202199
   -0.0018548172
   -0.0059857560
    0.0081481520
    0.0111613154
    0.0313476781
    0.0441882463
   -0.0221514994
   -0.0082377281
   -0.0067288804
   -0.0064015507
    0.0079776045
    0.0107191216
    0.0163829991
    0.0456595123
    0.0010869678
    0.0197642585
   -0.0140740360
   -0.0304686257
   -0.0126298631
   -0.0077519904
   -0.0064666257
    0.0101901176
    0.0132681872
    0.0283291899
    0.0296859194
    0.0038925009
    0.0056168247
   -0.0120899159
   -0.0109794302
   -0.0073096485
   -0.0060506355
    0.0095462789
    0.0125490573
    0.0168657217
    0.0417224063
    0.0299442034
    0.0123242142
    0.0064337552
   -0.0018736806
   -0.0041088845
   -0.0045126260
    0.0116744882
    0.0153243742
    0.0229153774
    0.0510415746
    0.0300529797
    0.0266022753
    0.0186164575
    0.0152888212
    0.0095636638
    0.0019949253
   -0.0014395726
    0.0141388727
    0.0188017016
    0.0257054250
    0.0221082447
   -0.0016444854
    0.0017342389
    0.0157309761
    0.0181546401
    0.0099292807
    0.0031402286
    0.0171205210
    0.0226661644
    0.0254986011
    0.0152164447
    0.0009599737
    0.0095780694
    0.0235841818
    0.0183076775
    0.0088834606
    0.0034025694
    0.0208485323
    0.0278757907
    0.0387799771
    0.0342457623
    0.0326241174
    0.0156482827
    0.0075827048
    0.0257847789
    0.0382456604
    0.0597543617
    0.0261565038
    0.0121932367
    0.0219409783
    0.0319273640
    0.0559430119
    0.0582789320
    0.0417962999
    0.0168705628
    0.0095130702
    0.0254651603
    0.0364889504
    0.0593473529
    0.0496577328
    0.0317604338
    0.0196535284
    0.0122632436
    0.0275672528
    0.0353640601
    0.0403173997
    0.0385966378
    0.0261726894
    0.0182432950
    0.0139609846
    0.0095937205
    0.0214391445
    0.0270828027
    0.0304259728
    0.0304267788
    0.0284060055
    0.0184678205
    0.0146026089
    0.0110520222
    0.0212775563
    0.0246564710
    0.0256410922
    0.0252226135
    0.0207755959
    0.0153093441
    0.0120025755
    0.0216592184
    0.0217376795
    0.0202115469
    0.0161655659
    0.0126692361
    0.0098148893
    0.0187756679
    0.0182140550
    0.0160682146
    0.0130740084
    0.0103977954
    0.0161063865
    0.0150474647
    0.0130004923
   -0.0062061090
   -0.0048155138
   -0.0043352247
   -0.0046063077
   -0.0068824159
   -0.0046225941
   -0.0032332244
   -0.0035916609
   -0.0044416758
   -0.0078422072
   -0.0049353454
   -0.0017911521
   -0.0014174981
   -0.0031365039
   -0.0044253931
   -0.0102672695
   -0.0087773518
   -0.0056561547
   -0.0012691339
    0.0031731950
   -0.0000722765
   -0.0030360795
   -0.0045116840
   -0.0042058586
   -0.0069294625
   -0.0094603847
   -0.0091221952
   -0.0059042169
   -0.0020034663
    0.0095933105
    0.0100845533
    0.0005287341
   -0.0032097864
   -0.0046518453
   -0.0012742161
   -0.0027287493
   -0.0058768776
   -0.0077444798
   -0.0049536473
   -0.0005011642
    0.0091716261
    0.0175990128
    0.0000993654
   -0.0035841598
    0.0012310393
    0.0022208364
    0.0020374595
   -0.0024161122
   -0.0019819316
    0.0041669738
    0.0124540130
    0.0130631758
   -0.0008701100
   -0.0041257375
    0.0029461070
    0.0053804580
    0.0145714920
    0.0121326754
    0.0048759603
    0.0110742570
    0.0238774244
    0.0071556293
   -0.0024847122
   -0.0045986544
    0.0040630298
    0.0062054869
    0.0202413935
    0.0206877262
    0.0178840784
    0.0431394766
    0.0758773264
    0.0268790483
    0.0006146831
   -0.0039463098
    0.0047712686
    0.0065514234
    0.0128917206
    0.0261507913
    0.0399184741
    0.0234733944
    0.0030305073
   -0.0031090096
   -0.0045922228
    0.0068765015
    0.0096419527
    0.0322669158
    0.0397379011
    0.0303931493
    0.0822545055
    0.0032626289
   -0.0016182067
   -0.0030687320
   -0.0043980051
    0.0069878425
    0.0092846611
    0.0135888591
    0.0523542280
    0.0293086325
    0.0270556945
    0.0075113085
   -0.0213017235
   -0.0082361318
   -0.0045192667
   -0.0043812893
    0.0090890130
    0.0118033974
    0.0201859433
    0.0348406027
    0.0197299555
    0.0197647773
    0.0151559919
   -0.0184994509
   -0.0127349084
   -0.0059866466
   -0.0044820923
    0.0087270894
    0.0113771966
    0.0150741951
    0.0414997361
    0.0270939761
    0.0145949002
    0.0126824426
   -0.0002431101
   -0.0084405162
   -0.0055443672
   -0.0040735233
    0.0107795518
    0.0140477087
    0.0219290056
    0.0363970138
    0.0228393389
    0.0147216184
    0.0101308419
    0.0020204824
   -0.0016614871
   -0.0023647837
    0.0131308518
    0.0175983641
    0.0287095840
    0.0347618071
    0.0215671378
    0.0172106706
    0.0146230922
    0.0108286948
    0.0049233871
    0.0010757431
    0.0159278594
    0.0214774202
    0.0271705100
    0.0210524377
    0.0123959373
    0.0146822500
    0.0160544138
    0.0118909795
    0.0059819101
    0.0192164992
    0.0249666631
    0.0283075825
    0.0287523503
    0.0177382547
    0.0192626280
    0.0180904420
    0.0116471231
    0.0059155945
    0.0232464670
    0.0316774558
    0.0651356870
    0.0293769805
    0.0247706337
    0.0178344438
    0.0102861479
    0.0206433473
    0.0290194332
    0.0531017924
    0.0322203051
    0.0249713769
    0.0149218740
    0.0086243778
    0.0245550067
    0.0371092588
    0.0438884055
    0.0282109699
    0.0190387642
    0.0117924883
    0.0282603054
    0.0433042995
    0.0772304310
    0.0513492356
    0.0277958176
    0.0202194780
    0.0142641041
    0.0094180920
    0.0222830398
    0.0299094933
    0.0396370143
    0.0414599501
    0.0291447587
    0.0196916424
    0.0154245070
    0.0112384595
    0.0230207879
    0.0283599984
    0.0312435244
    0.0278882010
    0.0207770750
    0.0159323331
    0.0124413782
    0.0222146137
    0.0248842814
    0.0246910021
    0.0213089165
    0.0167191559
    0.0132152212
    0.0101666460
    0.0203297057
    0.0212122159
    0.0200647510
    0.0171175185
    0.0137822417
    0.0109095071
    0.0180420596
    0.0179708673
    0.0164838320
    0.0139756286
    0.0113700519
    0.0151691901
    0.0136006517
   -0.0040402238
   -0.0033123874
   -0.0033245426
   -0.0039590626
   -0.0025923949
   -0.0022297594
   -0.0028446315
   -0.0035967343
   -0.0039679748
   -0.0020241295
   -0.0007544800
   -0.0012146608
   -0.0025668396
   -0.0035855100
   -0.0037637197
   -0.0016144915
    0.0004722362
    0.0013216803
   -0.0005160125
   -0.0025530281
   -0.0023902767
   -0.0038954806
   -0.0044779834
   -0.0029252502
   -0.0004654822
    0.0013476187
    0.0051484315
    0.0036859970
   -0.0004538399
   -0.0027704676
    0.0006086606
    0.0006065201
   -0.0001530734
   -0.0016630328
   -0.0010100253
    0.0020943191
    0.0044300257
    0.0137950900
    0.0195333259
    0.0040806364
   -0.0010243956
   -0.0031150393
    0.0021299363
    0.0032669175
    0.0050636001
    0.0040590242
    0.0027057636
    0.0058918310
    0.0106158388
    0.0226238569
    0.0235424591
    0.0019145022
   -0.0018493451
    0.0031974443
    0.0047936969
    0.0094093262
    0.0142637416
    0.0096406032
    0.0104154524
    0.0185726110
    0.0263093747
    0.0074575480
   -0.0000013664
   -0.0026983088
    0.0054541221
    0.0099262395
    0.0257132549
    0.0246991260
    0.0157902094
    0.0237239186
    0.0405780710
    0.0542664028
    0.0229636408
    0.0015060912
   -0.0016709610
   -0.0032938473
    0.0058162929
    0.0087121382
    0.0212039719
    0.0527628384
    0.0237451897
    0.0238347799
    0.0460666593
    0.0569184224
    0.0484130627
    0.0297368943
    0.0008117255
   -0.0010337824
   -0.0028063390
    0.0060354500
    0.0081620556
    0.0128952001
    0.0367041087
    0.0346297631
    0.0228719019
    0.0328246829
    0.0610118277
    0.0274720115
    0.0065416035
   -0.0012510279
   -0.0016799674
   -0.0024721176
    0.0079958698
    0.0106727718
    0.0164229980
    0.0264600235
    0.0215882472
    0.0232885573
    0.0351416888
    0.0307523707
   -0.0023132284
   -0.0050333261
   -0.0030404174
   -0.0025174361
   -0.0029558930
    0.0078160349
    0.0101585996
    0.0131490920
    0.0185065216
    0.0218473261
    0.0211458350
    0.0208180121
    0.0230713899
    0.0047478948
   -0.0060381326
   -0.0038814132
   -0.0026283488
   -0.0026397387
    0.0097483082
    0.0125520378
    0.0168217661
    0.0263841066
    0.0237469344
    0.0197867641
    0.0171224050
    0.0114128123
    0.0002043764
   -0.0025255175
   -0.0020482139
   -0.0020743932
    0.0119367611
    0.0156324076
    0.0233046247
    0.0284325780
    0.0222607417
    0.0178833260
    0.0141914678
    0.0078259717
    0.0020604780
   -0.0000117707
   -0.0008864990
    0.0111762614
    0.0145232519
    0.0195596534
    0.0261442457
    0.0242769052
    0.0197086202
    0.0165103766
    0.0130897682
    0.0079737541
    0.0036956299
    0.0133960868
    0.0175534427
    0.0229315352
    0.0258179246
    0.0230115038
    0.0190105804
    0.0167403703
    0.0132819079
    0.0084008845
    0.0159638948
    0.0209423388
    0.0266334371
    0.0319300951
    0.0297158691
    0.0216772656
    0.0178788259
    0.0132722011
    0.0254143952
    0.0369014503
    0.0583470253
    0.0384203755
    0.0236227827
    0.0180063977
    0.0122534706
    0.0226342225
    0.0329379684
    0.0637842712
    0.0790180060
    0.0350393349
    0.0225756046
    0.0162223176
    0.0105589687
    0.0270500733
    0.0437451200
    0.0802024803
    0.0519949953
    0.0274461656
    0.0192800920
    0.0134801935
    0.0220610583
    0.0310401984
    0.0477734964
    0.0526553075
    0.0323876124
    0.0211156840
    0.0155698849
    0.0109797872
    0.0238746111
    0.0318290815
    0.0387220880
    0.0328487346
    0.0226896027
    0.0167283461
    0.0125891661
    0.0240387066
    0.0286050855
    0.0287437180
    0.0232734224
    0.0175807740
    0.0136331400
    0.0103029300
    0.0224776490
    0.0239741934
    0.0221017220
    0.0180909427
    0.0143366193
    0.0112349348
    0.0199890682
    0.0198479673
    0.0177290395
    0.0147141283
    0.0118523239
    0.0165332309
    0.0145577492
    0.0121573007
   -0.0025479309
   -0.0023361678
   -0.0030207930
   -0.0019662766
   -0.0013699345
   -0.0015893401
   -0.0023212664
   -0.0026498769
   -0.0013327713
   -0.0002693146
   -0.0000552456
   -0.0009824832
   -0.0021878270
   -0.0019330699
   -0.0004273054
    0.0008892026
    0.0018332818
    0.0012071303
   -0.0007106634
   -0.0022425333
    0.0010863731
    0.0026455546
    0.0042794445
    0.0049559673
    0.0018799347
   -0.0008799459
   -0.0024331459
    0.0018190603
    0.0021244543
    0.0017116891
    0.0016356346
    0.0033405948
    0.0056469389
    0.0082228086
    0.0171051717
    0.0076860989
    0.0013624087
   -0.0013524938
    0.0033323283
    0.0049156328
    0.0058938082
    0.0052628459
    0.0062897697
    0.0096421437
    0.0127571847
    0.0053379144
    0.0002333298
   -0.0019059754
    0.0042756641
    0.0066298602
    0.0103223743
    0.0107214794
    0.0099819322
    0.0135557299
    0.0185990157
    0.0335745809
    0.0212780152
    0.0019758105
   -0.0008548709
    0.0070579663
    0.0121693442
    0.0173492274
    0.0147052346
    0.0162635727
    0.0237864257
    0.0279852651
    0.0038071598
    0.0001237938
   -0.0017200017
    0.0070064725
    0.0109267507
    0.0193155420
    0.0200983695
    0.0179361009
    0.0241305991
    0.0328225434
    0.0281505451
    0.0352104495
    0.0061556978
    0.0004460010
   -0.0010968914
    0.0069530081
    0.0095956347
    0.0148982310
    0.0208851700
    0.0187249377
    0.0214534023
    0.0300902275
    0.0284909701
    0.0137590725
    0.0049206318
    0.0002192516
   -0.0007766874
   -0.0018029916
    0.0090105716
    0.0120663696
    0.0161827366
    0.0177185181
    0.0192734323
    0.0231873852
    0.0264066525
    0.0135924138
    0.0027881211
   -0.0000526912
   -0.0007269073
   -0.0014147586
    0.0086860296
    0.0111774812
    0.0141087538
    0.0166604172
    0.0183462453
    0.0195990048
    0.0208279366
    0.0157527030
    0.0044839316
    0.0002208356
   -0.0005002442
   -0.0010003662
    0.0106759742
    0.0135567074
    0.0169479326
    0.0193594491
    0.0194403109
    0.0183806286
    0.0159660713
    0.0087209597
    0.0025146871
    0.0005188560
   -0.0002797810
    0.0101390878
    0.0129430319
    0.0165685826
    0.0204776052
    0.0209480729
    0.0191371953
    0.0165609710
    0.0123588645
    0.0066306421
    0.0028976666
    0.0011091609
    0.0121646521
    0.0156024426
    0.0198326232
    0.0223864868
    0.0212365020
    0.0185300890
    0.0152694027
    0.0109209544
    0.0064719595
    0.0144789086
    0.0185537698
    0.0226713389
    0.0243119117
    0.0223649274
    0.0186263993
    0.0147858916
    0.0104739811
    0.0171104783
    0.0218881290
    0.0269608223
    0.0295975378
    0.0248521225
    0.0190191172
    0.0144327737
    0.0267790854
    0.0360433101
    0.0368899898
    0.0257885627
    0.0185577208
    0.0135173901
    0.0241228769
    0.0345354216
    0.0467894703
    0.0367328982
    0.0236493980
    0.0169219207
    0.0119814311
    0.0287066342
    0.0417289453
    0.0445532897
    0.0297986228
    0.0201066435
    0.0145759170
    0.0232949725
    0.0318485052
    0.0397194376
    0.0334825627
    0.0230058202
    0.0166087031
    0.0121941733
    0.0246403744
    0.0307109919
    0.0313251393
    0.0246227183
    0.0181108009
    0.0136699132
    0.0239707321
    0.0263053122
    0.0239239234
    0.0189686415
    0.0146871500
    0.0113135690
    0.0216675766
    0.0215793807
    0.0188310528
    0.0152752739
    0.0121301653
    0.0177333765
    0.0153124573
    0.0126051865
   -0.0012810444
   -0.0007144466
   -0.0006847877
   -0.0012344955
   -0.0005211418
    0.0003275535
    0.0007009583
    0.0001898916
   -0.0009197633
    0.0005293975
    0.0016263848
    0.0024298547
    0.0022871165
    0.0007976873
   -0.0008679684
    0.0019931324
    0.0033728543
    0.0046292739
    0.0055316034
    0.0036362698
    0.0008511070
   -0.0010662714
    0.0030886808
    0.0056317458
    0.0073618323
    0.0108208610
    0.0098962828
    0.0036845270
    0.0003593274
    0.0043353732
    0.0055911356
    0.0060104417
    0.0063935074
    0.0081932981
    0.0105383842
    0.0149461707
    0.0270580232
    0.0101804801
    0.0023798653
   -0.0003494192
    0.0052823968
    0.0074947160
    0.0092189925
    0.0093864537
    0.0106981442
    0.0137636773
    0.0166320583
    0.0347198317
    0.0297191220
    0.0054451074
    0.0009313763
   -0.0010066565
    0.0057208703
    0.0081849437
    0.0114600242
    0.0125792089
    0.0129542595
    0.0159694004
    0.0193777647
    0.0228146904
    0.0375140699
    0.0107984114
    0.0022006866
   -0.0001704472
    0.0080672054
    0.0115643898
    0.0145840097
    0.0148147125
    0.0167166249
    0.0208537736
    0.0213301143
    0.0204352922
    0.0131397546
    0.0033130262
    0.0005737177
   -0.0009075962
    0.0078208759
    0.0105977992
    0.0140702327
    0.0156074741
    0.0166721742
    0.0197892696
    0.0218671037
    0.0167050672
    0.0101905284
    0.0040045722
    0.0011100878
   -0.0003444927
    0.0098745059
    0.0126952991
    0.0150204037
    0.0163352134
    0.0181202036
    0.0201119765
    0.0172434725
    0.0095844807
    0.0042716213
    0.0015702332
    0.0001740098
    0.0094431186
    0.0119057963
    0.0143582533
    0.0161114625
    0.0173438474
    0.0181181695
    0.0169946591
    0.0111301544
    0.0052138901
    0.0022599784
    0.0007773221
    0.0114032094
    0.0140442777
    0.0163701861
    0.0176040414
    0.0176506515
    0.0165555933
    0.0129333665
    0.0074317156
    0.0036601577
    0.0017264680
    0.0108747025
    0.0135876727
    0.0164902066
    0.0184354965
    0.0185298912
    0.0171925032
    0.0145429558
    0.0102572964
    0.0060305467
    0.0032981821
    0.0128988660
    0.0160286701
    0.0189267749
    0.0200576507
    0.0190352244
    0.0165574673
    0.0151585159
    0.0186421867
    0.0214130721
    0.0219099650
    0.0196271488
    0.0160618864
    0.0217218734
    0.0249176096
    0.0243141131
    0.0199984265
    0.0154726538
    0.0259626077
    0.0293374606
    0.0256110423
    0.0193666027
    0.0144581773
    0.0243014113
    0.0307563173
    0.0313076540
    0.0241543065
    0.0176511471
    0.0129895013
    0.0277401569
    0.0325383282
    0.0284484777
    0.0209073555
    0.0153916744
    0.0233429616
    0.0287675974
    0.0292699407
    0.0234452175
    0.0174644774
    0.0130996641
    0.0238022546
    0.0263708845
    0.0239652045
    0.0189116389
    0.0145065577
    0.0223312224
    0.0223414888
    0.0192848498
    0.0154323502
    0.0184946746
    0.0157412990
   -0.0000403129
    0.0008084688
    0.0012021303
    0.0009789439
    0.0001071513
    0.0020189782
    0.0027199846
    0.0028449960
    0.0018687361
    0.0003329603
    0.0034965674
    0.0045080215
    0.0052633194
    0.0045443983
    0.0022671873
    0.0002176151
    0.0065202758
    0.0079284015
    0.0086528315
    0.0054017899
    0.0019469460
   -0.0001450901
    0.0057102634
    0.0086473060
    0.0102697327
    0.0130518274
    0.0109192774
    0.0045350823
    0.0011710321
    0.0074442463
    0.0083147069
    0.0090416763
    0.0106226149
    0.0124000597
    0.0146008652
    0.0170279963
    0.0085565179
    0.0028394979
    0.0003547789
    0.0084272837
    0.0100946562
    0.0108621049
    0.0121592230
    0.0141737930
    0.0152899025
    0.0168452998
    0.0126401378
    0.0048011963
    0.0014092004
    0.0086141164
    0.0108973025
    0.0122227427
    0.0132073242
    0.0150596116
    0.0163358542
    0.0153092035
    0.0127681640
    0.0065458984
    0.0024512963
    0.0004397864
    0.0084424966
    0.0107586347
    0.0127036733
    0.0138074468
    0.0151799689
    0.0166151102
    0.0155445844
    0.0118479662
    0.0072872823
    0.0033692447
    0.0011666371
    0.0103372420
    0.0124819431
    0.0139818535
    0.0150994763
    0.0161567539
    0.0157812011
    0.0122508638
    0.0077277848
    0.0041591962
    0.0018873304
    0.0099658276
    0.0121264347
    0.0139624780
    0.0151675415
    0.0158331635
    0.0131218680
    0.0087846645
    0.0051034995
    0.0027125932
    0.0117818809
    0.0139216741
    0.0154650545
    0.0160894111
    0.0103867234
    0.0065675564
    0.0038435506
    0.0137173943
    0.0157791656
    0.0168114521
    0.0165338947
    0.0157640983
    0.0175841180
    0.0179155143
    0.0179161462
    0.0188993250
    0.0214109500
    0.0195402074
    0.0229954735
    0.0228175361
    0.0192574334
    0.0226331247
    0.0248148394
    0.0225066149
    0.0178785429
    0.0242537605
    0.0243733062
    0.0204387914
    0.0158482617
    0.0217995443
    0.0237711373
    0.0218275284
    0.0176373794
    0.0214019402
    0.0185767992
    0.0014447205
    0.0027512593
    0.0029739010
    0.0024587215
    0.0012560655
    0.0041651216
    0.0047234974
    0.0045725533
    0.0031525562
    0.0013041990
    0.0065159982
    0.0069862238
    0.0057852930
    0.0031725513
    0.0010055195
    0.0082288276
    0.0090857300
    0.0088617455
    0.0057483847
    0.0025381564
    0.0097961712
    0.0106319054
    0.0110526065
    0.0087148040
    0.0044699605
    0.0016622583
    0.0081316595
    0.0091341817
    0.0119052258
    0.0119681544
    0.0106438911
    0.0065270302
    0.0029506375
    0.0086096943
    0.0100153454
    0.0109618075
    0.0128472980
    0.0126672897
    0.0111678812
    0.0079775220
    0.0042384707
    0.0017801564
    0.0086807220
    0.0103552878
    0.0115832792
    0.0125041150
    0.0133090300
    0.0115879242
    0.0086791229
    0.0053140521
    0.0026850909
    0.0103301084
    0.0118364476
    0.0128706031
    0.0122328639
    0.0093534481
    0.0061987928
    0.0035762906
    0.0101579358
    0.0118612176
    0.0131338751
    0.0138526164
    0.0103154968
    0.0071979449
    0.0045334199
    0.0117512133
    0.0133241964
    0.0142602239
    0.0133645600
    0.0147093351
    0.0042343975
    0.0034734380
    0.0058451579
    0.0053750659
    0.0038024052
    0.0073162215
    0.0072174583
    0.0058198265
    0.0034945432
    0.0086588940
    0.0076933008
    0.0052694654
    0.0027640096
    0.0097496514
    0.0089809946
    0.0068933553
    0.0041217891
    0.0098410735
    0.0080286845
    0.0053885240
    0.0088368234
    0.0064150540
    0.0039750247
    0.0073104667
    0.0053669324
    0.0066125375
