    0.0199519945
    0.0072940838
    0.0220637443
    0.0250171412
    0.0232321587
    0.0193780136
   -0.0029869721
    0.0031160377
    0.0116320832
    0.0207078035
    0.0267267961
    0.0264760664
    0.0223696091
    0.0178689070
   -0.0019324910
    0.0067517406
    0.0169729909
    0.0258029528
    0.0286081559
    0.0251808275
    0.0202124506
   -0.0070965153
    0.0007911287
    0.0113902751
    0.0217281137
    0.0278907831
    0.0268468342
    0.0221561482
    0.0176022768
   -0.0111520632
   -0.0053073874
    0.0047692094
    0.0156442863
    0.0238440445
    0.0260536052
   -0.0101372430
   -0.0018909345
    0.0088385648
    0.0179582258
    0.0225943916
    0.0220617069
   -0.0127674907
   -0.0073022306
    0.0021653666
    0.0116572485
    0.0177048605
    0.0193640122
   -0.0034568062
    0.0055331158
    0.0124812975
    0.0156722451
    0.0001481669
    0.0073177305
    0.0116434927
    0.0016278066
    0.0039382221
   -0.0006219394
    0.0013967261
    0.0049184725
    0.0231923701
    0.0210776884
    0.0173755999
   -0.0016215571
    0.0016335544
    0.0073943677
    0.0154301195
    0.0233329859
    0.0270573321
    0.0254169991
    0.0210528610
    0.0165185922
   -0.0050765666
   -0.0024103767
    0.0033736304
    0.0123247789
    0.0229712625
    0.0307221077
    0.0305282750
    0.0253591088
    0.0197171146
    0.0151673987
   -0.0071252335
   -0.0018667475
    0.0076315592
    0.0199379292
    0.0321575626
    0.0360570158
    0.0303980700
    0.0233063636
    0.0177674821
   -0.0115610905
   -0.0081743703
    0.0011430071
    0.0143332506
    0.0289571107
    0.0390453204
    0.0356901993
    0.0271673306
    0.0204861811
    0.0156509566
   -0.0144261780
   -0.0140044324
   -0.0068324009
    0.0065871829
    0.0218232415
    0.0354830458
    0.0383325010
    0.0305924704
    0.0230098179
    0.0176289782
   -0.0174397163
   -0.0141948976
   -0.0026183070
    0.0129106279
    0.0270662141
    0.0348839482
    0.0316414339
    0.0246761375
    0.0191540575
   -0.0180283683
   -0.0184533954
   -0.0111294171
    0.0033427691
    0.0178471604
    0.0273192192
    0.0288021587
    0.0245448036
    0.0197547540
    0.0157259097
   -0.0191533079
   -0.0163683049
   -0.0054827946
    0.0089368785
    0.0194818073
    0.0234788552
    0.0222759848
    0.0190873788
   -0.0175970062
   -0.0177792014
   -0.0115489799
    0.0005935353
    0.0120896289
    0.0178057484
    0.0186822823
   -0.0166879732
   -0.0141074844
   -0.0058401133
    0.0048663334
    0.0121930612
    0.0147018296
   -0.0012238697
    0.0065162213
    0.0105821119
    0.0014466831
    0.0063853282
    0.0046318235
    0.0068028458
    0.0015035538
    0.0030158222
    0.0049644739
    0.0079914791
    0.0190373521
    0.0170254100
    0.0011563514
    0.0027689948
    0.0054629769
    0.0101888868
    0.0227868334
    0.0211757442
    0.0174823882
   -0.0010968696
    0.0002827546
    0.0024563626
    0.0070083940
    0.0145317727
    0.0224211143
    0.0268138176
    0.0262216220
    0.0219557577
    0.0169567000
   -0.0037840707
   -0.0028010656
   -0.0009920307
    0.0031418449
    0.0112635059
    0.0222985193
    0.0310672809
    0.0322284510
    0.0275160614
    0.0209895218
    0.0157684762
   -0.0065333133
   -0.0054365153
   -0.0014656246
    0.0068992055
    0.0199012790
    0.0345019393
    0.0402238732
    0.0343131700
    0.0258477439
    0.0190648537
    0.0143049437
   -0.0099934061
   -0.0107385388
   -0.0078482199
    0.0011894175
    0.0152898762
    0.0338245049
    0.0495976997
    0.0439849757
    0.0316525186
    0.0228234268
    0.0169973120
   -0.0151709184
   -0.0154855739
   -0.0075265885
    0.0083029885
    0.0276205693
    0.0513894924
    0.0562664637
    0.0391542893
    0.0269846992
    0.0199462814
    0.0148721806
   -0.0171997939
   -0.0212073167
   -0.0182295891
   -0.0026427066
    0.0180590671
    0.0405699322
    0.0589297993
    0.0467252001
    0.0312901500
    0.0228116879
    0.0171394649
   -0.0228878552
   -0.0257723637
   -0.0160847024
    0.0056059694
    0.0269447558
    0.0453024132
    0.0468150217
    0.0339936862
    0.0249065797
    0.0190563126
    0.0142455159
   -0.0213504290
   -0.0272947318
   -0.0256562071
   -0.0085765114
    0.0142455086
    0.0308953040
    0.0375294576
    0.0324456150
    0.0252756530
    0.0199652973
    0.0154223165
   -0.0246301925
   -0.0278806655
   -0.0194229483
    0.0013912413
    0.0202955699
    0.0278626535
    0.0272641803
    0.0233945618
    0.0194683773
    0.0157529665
   -0.0205875284
   -0.0251524502
   -0.0233804469
   -0.0096492777
    0.0096161252
    0.0204604330
    0.0217022611
    0.0200145796
    0.0176909879
    0.0150787787
   -0.0208965185
   -0.0221778193
   -0.0155613757
   -0.0009130858
    0.0124014428
    0.0166197197
    0.0163323508
   -0.0189951836
   -0.0167303065
   -0.0078933413
    0.0038141182
    0.0109877005
    0.0126426417
    0.0124161517
   -0.0026508958
    0.0049996414
    0.0086922882
    0.0096188549
    0.0000289602
    0.0046432996
    0.0040336824
    0.0057439412
    0.0077113423
    0.0028267836
    0.0044441917
    0.0062891120
    0.0088270545
    0.0175852333
    0.0158925231
    0.0013753134
    0.0029715511
    0.0044396806
    0.0066198681
    0.0104537348
    0.0211843508
    0.0200268459
    0.0167272161
   -0.0004161252
    0.0012655377
    0.0025552489
    0.0038486631
    0.0071624099
    0.0135884103
    0.0205147444
    0.0248704870
    0.0253401550
    0.0216386992
    0.0166502923
   -0.0010738165
    0.0005108001
    0.0011877739
    0.0030194641
    0.0095027147
    0.0197419410
    0.0282175552
    0.0313829989
    0.0285710786
    0.0214361362
    0.0157656239
   -0.0039743506
   -0.0026830371
   -0.0017277018
   -0.0008074662
    0.0041353218
    0.0164301816
    0.0307477244
    0.0384463851
    0.0368506585
    0.0281956628
    0.0196798098
    0.0144858455
   -0.0069240567
   -0.0065406117
   -0.0053633872
   -0.0006028579
    0.0114760438
    0.0308686466
    0.0490400702
    0.0471373693
    0.0362700410
    0.0245533052
    0.0176515537
    0.0130453769
   -0.0104679275
   -0.0126347051
   -0.0131399697
   -0.0069256443
    0.0068323076
    0.0272474323
    0.0596231085
    0.0692414473
    0.0460353166
    0.0301161984
    0.0213751666
    0.0157052963
   -0.0168928358
   -0.0218526990
   -0.0193667574
   -0.0012565776
    0.0214776714
    0.0535793009
    0.1043533806
    0.0657701749
    0.0370622715
    0.0255478725
    0.0189063293
    0.0136124410
   -0.0180266797
   -0.0263009506
   -0.0324398458
   -0.0194474741
    0.0108465878
    0.0381861929
    0.0870112521
    0.0917823905
    0.0462184193
    0.0298685506
    0.0223963553
    0.0160942829
   -0.0256318606
   -0.0369927577
   -0.0383338640
   -0.0104397628
    0.0227804657
    0.0506579177
    0.0752496349
    0.0508258505
    0.0328905421
    0.0250082047
    0.0185531893
    0.0130904713
   -0.0223130606
   -0.0335702982
   -0.0439974573
   -0.0329582720
    0.0036413134
    0.0330264093
    0.0461211477
    0.0425223847
    0.0320205612
    0.0253625387
    0.0199860678
    0.0145458746
   -0.0273924753
   -0.0385503222
   -0.0412856083
   -0.0171183829
    0.0198282185
    0.0355496534
    0.0319176127
    0.0271428494
    0.0233495841
    0.0195972848
    0.0152238187
   -0.0215532758
   -0.0302855135
   -0.0369962032
   -0.0283837522
    0.0006626349
    0.0281876137
    0.0265182446
    0.0220558252
    0.0198503924
    0.0176967266
    0.0147581454
   -0.0231446773
   -0.0292697379
   -0.0286561349
   -0.0130938764
    0.0110101431
    0.0210648329
    0.0181884028
    0.0162593077
    0.0150500721
   -0.0224645839
   -0.0243420326
   -0.0179151815
   -0.0026053240
    0.0110904208
    0.0139435788
    0.0130497580
   -0.0195703832
   -0.0175800823
   -0.0092553871
    0.0017728237
    0.0083436234
    0.0097634610
    0.0097051525
   -0.0040468021
    0.0027402013
    0.0061446500
    0.0048835491
    0.0066946759
    0.0085038718
    0.0039057435
    0.0057660310
    0.0077250166
    0.0098550268
    0.0026928556
    0.0045498693
    0.0063172890
    0.0084469846
    0.0113951370
    0.0188382266
    0.0178627351
    0.0152286153
    0.0011779838
    0.0032348661
    0.0047038778
    0.0060976050
    0.0088227834
    0.0137297859
    0.0221493042
    0.0226661254
    0.0197577733
    0.0155444440
   -0.0006891990
    0.0015083312
    0.0035656903
    0.0037616679
    0.0046796853
    0.0096242411
    0.0179968896
    0.0247734978
    0.0283121750
    0.0268988252
    0.0204258175
    0.0150925606
   -0.0011040024
    0.0019740617
    0.0029279174
    0.0009308143
    0.0024263993
    0.0133430110
    0.0255720330
    0.0335852081
    0.0372602963
    0.0292473185
    0.0193655522
    0.0141164595
   -0.0040990183
   -0.0019724608
    0.0015573147
   -0.0006368389
   -0.0040258848
    0.0043360705
    0.0230321331
    0.0386475411
    0.0463351284
    0.0461422458
    0.0261692159
    0.0175439631
    0.0128924980
   -0.0068075410
   -0.0050192319
   -0.0040709382
   -0.0063080526
   -0.0032771066
    0.0171682249
    0.0441832578
    0.0593950480
    0.0581265071
    0.0377986001
    0.0218768532
    0.0157832800
    0.0115197450
   -0.0101484142
   -0.0126019070
   -0.0146539127
   -0.0137887482
   -0.0035723138
    0.0139774549
    0.0451547672
    0.1064229366
    0.0723049919
    0.0467410497
    0.0272004592
    0.0195037449
    0.0139550678
   -0.0165622108
   -0.0244705941
   -0.0316372681
   -0.0153802377
    0.0170176715
    0.0410307764
    0.0574186146
    0.0334960920
    0.0246852107
    0.0172092829
    0.0119329212
   -0.0170410773
   -0.0272271494
   -0.0437703676
   -0.0465653756
    0.0004776388
    0.0377995776
    0.0823285819
    0.0859411057
    0.0405504181
    0.0312269805
    0.0216584456
    0.0143062488
   -0.0249557934
   -0.0423412479
   -0.0640996215
   -0.0443517739
    0.0185985131
    0.0531715761
    0.0441661440
    0.0336421442
    0.0262053517
    0.0170813219
   -0.0210055919
   -0.0346354258
   -0.0577826229
   -0.0706968282
   -0.0250656941
    0.0372594981
    0.0610661720
    0.0518825332
    0.0366100963
    0.0311041676
    0.0268555050
    0.0193224539
    0.0129188336
   -0.0267761123
   -0.0433634402
   -0.0644078582
   -0.0560462487
    0.0061114441
    0.0419977888
    0.0265104449
    0.0254657894
    0.0237430115
    0.0194591872
    0.0139050148
   -0.0313673187
   -0.0465890128
   -0.0545639949
   -0.0247471473
    0.0451643020
    0.0563000865
    0.0239941467
    0.0197791884
    0.0194936191
    0.0174810894
    0.0138081152
   -0.0230040494
   -0.0327251448
   -0.0411064548
   -0.0331663376
   -0.0000744644
    0.0356195748
    0.0232928029
    0.0164381859
    0.0154203938
    0.0146123563
    0.0126018265
   -0.0235862056
   -0.0297432454
   -0.0294598667
   -0.0148470408
    0.0078203253
    0.0166839979
    0.0136629088
    0.0121962248
    0.0117117088
   -0.0218985650
   -0.0235369775
   -0.0178700067
   -0.0048266651
    0.0066392689
    0.0096851867
    0.0094219898
   -0.0166449338
   -0.0097596528
   -0.0008668588
    0.0047742901
    0.0065183497
   -0.0051180220
    0.0003707265
    0.0034616302
    0.0072170312
    0.0046569394
    0.0067508864
    0.0088048972
    0.0105253011
    0.0036416388
    0.0058305619
    0.0081511965
    0.0103084227
    0.0123282381
    0.0153735970
    0.0023551633
    0.0046460836
    0.0067906311
    0.0090747836
    0.0114284427
    0.0145357395
    0.0192711632
    0.0191878313
    0.0170128709
    0.0139056606
    0.0007498495
    0.0032626511
    0.0055304326
    0.0067861851
    0.0087345666
    0.0123555820
    0.0178148634
    0.0218959116
    0.0238333850
    0.0225018269
    0.0180149300
    0.0138467042
    0.0012265093
    0.0049492097
    0.0059158568
    0.0050663284
    0.0062623134
    0.0144476127
    0.0229197247
    0.0283192834
    0.0311605337
    0.0254764770
    0.0178288945
    0.0132561715
   -0.0015414701
    0.0026663012
    0.0097251583
    0.0051887598
   -0.0017158182
    0.0033666023
    0.0197959734
    0.0308630130
    0.0408494045
    0.0463668721
    0.0251764743
    0.0166618289
    0.0123141527
   -0.0042513263
   -0.0021809319
    0.0073713404
    0.0158764197
   -0.0026335758
   -0.0142696258
    0.0084123718
    0.0292496820
    0.0452831917
    0.0537741165
    0.0215936477
    0.0151971806
    0.0111614723
   -0.0067297992
   -0.0037893318
    0.0107808287
    0.0025908415
   -0.0169671345
   -0.0082784131
    0.0224674086
    0.0518578794
    0.0756476664
    0.0322609587
    0.0189366312
    0.0136338883
   -0.0118011475
   -0.0118094216
   -0.0107547687
   -0.0067914228
   -0.0006577479
    0.0207158107
    0.0710026002
    0.1073241192
    0.0537461383
    0.0249585532
    0.0170400821
    0.0118947140
   -0.0149214725
   -0.0229031754
   -0.0365629444
   -0.0336710881
    0.0299313856
    0.0456095475
    0.0746107811
    0.1072583405
    0.0605887256
    0.0409601466
    0.0230751073
    0.0146710127
   -0.0244361536
   -0.0448356289
   -0.0723149503
   -0.0134185047
    0.0811931551
    0.0645912464
    0.0576943135
    0.0376466667
    0.0189295738
    0.0119694934
   -0.0218820350
   -0.0393700045
   -0.0767061925
    0.0601573001
    0.0456235364
    0.0494129076
    0.0251577135
    0.0143716873
   -0.0309508519
   -0.0582977882
   -0.0904746722
    0.0367242525
    0.0853971934
    0.0314102372
    0.0339696603
    0.0366795458
    0.0286606173
    0.0168331213
    0.0107526801
   -0.0237172077
   -0.0406445343
   -0.0730170576
   -0.0948935873
   -0.0412509861
    0.0258212566
    0.0204277150
    0.0263186705
    0.0249278914
    0.0178554114
    0.0117532678
   -0.0287416748
   -0.0472390681
   -0.0734491823
   -0.0694095931
    0.0123878438
    0.0416707298
    0.0164386004
    0.0187626198
    0.0194157332
    0.0164599449
    0.0119898991
   -0.0316946933
   -0.0465312591
   -0.0546871225
   -0.0269679523
    0.0382337295
    0.0468345170
    0.0172305796
    0.0140387385
    0.0146275174
    0.0136905901
    0.0111903024
   -0.0224478012
   -0.0310522197
   -0.0378400216
   -0.0307629448
   -0.0050052650
    0.0182276431
    0.0150060057
    0.0114161031
    0.0109421478
    0.0107472689
   -0.0219993456
   -0.0267822632
   -0.0259947034
   -0.0146731050
    0.0011582656
    0.0086807559
    0.0087313197
    0.0082329320
   -0.0206272241
   -0.0160407652
   -0.0065226939
    0.0018843196
    0.0052562220
    0.0058764183
   -0.0094859500
   -0.0029706075
    0.0015639441
    0.0034886999
    0.0071080209
    0.0090582974
    0.0042059074
    0.0066005312
    0.0092237180
    0.0112175702
    0.0124568784
    0.0031229506
    0.0056226320
    0.0086274755
    0.0116628952
    0.0133103823
    0.0147624012
    0.0159660772
    0.0143226211
    0.0017626246
    0.0043354793
    0.0072438419
    0.0108714572
    0.0135539981
    0.0152093421
    0.0176954094
    0.0192906039
    0.0195721483
    0.0181443735
    0.0152772739
    0.0122952149
    0.0026645272
    0.0060603319
    0.0085200638
    0.0125036467
    0.0135647782
    0.0176900389
    0.0216267983
    0.0235406861
    0.0235368204
    0.0200817938
    0.0155819066
    0.0120469046
    0.0004030237
    0.0046926486
    0.0098979987
    0.0106350884
    0.0099357287
    0.0123151636
    0.0218580987
    0.0268335689
    0.0303722219
    0.0298414621
    0.0207799313
    0.0151317035
    0.0114162991
   -0.0021291454
    0.0012895597
    0.0138178507
    0.0290565457
    0.0138392820
   -0.0024603097
    0.0142890365
    0.0272352618
    0.0354159437
    0.0556888567
    0.0382041751
    0.0195645343
    0.0141493835
    0.0105074060
   -0.0031343929
    0.0054447358
   -0.0074283352
   -0.0115307975
    0.0204767619
    0.0345139624
    0.0698396721
    0.0327537408
    0.0177059827
    0.0128647971
   -0.0065509350
   -0.0050859367
    0.0206139865
    0.0157098961
    0.0050442851
    0.0225927060
    0.0582440917
    0.0245550618
    0.0159453840
    0.0113887539
   -0.0108036084
   -0.0110448250
    0.0112450898
    0.0118508230
    0.0187215108
    0.0188122188
    0.1101357907
    0.0211902589
    0.0140451556
    0.0098021950
   -0.0194605322
   -0.0318074274
   -0.0458616740
    0.0633728512
    0.0462314921
    0.0184904237
    0.0118249364
   -0.0201006429
   -0.0368557167
   -0.0781777403
    0.1336737481
    0.0306177186
    0.0147632478
   -0.0317080413
   -0.0672500511
    0.0663316560
    0.0579513781
    0.0192989840
    0.0112567997
   -0.0252181091
   -0.0477374850
   -0.0953757931
    0.0312380231
    0.0434247429
    0.0504197976
    0.0239993484
    0.0130845855
   -0.0335399009
   -0.0639458912
    0.0490758261
    0.0098709208
    0.0252927032
    0.0290368702
    0.0232663102
    0.0143125920
   -0.0242449478
   -0.0406917519
   -0.0714274726
   -0.1005294058
   -0.0481242498
    0.0188421852
    0.0143602428
    0.0190672019
    0.0182602040
    0.0138574767
   -0.0276622076
   -0.0432944687
   -0.0631519999
   -0.0581227571
   -0.0028169064
    0.0225500017
    0.0118341103
    0.0126742352
    0.0133416726
    0.0118184225
   -0.0286620774
   -0.0392764954
   -0.0428700888
   -0.0235046376
    0.0066668239
    0.0152882766
    0.0104649746
    0.0090389474
    0.0094306823
    0.0092262148
   -0.0266195418
   -0.0304201278
   -0.0245019969
   -0.0083690101
    0.0046412343
    0.0073211580
    0.0067293469
    0.0066364953
   -0.0222410928
   -0.0209626226
   -0.0131211821
   -0.0029731063
    0.0029162783
    0.0043923619
    0.0045918897
   -0.0071443892
   -0.0012624734
    0.0017627760
    0.0027924932
   -0.0007678075
    0.0066474416
    0.0090621885
    0.0107635255
    0.0060145465
    0.0092059563
    0.0121481514
    0.0133193352
    0.0138424383
    0.0049359086
    0.0084461066
    0.0133533802
    0.0158148638
    0.0159088569
    0.0164736378
    0.0160579212
    0.0147434583
    0.0128032516
    0.0034927248
    0.0069897845
    0.0125682185
    0.0207654327
    0.0185390896
    0.0188740628
    0.0196743562
    0.0194672848
    0.0183397643
    0.0160673672
    0.0132878534
    0.0106524493
    0.0016514364
    0.0053566463
    0.0100128272
    0.0254303903
    0.0258904070
    0.0203394691
    0.0229849054
    0.0234241589
    0.0228920409
    0.0206808409
    0.0168585463
    0.0132977198
    0.0102976215
   -0.0004875517
    0.0029323819
    0.0100230681
    0.0218018161
    0.0200120230
    0.0248537871
    0.0277869459
    0.0280180619
    0.0281187205
    0.0226355783
    0.0168278424
    0.0127952416
   -0.0004811376
    0.0073715352
    0.0378181637
    0.0183763725
    0.0323728010
    0.0322213771
    0.0380096519
    0.0450201690
    0.0229845980
    0.0160566270
    0.0118485253
   -0.0037898375
    0.0000235172
    0.0361338891
    0.0321291017
    0.0426920658
    0.0215768184
    0.0146851324
    0.0106146330
   -0.0061577407
    0.0029120726
    0.0311324735
    0.0353568326
    0.0187666623
    0.0129808266
    0.0092567206
   -0.0094999728
   -0.0115123442
    0.0018358964
    0.0566021919
    0.0367406186
    0.0162631284
    0.0111273759
   -0.0157354427
   -0.0251808651
   -0.0403485324
    0.0123073294
    0.0256618967
    0.0137511732
    0.0092456172
   -0.0272544640
   -0.0574520517
    0.0186690036
    0.0109812126
   -0.0238938008
   -0.0470901722
   -0.1030134196
    0.0298598608
    0.0133181318
   -0.0349826203
   -0.0744362950
    0.0602101998
    0.0617550922
    0.0374228978
    0.0159923721
    0.0095809946
   -0.0259041768
   -0.0474511477
   -0.0923114186
    0.0359394229
    0.0238874791
    0.0287435869
    0.0266969866
    0.0169077370
    0.0103650557
   -0.0319081985
   -0.0562816019
   -0.0941238403
   -0.0905081001
    0.0137881431
    0.0467067979
    0.0112843013
    0.0159828059
    0.0170489569
    0.0145263711
    0.0102945953
   -0.0226925723
   -0.0355692873
   -0.0557008549
   -0.0709626713
   -0.0365118376
    0.0185641619
    0.0266536017
    0.0118295881
    0.0089513036
    0.0106633788
    0.0107578934
    0.0090761233
   -0.0244074013
   -0.0349688231
   -0.0447362767
   -0.0380369214
   -0.0101577061
    0.0088976650
    0.0092103307
    0.0065763788
    0.0065251478
    0.0072860994
    0.0071384448
   -0.0240007014
   -0.0300706613
   -0.0301673421
   -0.0181853062
   -0.0024880065
    0.0045471644
    0.0048236876
    0.0042588513
    0.0046778823
   -0.0215201815
   -0.0230596063
   -0.0185629645
   -0.0088389640
   -0.0006995260
    0.0023479101
    0.0026886176
   -0.0112504726
   -0.0048075195
   -0.0005531072
    0.0010537660
   -0.0030985507
    0.0057841825
    0.0084658964
    0.0107912818
    0.0118182312
    0.0050182483
    0.0082874993
    0.0122902130
    0.0143634593
    0.0144167850
    0.0038653866
    0.0073033387
    0.0130227667
    0.0193536666
    0.0181383655
    0.0172734093
    0.0158983948
    0.0146478432
    0.0130363645
    0.0111507779
    0.0023784945
    0.0057603916
    0.0114199005
    0.0297573826
    0.0297771613
    0.0214311403
    0.0207808211
    0.0195450221
    0.0179757154
    0.0160810075
    0.0138248312
    0.0113720784
    0.0006354865
    0.0037424787
    0.0090794660
    0.0290304056
    0.0310229393
    0.0263425024
    0.0248421741
    0.0223398209
    0.0199822939
    0.0172072258
    0.0142663081
    0.0112150538
    0.0011515296
    0.0065602562
    0.0219894421
    0.0336282786
    0.0342103686
    0.0284405795
    0.0252653257
    0.0217197484
    0.0179710943
    0.0141863309
    0.0106226858
   -0.0016194236
    0.0022900675
    0.0194061408
    0.0563009991
    0.0576869959
    0.0390156454
    0.0324741379
    0.0311177720
    0.0252592452
    0.0185030569
    0.0133567020
    0.0096710166
   -0.0025006442
    0.0065166920
    0.0756398587
    0.0395495444
    0.0475148092
    0.0347300440
    0.0173424888
    0.0118977293
   -0.0061046997
   -0.0046007522
    0.0276196548
    0.0415434884
    0.0715632017
    0.0307571487
    0.0147332001
    0.0102348118
   -0.0103095539
   -0.0109131469
    0.0621855034
    0.0194145361
    0.0123316398
    0.0086112589
   -0.0124081738
   -0.0189481083
   -0.0310283472
   -0.0236900053
    0.1235929936
    0.0444863001
    0.0152406416
    0.0101151323
   -0.0196619566
   -0.0361959414
   -0.0764350815
    0.0235777372
    0.0120750819
    0.0080892742
   -0.0311900242
   -0.0667926947
    0.0456896402
    0.0149939236
    0.0091584939
   -0.0249092608
   -0.0471731405
   -0.0959117102
    0.0515295293
    0.0394573170
    0.0180063760
    0.0102022356
   -0.0331864334
   -0.0631692165
    0.0281795168
    0.0294174282
    0.0214622487
    0.0166487254
    0.0106274350
    0.0072061824
   -0.0240939193
   -0.0402500565
   -0.0696444228
   -0.0906034948
   -0.0363512733
    0.0179077320
    0.0094699546
    0.0116581708
    0.0117122515
    0.0095940387
    0.0070599733
   -0.0275092596
   -0.0427201535
   -0.0609027409
   -0.0537475114
   -0.0061649849
    0.0273199221
    0.0167115089
    0.0047556703
    0.0049241267
    0.0068603586
    0.0072610702
    0.0062551495
   -0.0285297327
   -0.0387421929
   -0.0416614097
   -0.0233483557
    0.0006587018
    0.0084804797
    0.0045081422
    0.0021888206
    0.0033128410
    0.0046354094
   -0.0265743742
   -0.0302321194
   -0.0245703499
   -0.0100562977
    0.0008091711
    0.0028591460
    0.0014420800
    0.0013745554
    0.0024826766
   -0.0223673938
   -0.0212400291
   -0.0140239216
   -0.0050444305
   -0.0001672971
    0.0005580824
    0.0004238124
   -0.0084257105
   -0.0033136730
   -0.0009532196
   -0.0003482329
   -0.0056006150
   -0.0026786198
    0.0072399591
    0.0099814747
    0.0116245840
    0.0119812981
    0.0038384655
    0.0067219818
    0.0107314842
    0.0143332482
    0.0148012913
    0.0143425241
    0.0026935803
    0.0056218437
    0.0103211017
    0.0185200639
    0.0206280402
    0.0180688970
    0.0169862580
    0.0141832455
    0.0127562091
    0.0112241329
    0.0040543705
    0.0086542623
    0.0209600949
    0.0452372743
    0.0258500354
    0.0218956763
    0.0198832469
    0.0174754617
    0.0154798140
    0.0137124952
    0.0117379373
    0.0020780266
    0.0064308605
    0.0164720515
    0.0297411687
    0.0271523876
    0.0224918395
    0.0190518238
    0.0166486036
    0.0146747012
    0.0119663471
    0.0092122789
   -0.0001235686
    0.0034263342
    0.0124822211
    0.0499835228
    0.0417927782
    0.0319781875
    0.0244189209
    0.0202670487
    0.0183393311
    0.0156346802
    0.0116357618
   -0.0000963240
    0.0063159071
    0.0769666198
    0.0590928517
    0.0335427810
    0.0268384169
    0.0244298672
    0.0237672072
    0.0156020212
    0.0106341705
   -0.0032862087
   -0.0003838377
    0.0180600395
    0.0538694420
    0.0396970850
    0.0423296921
    0.0277861136
    0.0137078665
    0.0092554155
   -0.0055220994
   -0.0020478131
    0.0553496367
    0.0821755848
    0.0197236238
    0.0112483877
    0.0078494537
   -0.0085581031
   -0.0105164032
   -0.0086369145
    0.0551099549
    0.0427275394
    0.0135266474
    0.0091395196
   -0.0139163950
   -0.0213581998
   -0.0274444139
    0.0385188449
    0.0627119277
    0.0161729202
    0.0104858032
    0.0073975682
   -0.0143652765
   -0.0232109790
   -0.0423024475
   -0.0574212817
    0.0233933422
    0.0118407669
    0.0082201117
   -0.0211297494
   -0.0378891016
   -0.0741434189
    0.0311357414
    0.0137064199
    0.0089452905
   -0.0300821659
   -0.0566301607
   -0.0848410538
    0.0210184855
    0.0140583808
    0.0093032209
    0.0066329080
   -0.0232930895
   -0.0396165901
   -0.0699082050
   -0.0756404287
   -0.0049510713
    0.0225917686
    0.0137470258
    0.0093445091
    0.0096498051
    0.0084761349
    0.0064810930
   -0.0282851561
   -0.0458372365
   -0.0676107286
   -0.0549269936
    0.0111732919
   -0.0031080079
   -0.0014126100
    0.0037044919
    0.0059478479
    0.0056445397
   -0.0312129435
   -0.0448065931
   -0.0499763274
   -0.0237070294
    0.0171737597
    0.0373534441
    0.0027053359
   -0.0045471206
   -0.0009507022
    0.0026856164
    0.0040689422
   -0.0223991379
   -0.0306499779
   -0.0366277358
   -0.0295026250
   -0.0085075371
    0.0077765397
    0.0046439833
   -0.0025963658
   -0.0028325636
   -0.0000034874
    0.0021584164
   -0.0220746701
   -0.0267005413
   -0.0259687438
   -0.0161386154
   -0.0038385370
    0.0011365605
   -0.0010596786
   -0.0026712745
   -0.0014845179
   -0.0210652249
   -0.0171607204
   -0.0093283289
   -0.0030733707
   -0.0015235679
   -0.0022002415
   -0.0019752093
   -0.0113523834
   -0.0062109985
   -0.0031113790
   -0.0023369134
    0.0057410265
    0.0083633332
    0.0105624864
    0.0114035056
    0.0050360911
    0.0083027232
    0.0121720137
    0.0140943397
    0.0139040031
    0.0039230097
    0.0074320626
    0.0130674467
    0.0189017492
    0.0179244069
    0.0166054701
    0.0120124903
    0.0107860576
    0.0024677714
    0.0059061499
    0.0118291499
    0.0275853379
    0.0283142787
    0.0216365159
    0.0196839922
    0.0168207713
    0.0144264747
    0.0128685408
    0.0115034187
    0.0096823924
    0.0007825213
    0.0038302631
    0.0094817666
    0.0274155310
    0.0313714803
    0.0271239887
    0.0225881566
    0.0178781527
    0.0152665793
    0.0140653394
    0.0122551186
    0.0096124429
    0.0012986310
    0.0063111759
    0.0216133046
    0.0387803910
    0.0344659123
    0.0238182735
    0.0184054138
    0.0169003163
    0.0164490593
    0.0125965008
    0.0090624459
   -0.0012750819
    0.0020687856
    0.0139458410
    0.0584334065
    0.0638848002
    0.0367655231
    0.0236854449
    0.0201546945
    0.0262848536
    0.0193792147
    0.0117834359
    0.0081040181
   -0.0020474763
    0.0032744075
    0.0768060865
    0.0324115521
    0.0270926172
    0.0480067895
    0.0177147724
    0.0100177223
   -0.0051707309
   -0.0040267184
    0.0086053138
    0.0461439134
    0.0439926256
    0.0544079683
    0.0458992185
    0.0128899443
    0.0081695037
   -0.0083948564
   -0.0087970178
    0.0202926020
    0.0630415260
    0.0177346685
    0.0094081549
    0.0066295298
   -0.0104217571
   -0.0143360609
   -0.0186719236
   -0.0015160952
    0.0309523843
    0.0489578874
    0.0345664686
    0.0230234896
    0.0101198585
    0.0072265791
   -0.0157216310
   -0.0243945922
   -0.0357031859
   -0.0176787212
    0.0538768906
    0.0251473552
    0.0191047359
    0.0093362972
    0.0074388767
   -0.0233891288
   -0.0388486183
   -0.0532783311
   -0.0010059841
    0.0498320007
    0.0191828214
    0.0105906952
    0.0070239774
    0.0069183703
    0.0056953604
   -0.0202113961
   -0.0328332108
   -0.0532799595
   -0.0531567403
    0.0168793957
    0.0622461109
   -0.0058973304
    0.0022913438
    0.0053332659
    0.0052441142
   -0.0259183242
   -0.0411786454
   -0.0572319549
   -0.0370710514
    0.0213147248
   -0.0283501019
   -0.0226586697
   -0.0054907090
    0.0022502459
    0.0040994648
   -0.0304506185
   -0.0437883296
   -0.0467776085
   -0.0164176851
    0.0439673696
   -0.0136036394
   -0.0255595898
   -0.0121030346
   -0.0019012086
    0.0021486503
   -0.0227691565
   -0.0318197635
   -0.0385081367
   -0.0295262106
   -0.0029082131
    0.0298045455
    0.0074713191
   -0.0149212549
   -0.0132253499
   -0.0053915731
   -0.0002615462
   -0.0234973595
   -0.0291845843
   -0.0285375573
   -0.0161195221
    0.0004023274
    0.0050680269
   -0.0057274777
   -0.0100537118
   -0.0067988277
   -0.0023742743
   -0.0221012958
   -0.0237831961
   -0.0190823449
   -0.0091186215
   -0.0017610125
   -0.0028045122
   -0.0064203467
   -0.0062997922
   -0.0036001014
   -0.0178848646
   -0.0125830442
   -0.0063565398
   -0.0036292009
   -0.0044787205
   -0.0051119695
   -0.0087990772
   -0.0053430182
   -0.0042062851
    0.0065029128
    0.0087396744
    0.0101352768
    0.0060341966
    0.0091422260
    0.0118021636
    0.0125914367
    0.0122808062
    0.0050697659
    0.0087043040
    0.0132853047
    0.0154958058
    0.0151390551
    0.0140951440
    0.0098343444
    0.0036706256
    0.0074292547
    0.0131042319
    0.0197036577
    0.0189158019
    0.0179477821
    0.0129964919
    0.0113588522
    0.0104587361
    0.0092971363
    0.0019062210
    0.0055676147
    0.0111754747
    0.0223487227
    0.0247107223
    0.0228860617
    0.0209139916
    0.0162262522
    0.0130720860
    0.0120791810
    0.0114576820
    0.0095530286
   -0.0000376424
    0.0030041738
    0.0091261551
    0.0206481924
    0.0329317035
    0.0275471945
    0.0293676375
    0.0221350459
    0.0153646576
    0.0132785817
    0.0143300875
    0.0126895445
    0.0092843284
    0.0000438385
    0.0050962526
    0.0262537148
    0.0360541997
    0.0385560942
    0.0340127062
    0.0192267477
    0.0137718227
    0.0171541957
    0.0199055831
    0.0127671146
    0.0083385364
   -0.0026584654
    0.0000372321
    0.0148848235
    0.0383705510
    0.0527643527
    0.0267084583
    0.0133875633
    0.0156938599
    0.0408708647
    0.0227521133
    0.0107991934
    0.0070493249
   -0.0041246435
    0.0001994853
    0.0348967069
    0.0449593219
    0.0384658818
    0.0098054768
    0.0091501468
    0.0157934868
    0.0082632605
   -0.0067984288
   -0.0069347636
    0.0016419611
    0.0332797765
    0.0059519792
    0.0318462248
    0.0025772071
    0.0038446402
    0.0124476143
    0.0264239695
    0.0094169083
    0.0063059790
   -0.0102663056
   -0.0121217263
   -0.0048889004
    0.0095252363
   -0.0031002375
    0.0067733153
   -0.0026684386
    0.0109173558
    0.0240856045
    0.0090452661
    0.0063449601
   -0.0156128182
   -0.0206215054
   -0.0192296145
   -0.0043509157
    0.0079139333
    0.0020544888
   -0.0043000209
    0.0040020131
    0.0052128162
    0.0047439280
   -0.0157101376
   -0.0228748692
   -0.0307856014
   -0.0248207402
    0.0054428658
    0.0137585785
   -0.0254489268
   -0.0371066680
   -0.0061424008
    0.0021983398
    0.0038788916
   -0.0209843721
   -0.0305645290
   -0.0368617835
   -0.0189581572
    0.0112273095
    0.0175435927
   -0.0545624109
   -0.0209163900
   -0.0027991321
    0.0020894330
   -0.0260348960
   -0.0352316007
   -0.0337720959
   -0.0090284624
    0.0207167679
    0.0203368417
   -0.0610320549
   -0.0556742789
   -0.0341267958
   -0.0092505054
   -0.0006776667
    0.0019156350
   -0.0210949458
   -0.0289769495
   -0.0337906248
   -0.0239022092
   -0.0002305109
    0.0279780160
   -0.0114863580
   -0.0457300911
   -0.0350952319
   -0.0148609728
   -0.0040389382
    0.0002490720
   -0.0228591320
   -0.0283057253
   -0.0270643551
   -0.0139866051
    0.0037713587
    0.0052505719
   -0.0193911309
   -0.0259398844
   -0.0166009396
   -0.0069993702
   -0.0017001805
   -0.0225259503
   -0.0243221829
   -0.0190671323
   -0.0080100657
   -0.0003962191
   -0.0069029460
   -0.0154703770
   -0.0144151041
   -0.0085005815
   -0.0202220483
   -0.0189613264
   -0.0129469825
   -0.0061122105
   -0.0047846276
   -0.0088612059
   -0.0107293497
   -0.0083404174
   -0.0093409198
   -0.0060114648
   -0.0062745077
   -0.0076857100
   -0.0074403010
   -0.0059246046
    0.0067462247
    0.0083406177
    0.0041932740
    0.0065370810
    0.0089207443
    0.0104196822
    0.0107262015
    0.0032488749
    0.0058178363
    0.0088518055
    0.0115205505
    0.0125518576
    0.0122840960
    0.0020215337
    0.0046362500
    0.0079627831
    0.0115504977
    0.0140319672
    0.0146818257
    0.0135683341
    0.0094614077
    0.0086985422
    0.0081823740
    0.0030092722
    0.0066217073
    0.0102416598
    0.0137761955
    0.0164186378
    0.0168863445
    0.0138636664
    0.0105081172
    0.0091893011
    0.0092509016
    0.0086015057
    0.0010071700
    0.0046297459
    0.0099072793
    0.0124114081
    0.0156426592
    0.0198095419
    0.0179301236
    0.0119994867
    0.0088647580
    0.0095935118
    0.0104999503
    0.0087175450
   -0.0010711006
    0.0016978142
    0.0087371369
    0.0243267291
    0.0160321354
    0.0192412846
    0.0225902281
    0.0146233877
    0.0073096928
    0.0074594155
    0.0124470515
    0.0115975729
    0.0080360332
   -0.0014553432
    0.0034223283
    0.0356320885
    0.0163659323
    0.0215613255
    0.0182680745
    0.0041499777
    0.0003138641
    0.0101108274
    0.0169966169
    0.0104714363
    0.0067027360
   -0.0040137414
   -0.0021256657
    0.0104627791
    0.0281768568
    0.0097854267
    0.0168433689
   -0.0001200266
   -0.0151313343
   -0.0060863816
    0.0192199111
    0.0145983154
    0.0076894363
    0.0053233959
   -0.0058722273
   -0.0033439982
    0.0207770013
    0.0009657985
    0.0036662359
   -0.0043331842
   -0.0350387459
   -0.0403412302
   -0.0067814500
    0.0147555338
    0.0079694408
    0.0053526485
   -0.0088789587
   -0.0066120461
    0.0043050141
   -0.0006724686
   -0.0053527797
   -0.0077213356
   -0.0467267413
   -0.0585863278
   -0.0084120971
    0.0040087901
    0.0042886362
    0.0039198445
   -0.0110224896
   -0.0134375959
   -0.0133806647
   -0.0091713374
   -0.0050055962
   -0.0058777023
   -0.0400203699
   -0.0556572415
   -0.0092723196
    0.0007650386
    0.0028363868
   -0.0151098550
   -0.0191181818
   -0.0194479681
   -0.0108916044
   -0.0025009739
   -0.0175445552
   -0.0325590365
   -0.0062571297
    0.0004952176
   -0.0195836761
   -0.0238682656
   -0.0206809649
   -0.0076860919
   -0.0034168439
   -0.0379328274
   -0.0581479294
   -0.0163632892
   -0.0033280461
    0.0006913834
   -0.0231041995
   -0.0251291514
   -0.0171616298
   -0.0044556285
   -0.0055795570
   -0.0513601384
   -0.0758959232
   -0.0635662856
   -0.0265270151
   -0.0082240779
   -0.0015235621
   -0.0201545778
   -0.0241416316
   -0.0222592836
   -0.0120215040
   -0.0022879377
   -0.0124634676
   -0.0456825348
   -0.0509479133
   -0.0307015278
   -0.0128600517
   -0.0041845502
   -0.0208941027
   -0.0222138978
   -0.0172429710
   -0.0080790149
   -0.0044497645
   -0.0181153369
   -0.0314805531
   -0.0271252973
   -0.0153587917
   -0.0066894419
   -0.0196979536
   -0.0183965717
   -0.0126391912
   -0.0068431890
   -0.0085956122
   -0.0171186759
   -0.0199477433
   -0.0149361461
   -0.0083122779
   -0.0143644495
   -0.0097225958
   -0.0074075243
   -0.0101009628
   -0.0134271594
   -0.0125673488
   -0.0082701981
   -0.0077801718
   -0.0093039704
    0.0045315766
    0.0064270279
    0.0079883207
    0.0087617845
    0.0037554379
    0.0059536815
    0.0080626470
    0.0095250879
    0.0099438034
    0.0026671071
    0.0050664696
    0.0074897390
    0.0095579214
    0.0108982467
    0.0108120805
    0.0013041111
    0.0037784314
    0.0065978084
    0.0086156428
    0.0107235341
    0.0120610162
    0.0108196843
    0.0080397715
    0.0062962462
    0.0062971872
    0.0066270997
    0.0019941582
    0.0054813085
    0.0082712849
    0.0091773223
    0.0118945011
    0.0123462810
    0.0087675786
    0.0051634044
    0.0047736336
    0.0064350441
    0.0068230681
   -0.0001367529
    0.0032595602
    0.0094064373
    0.0106592930
    0.0097637010
    0.0122845950
    0.0095974260
    0.0031739724
    0.0007158588
    0.0039052798
    0.0070904115
    0.0065303614
    0.0000418661
    0.0065772333
    0.0200231405
    0.0102561497
    0.0089458492
    0.0090242869
    0.0005893856
   -0.0070502631
   -0.0041915159
    0.0045255886
    0.0069735882
    0.0054952567
   -0.0029836443
    0.0005126474
    0.0141897839
    0.0195863408
    0.0048597807
    0.0045962281
   -0.0023248499
   -0.0181484510
   -0.0219471961
   -0.0072410146
    0.0046243019
    0.0052349026
    0.0042037529
   -0.0042730703
    0.0007703548
    0.0124659946
    0.0039193227
   -0.0013780398
   -0.0058009134
   -0.0274983560
   -0.0488179088
   -0.0366953133
   -0.0080082379
    0.0022289634
    0.0032667028
   -0.0070915799
   -0.0064970697
   -0.0023904176
   -0.0003191520
   -0.0041661588
   -0.0081943179
   -0.0287087924
   -0.0652594433
   -0.0780737743
   -0.0399658475
   -0.0081982761
    0.0001838278
    0.0020750905
   -0.0098144231
   -0.0100784384
   -0.0083227587
   -0.0067886066
   -0.0078351230
   -0.0215838776
   -0.0665866221
   -0.0874128999
   -0.0302465755
   -0.0069010696
   -0.0003655699
   -0.0131838271
   -0.0141507085
   -0.0120528831
   -0.0085080620
   -0.0130160177
   -0.0453836323
   -0.0620466816
   -0.0188508679
   -0.0047485602
   -0.0002077312
   -0.0164559045
   -0.0167380358
   -0.0125658552
   -0.0094100221
   -0.0220282122
   -0.0669245301
   -0.0787033541
   -0.0334671178
   -0.0110119835
   -0.0028821345
   -0.0184425603
   -0.0167483538
   -0.0113791611
   -0.0112162989
   -0.0308917086
   -0.0664111796
   -0.0702255174
   -0.0428845915
   -0.0178010109
   -0.0063235420
   -0.0176766374
   -0.0183570996
   -0.0147839549
   -0.0101486083
   -0.0137925409
   -0.0333982983
   -0.0493716187
   -0.0409064002
   -0.0223870190
   -0.0098423989
   -0.0176169803
   -0.0164766835
   -0.0123105622
   -0.0098434537
   -0.0161431651
   -0.0286379943
   -0.0315321273
   -0.0227015389
   -0.0123735719
   -0.0138569837
   -0.0104763462
   -0.0104565854
   -0.0162213943
   -0.0213944919
   -0.0194837888
   -0.0131305235
   -0.0095365712
   -0.0107640969
   -0.0141065002
   -0.0150517263
   -0.0122148531
    0.0058386780
    0.0038909362
    0.0055350836
    0.0068485229
    0.0075432983
    0.0030056546
    0.0048922487
    0.0064760115
    0.0076291487
    0.0079888324
    0.0018223127
    0.0039561202
    0.0057959857
    0.0070482992
    0.0080238991
    0.0077011715
    0.0025854487
    0.0050988855
    0.0062939357
    0.0071474511
    0.0076364863
    0.0058217128
    0.0027153078
    0.0012906149
    0.0023677668
    0.0039046439
    0.0006871596
    0.0037980630
    0.0064108451
    0.0060500143
    0.0064053547
    0.0053014956
    0.0010203753
   -0.0026444224
   -0.0018974027
    0.0015986585
    0.0036455553
   -0.0014097200
    0.0012089551
    0.0057205525
    0.0066047841
    0.0044322839
    0.0035684960
   -0.0009629368
   -0.0080891700
   -0.0100299433
   -0.0046169187
    0.0011565682
    0.0030376468
   -0.0018445540
    0.0018675323
    0.0063177088
    0.0033763288
    0.0007850383
   -0.0032730112
   -0.0135974255
   -0.0222671628
   -0.0177436028
   -0.0060821544
    0.0004710013
    0.0021714037
   -0.0026746338
    0.0011837147
    0.0020023205
   -0.0015591788
   -0.0055656874
   -0.0168298997
   -0.0346632067
   -0.0392945480
   -0.0222253340
   -0.0064795630
   -0.0003557580
   -0.0059221339
   -0.0044964054
   -0.0024724142
   -0.0035289978
   -0.0068565634
   -0.0165298310
   -0.0396614820
   -0.0605933728
   -0.0497499140
   -0.0211076797
   -0.0060483350
   -0.0007669134
   -0.0081459717
   -0.0074926614
   -0.0067246661
   -0.0076106642
   -0.0137527539
   -0.0343408533
   -0.0661937866
   -0.0757670922
   -0.0445733135
   -0.0164123078
   -0.0048985803
   -0.0107711836
   -0.0104713058
   -0.0094690520
   -0.0112174638
   -0.0239118138
   -0.0550452650
   -0.0783829558
   -0.0670159046
   -0.0309678674
   -0.0113601147
   -0.0130404524
   -0.0121887802
   -0.0109827545
   -0.0156494758
   -0.0352375188
   -0.0644645881
   -0.0698793702
   -0.0441775719
   -0.0193570959
   -0.0074101430
   -0.0141705736
   -0.0125212996
   -0.0121977028
   -0.0203921203
   -0.0410081781
   -0.0564879600
   -0.0473340609
   -0.0262054997
   -0.0118198264
   -0.0139761452
   -0.0121177100
   -0.0134775126
   -0.0233340863
   -0.0375991696
   -0.0401647582
   -0.0286020114
   -0.0155184616
   -0.0129131545
   -0.0116390556
   -0.0145167094
   -0.0228730954
   -0.0291558883
   -0.0259883200
   -0.0172080583
   -0.0113381736
   -0.0146368857
   -0.0196431496
   -0.0207373278
   -0.0165379019
   -0.0135109010
   -0.0154702990
   -0.0142983074
    0.0047555688
    0.0029654050
    0.0042660102
    0.0051834976
    0.0055929426
    0.0020097957
    0.0035509465
    0.0046150441
    0.0051967156
    0.0051125802
    0.0025457115
    0.0039409383
    0.0044533954
    0.0045093024
    0.0034798682
    0.0010644671
    0.0030433081
    0.0037551818
    0.0034556357
    0.0025314045
   -0.0035805471
   -0.0046618114
   -0.0025552796
    0.0002759265
   -0.0008034174
    0.0013311151
    0.0029986268
    0.0024129233
    0.0011006016
   -0.0017263810
   -0.0068227951
   -0.0105750131
   -0.0090063219
   -0.0040420026
   -0.0002494813
   -0.0011319433
    0.0010644386
    0.0014080563
   -0.0004035622
   -0.0033530228
   -0.0095083922
   -0.0171293425
   -0.0188421929
   -0.0123453060
   -0.0047811893
   -0.0019980352
   -0.0006762284
   -0.0017994050
   -0.0047063379
   -0.0108935808
   -0.0217908075
   -0.0301153422
   -0.0255722821
   -0.0134569128
   -0.0048433159
   -0.0048706462
   -0.0038458524
   -0.0037529523
   -0.0057102061
   -0.0108563736
   -0.0224311831
   -0.0375113848
   -0.0411085267
   -0.0271701411
   -0.0122962705
   -0.0043544311
   -0.0067468836
   -0.0064029104
   -0.0069638253
   -0.0101168475
   -0.0194623579
   -0.0368475129
   -0.0505464243
   -0.0430693864
   -0.0233242407
   -0.0098910509
   -0.0088378945
   -0.0087745035
   -0.0098284330
   -0.0154077544
   -0.0296791425
   -0.0482244415
   -0.0522921063
   -0.0353996505
   -0.0173553689
   -0.0104771065
   -0.0125877191
   -0.0212261700
   -0.0375059174
   -0.0493216209
   -0.0424403898
   -0.0249769679
   -0.0119940864
   -0.0116274899
   -0.0152901471
   -0.0256479098
   -0.0384105811
   -0.0406278973
   -0.0295624639
   -0.0165253590
   -0.0173367659
   -0.0265282304
   -0.0327793721
   -0.0291171085
   -0.0193921441
   -0.0179158861
   -0.0237944426
   -0.0248045878
   -0.0196501459
   -0.0167813196
   -0.0192611404
   -0.0176781545
    0.0027791026
    0.0032571673
    0.0019833493
    0.0025895494
    0.0025610999
    0.0008749373
    0.0017758018
    0.0017466831
    0.0009620344
    0.0005935326
    0.0008448499
   -0.0000565773
   -0.0019989097
   -0.0089625086
   -0.0097872216
   -0.0070619280
   -0.0011191652
   -0.0004091323
   -0.0011021073
   -0.0030995844
   -0.0122266135
   -0.0157700900
   -0.0139260157
   -0.0084607847
   -0.0022504637
   -0.0023758729
   -0.0040536023
   -0.0140458977
   -0.0209080665
   -0.0222562053
   -0.0162620487
   -0.0041009226
   -0.0050517770
   -0.0079330786
   -0.0140332812
   -0.0231120190
   -0.0293053361
   -0.0257816877
   -0.0159966908
   -0.0063375696
   -0.0127738065
   -0.0217706500
   -0.0317679520
   -0.0337142527
   -0.0247502725
   -0.0137163611
   -0.0182843552
   -0.0289454137
   -0.0361230779
   -0.0318980616
   -0.0204202457
   -0.0147227576
   -0.0232123308
   -0.0324654003
   -0.0340402058
   -0.0257859002
   -0.0152932643
   -0.0175976484
   -0.0256636541
   -0.0307863694
   -0.0275892852
   -0.0189296661
   -0.0190660074
   -0.0246933598
   -0.0255123227
   -0.0203776738
   -0.0186179293
   -0.0211888731
   -0.0193962899
   -0.0168230782
   -0.0007884233
   -0.0017219012
   -0.0120904486
   -0.0126916895
   -0.0143978770
   -0.0172728085
   -0.0155867632
   -0.0150560505
   -0.0202226639
   -0.0210723006
   -0.0164751571
   -0.0142135340
   -0.0205722569
   -0.0244420186
   -0.0220421389
   -0.0152637439
   -0.0186582544
   -0.0244958121
   -0.0253815312
   -0.0200765014
   -0.0217638998
   -0.0253145517
   -0.0229664515
   -0.0164546888
   -0.0178927172
   -0.0224304116
   -0.0229991622
   -0.0187197168
   -0.0183829730
   -0.0206354187
   -0.0189376695
   -0.0161805637
   -0.0148279962
   -0.0174873084
   -0.0179126579
   -0.0170147383
   -0.0192106130
   -0.0176304791
   -0.0185228752
   -0.0188448665
   -0.0181809989
