  3.216495  -1.833202  -4.020025
 -1.238278  -1.338227  -4.020025
  0.741621  -1.338227  -4.020025
  1.731571  -1.338227  -4.020025
  2.721520  -1.338227  -4.020025
  3.711470  -1.338227  -4.020025
 -2.723202  -0.843253  -4.020025
 -1.733252  -0.843253  -4.020025
 -0.743303  -0.843253  -4.020025
  0.246647  -0.843253  -4.020025
  1.236596  -0.843253  -4.020025
  2.226546  -0.843253  -4.020025
  3.216495  -0.843253  -4.020025
  4.206445  -0.843253  -4.020025
 -2.228227  -0.348278  -4.020025
 -1.238278  -0.348278  -4.020025
 -0.248328  -0.348278  -4.020025
  0.741621  -0.348278  -4.020025
  1.731571  -0.348278  -4.020025
  2.721520  -0.348278  -4.020025
  3.711470  -0.348278  -4.020025
 -2.723202   0.146697  -4.020025
 -1.733252   0.146697  -4.020025
 -0.743303   0.146697  -4.020025
  0.246647   0.146697  -4.020025
  1.236596   0.146697  -4.020025
  2.226546   0.146697  -4.020025
  3.216495   0.146697  -4.020025
  4.206445   0.146697  -4.020025
 -3.218177   0.641672  -4.020025
 -2.228227   0.641672  -4.020025
 -1.238278   0.641672  -4.020025
 -0.248328   0.641672  -4.020025
  0.741621   0.641672  -4.020025
  1.731571   0.641672  -4.020025
 -2.723202   1.136646  -4.020025
 -1.733252   1.136646  -4.020025
 -0.743303   1.136646  -4.020025
  0.246647   1.136646  -4.020025
  1.236596   1.136646  -4.020025
  2.226546   1.136646  -4.020025
 -3.218177   1.631621  -4.020025
 -2.228227   1.631621  -4.020025
 -1.238278   1.631621  -4.020025
 -0.248328   1.631621  -4.020025
  0.741621   1.631621  -4.020025
  1.731571   1.631621  -4.020025
 -1.733252   2.126596  -4.020025
 -0.743303   2.126596  -4.020025
  0.246647   2.126596  -4.020025
  1.236596   2.126596  -4.020025
 -1.238278   2.621571  -4.020025
 -0.248328   2.621571  -4.020025
  0.741621   2.621571  -4.020025
 -3.218177  -2.823152  -3.525051
 -2.228227  -2.823152  -3.525051
 -3.713151  -2.328177  -3.525051
 -2.723202  -2.328177  -3.525051
 -1.733252  -2.328177  -3.525051
  2.226546  -2.328177  -3.525051
  3.216495  -2.328177  -3.525051
  4.206445  -2.328177  -3.525051
 -3.218177  -1.833202  -3.525051
 -2.228227  -1.833202  -3.525051
 -1.238278  -1.833202  -3.525051
 -0.248328  -1.833202  -3.525051
  0.741621  -1.833202  -3.525051
  1.731571  -1.833202  -3.525051
  2.721520  -1.833202  -3.525051
  3.711470  -1.833202  -3.525051
  4.701419  -1.833202  -3.525051
 -3.713151  -1.338227  -3.525051
 -2.723202  -1.338227  -3.525051
 -1.733252  -1.338227  -3.525051
 -0.743303  -1.338227  -3.525051
  0.246647  -1.338227  -3.525051
  1.236596  -1.338227  -3.525051
  2.226546  -1.338227  -3.525051
  3.216495  -1.338227  -3.525051
  4.206445  -1.338227  -3.525051
  5.196394  -1.338227  -3.525051
 -3.218177  -0.843253  -3.525051
 -2.228227  -0.843253  -3.525051
 -1.238278  -0.843253  -3.525051
 -0.248328  -0.843253  -3.525051
  0.741621  -0.843253  -3.525051
  1.731571  -0.843253  -3.525051
  2.721520  -0.843253  -3.525051
  3.711470  -0.843253  -3.525051
  4.701419  -0.843253  -3.525051
 -3.713151  -0.348278  -3.525051
 -2.723202  -0.348278  -3.525051
 -1.733252  -0.348278  -3.525051
 -0.743303  -0.348278  -3.525051
  0.246647  -0.348278  -3.525051
  1.236596  -0.348278  -3.525051
  2.226546  -0.348278  -3.525051
  3.216495  -0.348278  -3.525051
  4.206445  -0.348278  -3.525051
  5.196394  -0.348278  -3.525051
 -4.208126   0.146697  -3.525051
 -3.218177   0.146697  -3.525051
 -2.228227   0.146697  -3.525051
 -1.238278   0.146697  -3.525051
 -0.248328   0.146697  -3.525051
  0.741621   0.146697  -3.525051
  1.731571   0.146697  -3.525051
  2.721520   0.146697  -3.525051
  3.711470   0.146697  -3.525051
  4.701419   0.146697  -3.525051
 -3.713151   0.641672  -3.525051
 -2.723202   0.641672  -3.525051
 -1.733252   0.641672  -3.525051
 -0.743303   0.641672  -3.525051
  0.246647   0.641672  -3.525051
  1.236596   0.641672  -3.525051
  2.226546   0.641672  -3.525051
  3.216495   0.641672  -3.525051
  4.206445   0.641672  -3.525051
 -4.208126   1.136646  -3.525051
 -3.218177   1.136646  -3.525051
 -2.228227   1.136646  -3.525051
 -1.238278   1.136646  -3.525051
 -0.248328   1.136646  -3.525051
  0.741621   1.136646  -3.525051
  1.731571   1.136646  -3.525051
  2.721520   1.136646  -3.525051
  3.711470   1.136646  -3.525051
  4.701419   1.136646  -3.525051
 -3.713151   1.631621  -3.525051
 -2.723202   1.631621  -3.525051
 -1.733252   1.631621  -3.525051
 -0.743303   1.631621  -3.525051
  0.246647   1.631621  -3.525051
  1.236596   1.631621  -3.525051
  2.226546   1.631621  -3.525051
  3.216495   1.631621  -3.525051
 -4.208126   2.126596  -3.525051
 -3.218177   2.126596  -3.525051
 -2.228227   2.126596  -3.525051
 -1.238278   2.126596  -3.525051
 -0.248328   2.126596  -3.525051
  0.741621   2.126596  -3.525051
  1.731571   2.126596  -3.525051
 -3.713151   2.621571  -3.525051
 -2.723202   2.621571  -3.525051
 -1.733252   2.621571  -3.525051
 -0.743303   2.621571  -3.525051
  0.246647   2.621571  -3.525051
  1.236596   2.621571  -3.525051
 -1.238278   3.116545  -3.525051
 -0.248328   3.116545  -3.525051
  0.741621   3.116545  -3.525051
 -0.743303   3.611520  -3.525051
  0.246647   3.611520  -3.525051
 -2.723202  -3.813101  -3.030076
 -1.733252  -3.813101  -3.030076
 -4.208126  -3.318126  -3.030076
 -3.218177  -3.318126  -3.030076
 -2.228227  -3.318126  -3.030076
 -1.238278  -3.318126  -3.030076
  2.721520  -3.318126  -3.030076
  3.711470  -3.318126  -3.030076
 -3.713151  -2.823152  -3.030076
 -2.723202  -2.823152  -3.030076
 -1.733252  -2.823152  -3.030076
 -0.743303  -2.823152  -3.030076
  2.226546  -2.823152  -3.030076
  3.216495  -2.823152  -3.030076
  4.206445  -2.823152  -3.030076
 -4.208126  -2.328177  -3.030076
 -3.218177  -2.328177  -3.030076
 -2.228227  -2.328177  -3.030076
 -1.238278  -2.328177  -3.030076
 -0.248328  -2.328177  -3.030076
  0.741621  -2.328177  -3.030076
  1.731571  -2.328177  -3.030076
  2.721520  -2.328177  -3.030076
  3.711470  -2.328177  -3.030076
  4.701419  -2.328177  -3.030076
 -4.703101  -1.833202  -3.030076
 -3.713151  -1.833202  -3.030076
 -2.723202  -1.833202  -3.030076
 -1.733252  -1.833202  -3.030076
 -0.743303  -1.833202  -3.030076
  0.246647  -1.833202  -3.030076
  1.236596  -1.833202  -3.030076
  2.226546  -1.833202  -3.030076
  3.216495  -1.833202  -3.030076
  4.206445  -1.833202  -3.030076
  5.196394  -1.833202  -3.030076
 -4.208126  -1.338227  -3.030076
 -3.218177  -1.338227  -3.030076
 -2.228227  -1.338227  -3.030076
 -1.238278  -1.338227  -3.030076
 -0.248328  -1.338227  -3.030076
  0.741621  -1.338227  -3.030076
  1.731571  -1.338227  -3.030076
  2.721520  -1.338227  -3.030076
  3.711470  -1.338227  -3.030076
  4.701419  -1.338227  -3.030076
  5.691369  -1.338227  -3.030076
 -4.703101  -0.843253  -3.030076
 -3.713151  -0.843253  -3.030076
 -2.723202  -0.843253  -3.030076
 -1.733252  -0.843253  -3.030076
 -0.743303  -0.843253  -3.030076
  0.246647  -0.843253  -3.030076
  1.236596  -0.843253  -3.030076
  2.226546  -0.843253  -3.030076
  3.216495  -0.843253  -3.030076
  4.206445  -0.843253  -3.030076
  5.196394  -0.843253  -3.030076
 -4.208126  -0.348278  -3.030076
 -3.218177  -0.348278  -3.030076
 -2.228227  -0.348278  -3.030076
 -1.238278  -0.348278  -3.030076
 -0.248328  -0.348278  -3.030076
  0.741621  -0.348278  -3.030076
  1.731571  -0.348278  -3.030076
  2.721520  -0.348278  -3.030076
  3.711470  -0.348278  -3.030076
  4.701419  -0.348278  -3.030076
  5.691369  -0.348278  -3.030076
 -4.703101   0.146697  -3.030076
 -3.713151   0.146697  -3.030076
 -2.723202   0.146697  -3.030076
 -1.733252   0.146697  -3.030076
 -0.743303   0.146697  -3.030076
  0.246647   0.146697  -3.030076
  1.236596   0.146697  -3.030076
  2.226546   0.146697  -3.030076
  3.216495   0.146697  -3.030076
  4.206445   0.146697  -3.030076
  5.196394   0.146697  -3.030076
 -4.208126   0.641672  -3.030076
 -3.218177   0.641672  -3.030076
 -2.228227   0.641672  -3.030076
 -1.238278   0.641672  -3.030076
 -0.248328   0.641672  -3.030076
  0.741621   0.641672  -3.030076
  1.731571   0.641672  -3.030076
  2.721520   0.641672  -3.030076
  3.711470   0.641672  -3.030076
  4.701419   0.641672  -3.030076
  5.691369   0.641672  -3.030076
 -4.703101   1.136646  -3.030076
 -3.713151   1.136646  -3.030076
 -2.723202   1.136646  -3.030076
 -1.733252   1.136646  -3.030076
 -0.743303   1.136646  -3.030076
  0.246647   1.136646  -3.030076
  1.236596   1.136646  -3.030076
  2.226546   1.136646  -3.030076
  3.216495   1.136646  -3.030076
  4.206445   1.136646  -3.030076
  5.196394   1.136646  -3.030076
 -4.208126   1.631621  -3.030076
 -3.218177   1.631621  -3.030076
 -2.228227   1.631621  -3.030076
 -1.238278   1.631621  -3.030076
 -0.248328   1.631621  -3.030076
  0.741621   1.631621  -3.030076
  1.731571   1.631621  -3.030076
  2.721520   1.631621  -3.030076
  3.711470   1.631621  -3.030076
  4.701419   1.631621  -3.030076
 -4.703101   2.126596  -3.030076
 -3.713151   2.126596  -3.030076
 -2.723202   2.126596  -3.030076
 -1.733252   2.126596  -3.030076
 -0.743303   2.126596  -3.030076
  0.246647   2.126596  -3.030076
  1.236596   2.126596  -3.030076
  2.226546   2.126596  -3.030076
  3.216495   2.126596  -3.030076
  4.206445   2.126596  -3.030076
 -4.208126   2.621571  -3.030076
 -3.218177   2.621571  -3.030076
 -2.228227   2.621571  -3.030076
 -1.238278   2.621571  -3.030076
 -0.248328   2.621571  -3.030076
  0.741621   2.621571  -3.030076
  1.731571   2.621571  -3.030076
 -3.713151   3.116545  -3.030076
 -2.723202   3.116545  -3.030076
 -1.733252   3.116545  -3.030076
 -0.743303   3.116545  -3.030076
  0.246647   3.116545  -3.030076
  1.236596   3.116545  -3.030076
  2.226546   3.116545  -3.030076
 -1.238278   3.611520  -3.030076
 -0.248328   3.611520  -3.030076
  0.741621   3.611520  -3.030076
  1.731571   3.611520  -3.030076
 -0.743303   4.106495  -3.030076
  0.246647   4.106495  -3.030076
 -3.713151  -4.308076  -2.535101
 -2.723202  -4.308076  -2.535101
 -1.733252  -4.308076  -2.535101
 -4.208126  -3.813101  -2.535101
 -3.218177  -3.813101  -2.535101
 -2.228227  -3.813101  -2.535101
 -1.238278  -3.813101  -2.535101
  2.721520  -3.813101  -2.535101
  3.711470  -3.813101  -2.535101
 -4.703101  -3.318126  -2.535101
 -3.713151  -3.318126  -2.535101
 -2.723202  -3.318126  -2.535101
 -1.733252  -3.318126  -2.535101
 -0.743303  -3.318126  -2.535101
  2.226546  -3.318126  -2.535101
  3.216495  -3.318126  -2.535101
  4.206445  -3.318126  -2.535101
 -5.198076  -2.823152  -2.535101
 -4.208126  -2.823152  -2.535101
 -3.218177  -2.823152  -2.535101
 -2.228227  -2.823152  -2.535101
 -1.238278  -2.823152  -2.535101
 -0.248328  -2.823152  -2.535101
  0.741621  -2.823152  -2.535101
  1.731571  -2.823152  -2.535101
  2.721520  -2.823152  -2.535101
  3.711470  -2.823152  -2.535101
  4.701419  -2.823152  -2.535101
 -4.703101  -2.328177  -2.535101
 -3.713151  -2.328177  -2.535101
 -2.723202  -2.328177  -2.535101
 -1.733252  -2.328177  -2.535101
 -0.743303  -2.328177  -2.535101
  0.246647  -2.328177  -2.535101
  1.236596  -2.328177  -2.535101
  2.226546  -2.328177  -2.535101
  3.216495  -2.328177  -2.535101
  4.206445  -2.328177  -2.535101
  5.196394  -2.328177  -2.535101
 -5.198076  -1.833202  -2.535101
 -4.208126  -1.833202  -2.535101
 -3.218177  -1.833202  -2.535101
 -2.228227  -1.833202  -2.535101
 -1.238278  -1.833202  -2.535101
 -0.248328  -1.833202  -2.535101
  0.741621  -1.833202  -2.535101
  1.731571  -1.833202  -2.535101
  2.721520  -1.833202  -2.535101
  3.711470  -1.833202  -2.535101
  4.701419  -1.833202  -2.535101
  5.691369  -1.833202  -2.535101
 -4.703101  -1.338227  -2.535101
 -3.713151  -1.338227  -2.535101
 -2.723202  -1.338227  -2.535101
 -1.733252  -1.338227  -2.535101
 -0.743303  -1.338227  -2.535101
  0.246647  -1.338227  -2.535101
  1.236596  -1.338227  -2.535101
  2.226546  -1.338227  -2.535101
  3.216495  -1.338227  -2.535101
  4.206445  -1.338227  -2.535101
  5.196394  -1.338227  -2.535101
  6.186343  -1.338227  -2.535101
 -5.198076  -0.843253  -2.535101
 -4.208126  -0.843253  -2.535101
 -3.218177  -0.843253  -2.535101
 -2.228227  -0.843253  -2.535101
 -1.238278  -0.843253  -2.535101
 -0.248328  -0.843253  -2.535101
  0.741621  -0.843253  -2.535101
  1.731571  -0.843253  -2.535101
  2.721520  -0.843253  -2.535101
  3.711470  -0.843253  -2.535101
  4.701419  -0.843253  -2.535101
  5.691369  -0.843253  -2.535101
 -4.703101  -0.348278  -2.535101
 -3.713151  -0.348278  -2.535101
 -2.723202  -0.348278  -2.535101
 -1.733252  -0.348278  -2.535101
 -0.743303  -0.348278  -2.535101
  0.246647  -0.348278  -2.535101
  1.236596  -0.348278  -2.535101
  2.226546  -0.348278  -2.535101
  3.216495  -0.348278  -2.535101
  4.206445  -0.348278  -2.535101
  5.196394  -0.348278  -2.535101
  6.186343  -0.348278  -2.535101
 -5.198076   0.146697  -2.535101
 -4.208126   0.146697  -2.535101
 -3.218177   0.146697  -2.535101
 -2.228227   0.146697  -2.535101
 -1.238278   0.146697  -2.535101
 -0.248328   0.146697  -2.535101
  0.741621   0.146697  -2.535101
  1.731571   0.146697  -2.535101
  2.721520   0.146697  -2.535101
  3.711470   0.146697  -2.535101
  4.701419   0.146697  -2.535101
  5.691369   0.146697  -2.535101
 -4.703101   0.641672  -2.535101
 -3.713151   0.641672  -2.535101
 -2.723202   0.641672  -2.535101
 -1.733252   0.641672  -2.535101
 -0.743303   0.641672  -2.535101
  0.246647   0.641672  -2.535101
  1.236596   0.641672  -2.535101
  2.226546   0.641672  -2.535101
  3.216495   0.641672  -2.535101
  4.206445   0.641672  -2.535101
  5.196394   0.641672  -2.535101
  6.186343   0.641672  -2.535101
 -5.198076   1.136646  -2.535101
 -4.208126   1.136646  -2.535101
 -3.218177   1.136646  -2.535101
 -2.228227   1.136646  -2.535101
 -1.238278   1.136646  -2.535101
 -0.248328   1.136646  -2.535101
  0.741621   1.136646  -2.535101
  1.731571   1.136646  -2.535101
  2.721520   1.136646  -2.535101
  3.711470   1.136646  -2.535101
  4.701419   1.136646  -2.535101
  5.691369   1.136646  -2.535101
 -4.703101   1.631621  -2.535101
 -3.713151   1.631621  -2.535101
 -2.723202   1.631621  -2.535101
 -1.733252   1.631621  -2.535101
 -0.743303   1.631621  -2.535101
  0.246647   1.631621  -2.535101
  1.236596   1.631621  -2.535101
  2.226546   1.631621  -2.535101
  3.216495   1.631621  -2.535101
  4.206445   1.631621  -2.535101
  5.196394   1.631621  -2.535101
 -5.198076   2.126596  -2.535101
 -4.208126   2.126596  -2.535101
 -3.218177   2.126596  -2.535101
 -2.228227   2.126596  -2.535101
 -1.238278   2.126596  -2.535101
 -0.248328   2.126596  -2.535101
  0.741621   2.126596  -2.535101
  1.731571   2.126596  -2.535101
  2.721520   2.126596  -2.535101
  3.711470   2.126596  -2.535101
  4.701419   2.126596  -2.535101
 -4.703101   2.621571  -2.535101
 -3.713151   2.621571  -2.535101
 -2.723202   2.621571  -2.535101
 -1.733252   2.621571  -2.535101
 -0.743303   2.621571  -2.535101
  0.246647   2.621571  -2.535101
  1.236596   2.621571  -2.535101
  2.226546   2.621571  -2.535101
  3.216495   2.621571  -2.535101
 -4.208126   3.116545  -2.535101
 -3.218177   3.116545  -2.535101
 -2.228227   3.116545  -2.535101
 -1.238278   3.116545  -2.535101
 -0.248328   3.116545  -2.535101
  0.741621   3.116545  -2.535101
  1.731571   3.116545  -2.535101
 -3.713151   3.611520  -2.535101
 -2.723202   3.611520  -2.535101
 -1.733252   3.611520  -2.535101
 -0.743303   3.611520  -2.535101
  0.246647   3.611520  -2.535101
  1.236596   3.611520  -2.535101
  2.226546   3.611520  -2.535101
 -1.238278   4.106495  -2.535101
 -0.248328   4.106495  -2.535101
  0.741621   4.106495  -2.535101
 -3.713151  -4.803051  -2.040126
 -2.723202  -4.803051  -2.040126
 -1.733252  -4.803051  -2.040126
 -4.208126  -4.308076  -2.040126
 -3.218177  -4.308076  -2.040126
 -2.228227  -4.308076  -2.040126
 -1.238278  -4.308076  -2.040126
 -4.703101  -3.813101  -2.040126
 -3.713151  -3.813101  -2.040126
 -2.723202  -3.813101  -2.040126
 -1.733252  -3.813101  -2.040126
 -0.743303  -3.813101  -2.040126
  2.226546  -3.813101  -2.040126
  3.216495  -3.813101  -2.040126
  4.206445  -3.813101  -2.040126
 -5.198076  -3.318126  -2.040126
 -4.208126  -3.318126  -2.040126
 -3.218177  -3.318126  -2.040126
 -2.228227  -3.318126  -2.040126
 -1.238278  -3.318126  -2.040126
 -0.248328  -3.318126  -2.040126
  1.731571  -3.318126  -2.040126
  2.721520  -3.318126  -2.040126
  3.711470  -3.318126  -2.040126
  4.701419  -3.318126  -2.040126
 -5.693050  -2.823152  -2.040126
 -4.703101  -2.823152  -2.040126
 -3.713151  -2.823152  -2.040126
 -2.723202  -2.823152  -2.040126
 -1.733252  -2.823152  -2.040126
 -0.743303  -2.823152  -2.040126
  0.246647  -2.823152  -2.040126
  1.236596  -2.823152  -2.040126
  2.226546  -2.823152  -2.040126
  3.216495  -2.823152  -2.040126
  4.206445  -2.823152  -2.040126
  5.196394  -2.823152  -2.040126
 -5.198076  -2.328177  -2.040126
 -4.208126  -2.328177  -2.040126
 -3.218177  -2.328177  -2.040126
 -2.228227  -2.328177  -2.040126
 -1.238278  -2.328177  -2.040126
 -0.248328  -2.328177  -2.040126
  0.741621  -2.328177  -2.040126
  1.731571  -2.328177  -2.040126
  2.721520  -2.328177  -2.040126
  3.711470  -2.328177  -2.040126
  4.701419  -2.328177  -2.040126
  5.691369  -2.328177  -2.040126
 -5.693050  -1.833202  -2.040126
 -4.703101  -1.833202  -2.040126
 -3.713151  -1.833202  -2.040126
 -2.723202  -1.833202  -2.040126
 -1.733252  -1.833202  -2.040126
 -0.743303  -1.833202  -2.040126
  0.246647  -1.833202  -2.040126
  1.236596  -1.833202  -2.040126
  2.226546  -1.833202  -2.040126
  3.216495  -1.833202  -2.040126
  4.206445  -1.833202  -2.040126
  5.196394  -1.833202  -2.040126
  6.186343  -1.833202  -2.040126
 -5.198076  -1.338227  -2.040126
 -4.208126  -1.338227  -2.040126
 -3.218177  -1.338227  -2.040126
 -2.228227  -1.338227  -2.040126
 -1.238278  -1.338227  -2.040126
 -0.248328  -1.338227  -2.040126
  0.741621  -1.338227  -2.040126
  1.731571  -1.338227  -2.040126
  2.721520  -1.338227  -2.040126
  3.711470  -1.338227  -2.040126
  4.701419  -1.338227  -2.040126
  5.691369  -1.338227  -2.040126
  6.681318  -1.338227  -2.040126
 -5.693050  -0.843253  -2.040126
 -4.703101  -0.843253  -2.040126
 -3.713151  -0.843253  -2.040126
 -2.723202  -0.843253  -2.040126
 -1.733252  -0.843253  -2.040126
 -0.743303  -0.843253  -2.040126
  0.246647  -0.843253  -2.040126
  1.236596  -0.843253  -2.040126
  2.226546  -0.843253  -2.040126
  3.216495  -0.843253  -2.040126
  4.206445  -0.843253  -2.040126
  5.196394  -0.843253  -2.040126
  6.186343  -0.843253  -2.040126
 -5.198076  -0.348278  -2.040126
 -4.208126  -0.348278  -2.040126
 -3.218177  -0.348278  -2.040126
 -2.228227  -0.348278  -2.040126
 -1.238278  -0.348278  -2.040126
 -0.248328  -0.348278  -2.040126
  2.721520  -0.348278  -2.040126
  3.711470  -0.348278  -2.040126
  4.701419  -0.348278  -2.040126
  5.691369  -0.348278  -2.040126
  6.681318  -0.348278  -2.040126
 -5.693050   0.146697  -2.040126
 -4.703101   0.146697  -2.040126
 -3.713151   0.146697  -2.040126
 -2.723202   0.146697  -2.040126
 -1.733252   0.146697  -2.040126
 -0.743303   0.146697  -2.040126
  0.246647   0.146697  -2.040126
  2.226546   0.146697  -2.040126
  3.216495   0.146697  -2.040126
  4.206445   0.146697  -2.040126
  5.196394   0.146697  -2.040126
  6.186343   0.146697  -2.040126
 -5.198076   0.641672  -2.040126
 -4.208126   0.641672  -2.040126
 -3.218177   0.641672  -2.040126
 -2.228227   0.641672  -2.040126
 -1.238278   0.641672  -2.040126
 -0.248328   0.641672  -2.040126
  2.721520   0.641672  -2.040126
  3.711470   0.641672  -2.040126
  4.701419   0.641672  -2.040126
  5.691369   0.641672  -2.040126
 -5.693050   1.136646  -2.040126
 -4.703101   1.136646  -2.040126
 -3.713151   1.136646  -2.040126
 -2.723202   1.136646  -2.040126
 -1.733252   1.136646  -2.040126
 -0.743303   1.136646  -2.040126
  0.246647   1.136646  -2.040126
  1.236596   1.136646  -2.040126
  2.226546   1.136646  -2.040126
  3.216495   1.136646  -2.040126
  4.206445   1.136646  -2.040126
  5.196394   1.136646  -2.040126
  6.186343   1.136646  -2.040126
 -5.198076   1.631621  -2.040126
 -4.208126   1.631621  -2.040126
 -3.218177   1.631621  -2.040126
 -2.228227   1.631621  -2.040126
 -1.238278   1.631621  -2.040126
  0.741621   1.631621  -2.040126
  1.731571   1.631621  -2.040126
  2.721520   1.631621  -2.040126
  3.711470   1.631621  -2.040126
  4.701419   1.631621  -2.040126
  5.691369   1.631621  -2.040126
 -4.703101   2.126596  -2.040126
 -3.713151   2.126596  -2.040126
 -2.723202   2.126596  -2.040126
 -1.733252   2.126596  -2.040126
 -0.743303   2.126596  -2.040126
  0.246647   2.126596  -2.040126
  1.236596   2.126596  -2.040126
  2.226546   2.126596  -2.040126
  3.216495   2.126596  -2.040126
  4.206445   2.126596  -2.040126
  5.196394   2.126596  -2.040126
 -5.198076   2.621571  -2.040126
 -4.208126   2.621571  -2.040126
 -3.218177   2.621571  -2.040126
 -2.228227   2.621571  -2.040126
 -1.238278   2.621571  -2.040126
 -0.248328   2.621571  -2.040126
  0.741621   2.621571  -2.040126
  1.731571   2.621571  -2.040126
  2.721520   2.621571  -2.040126
  3.711470   2.621571  -2.040126
  4.701419   2.621571  -2.040126
 -4.703101   3.116545  -2.040126
 -3.713151   3.116545  -2.040126
 -2.723202   3.116545  -2.040126
 -1.733252   3.116545  -2.040126
 -0.743303   3.116545  -2.040126
  0.246647   3.116545  -2.040126
  1.236596   3.116545  -2.040126
  2.226546   3.116545  -2.040126
  3.216495   3.116545  -2.040126
 -4.208126   3.611520  -2.040126
 -3.218177   3.611520  -2.040126
 -2.228227   3.611520  -2.040126
 -1.238278   3.611520  -2.040126
 -0.248328   3.611520  -2.040126
  0.741621   3.611520  -2.040126
  1.731571   3.611520  -2.040126
 -2.723202   4.106495  -2.040126
 -1.733252   4.106495  -2.040126
 -0.743303   4.106495  -2.040126
  0.246647   4.106495  -2.040126
  1.236596   4.106495  -2.040126
 -1.238278   4.601470  -2.040126
 -0.248328   4.601470  -2.040126
  0.741621   4.601470  -2.040126
 -2.723202  -5.298025  -1.545152
 -4.208126  -4.803051  -1.545152
 -3.218177  -4.803051  -1.545152
 -2.228227  -4.803051  -1.545152
 -1.238278  -4.803051  -1.545152
 -4.703101  -4.308076  -1.545152
 -3.713151  -4.308076  -1.545152
 -2.723202  -4.308076  -1.545152
 -1.733252  -4.308076  -1.545152
 -0.743303  -4.308076  -1.545152
  3.216495  -4.308076  -1.545152
 -5.198076  -3.813101  -1.545152
 -4.208126  -3.813101  -1.545152
 -3.218177  -3.813101  -1.545152
 -2.228227  -3.813101  -1.545152
 -1.238278  -3.813101  -1.545152
 -0.248328  -3.813101  -1.545152
  1.731571  -3.813101  -1.545152
  2.721520  -3.813101  -1.545152
  3.711470  -3.813101  -1.545152
  4.701419  -3.813101  -1.545152
 -5.693050  -3.318126  -1.545152
 -4.703101  -3.318126  -1.545152
 -3.713151  -3.318126  -1.545152
 -2.723202  -3.318126  -1.545152
 -1.733252  -3.318126  -1.545152
 -0.743303  -3.318126  -1.545152
  0.246647  -3.318126  -1.545152
  1.236596  -3.318126  -1.545152
  2.226546  -3.318126  -1.545152
  3.216495  -3.318126  -1.545152
  4.206445  -3.318126  -1.545152
  5.196394  -3.318126  -1.545152
 -5.198076  -2.823152  -1.545152
 -4.208126  -2.823152  -1.545152
 -3.218177  -2.823152  -1.545152
 -2.228227  -2.823152  -1.545152
 -1.238278  -2.823152  -1.545152
 -0.248328  -2.823152  -1.545152
  0.741621  -2.823152  -1.545152
  1.731571  -2.823152  -1.545152
  2.721520  -2.823152  -1.545152
  3.711470  -2.823152  -1.545152
  4.701419  -2.823152  -1.545152
  5.691369  -2.823152  -1.545152
 -5.693050  -2.328177  -1.545152
 -4.703101  -2.328177  -1.545152
 -3.713151  -2.328177  -1.545152
 -2.723202  -2.328177  -1.545152
 -1.733252  -2.328177  -1.545152
 -0.743303  -2.328177  -1.545152
  0.246647  -2.328177  -1.545152
  1.236596  -2.328177  -1.545152
  2.226546  -2.328177  -1.545152
  3.216495  -2.328177  -1.545152
  4.206445  -2.328177  -1.545152
  5.196394  -2.328177  -1.545152
  6.186343  -2.328177  -1.545152
 -6.188025  -1.833202  -1.545152
 -5.198076  -1.833202  -1.545152
 -4.208126  -1.833202  -1.545152
 -3.218177  -1.833202  -1.545152
 -2.228227  -1.833202  -1.545152
 -1.238278  -1.833202  -1.545152
 -0.248328  -1.833202  -1.545152
  0.741621  -1.833202  -1.545152
  1.731571  -1.833202  -1.545152
  3.711470  -1.833202  -1.545152
  4.701419  -1.833202  -1.545152
  5.691369  -1.833202  -1.545152
  6.681318  -1.833202  -1.545152
 -5.693050  -1.338227  -1.545152
 -4.703101  -1.338227  -1.545152
 -3.713151  -1.338227  -1.545152
 -2.723202  -1.338227  -1.545152
 -1.733252  -1.338227  -1.545152
 -0.743303  -1.338227  -1.545152
  0.246647  -1.338227  -1.545152
  1.236596  -1.338227  -1.545152
  2.226546  -1.338227  -1.545152
  4.206445  -1.338227  -1.545152
  5.196394  -1.338227  -1.545152
  6.186343  -1.338227  -1.545152
 -5.198076  -0.843253  -1.545152
 -4.208126  -0.843253  -1.545152
 -3.218177  -0.843253  -1.545152
 -2.228227  -0.843253  -1.545152
 -1.238278  -0.843253  -1.545152
 -0.248328  -0.843253  -1.545152
  0.741621  -0.843253  -1.545152
  1.731571  -0.843253  -1.545152
  3.711470  -0.843253  -1.545152
  4.701419  -0.843253  -1.545152
  5.691369  -0.843253  -1.545152
  6.681318  -0.843253  -1.545152
 -5.693050  -0.348278  -1.545152
 -4.703101  -0.348278  -1.545152
 -3.713151  -0.348278  -1.545152
 -2.723202  -0.348278  -1.545152
 -1.733252  -0.348278  -1.545152
 -0.743303  -0.348278  -1.545152
  0.246647  -0.348278  -1.545152
  2.226546  -0.348278  -1.545152
  3.216495  -0.348278  -1.545152
  4.206445  -0.348278  -1.545152
  5.196394  -0.348278  -1.545152
  6.186343  -0.348278  -1.545152
 -5.198076   0.146697  -1.545152
 -4.208126   0.146697  -1.545152
 -3.218177   0.146697  -1.545152
 -2.228227   0.146697  -1.545152
 -0.248328   0.146697  -1.545152
  2.721520   0.146697  -1.545152
  3.711470   0.146697  -1.545152
  4.701419   0.146697  -1.545152
  5.691369   0.146697  -1.545152
  6.681318   0.146697  -1.545152
 -5.693050   0.641672  -1.545152
 -4.703101   0.641672  -1.545152
 -3.713151   0.641672  -1.545152
  2.226546   0.641672  -1.545152
  3.216495   0.641672  -1.545152
  4.206445   0.641672  -1.545152
  5.196394   0.641672  -1.545152
  6.186343   0.641672  -1.545152
 -5.198076   1.136646  -1.545152
 -4.208126   1.136646  -1.545152
 -3.218177   1.136646  -1.545152
 -1.238278   1.136646  -1.545152
  0.741621   1.136646  -1.545152
  1.731571   1.136646  -1.545152
  2.721520   1.136646  -1.545152
  3.711470   1.136646  -1.545152
  4.701419   1.136646  -1.545152
  5.691369   1.136646  -1.545152
  6.681318   1.136646  -1.545152
 -5.693050   1.631621  -1.545152
 -4.703101   1.631621  -1.545152
 -3.713151   1.631621  -1.545152
 -2.723202   1.631621  -1.545152
 -1.733252   1.631621  -1.545152
  1.236596   1.631621  -1.545152
  2.226546   1.631621  -1.545152
  3.216495   1.631621  -1.545152
  4.206445   1.631621  -1.545152
  5.196394   1.631621  -1.545152
  6.186343   1.631621  -1.545152
 -5.198076   2.126596  -1.545152
 -4.208126   2.126596  -1.545152
 -3.218177   2.126596  -1.545152
 -2.228227   2.126596  -1.545152
 -1.238278   2.126596  -1.545152
  0.741621   2.126596  -1.545152
  1.731571   2.126596  -1.545152
  2.721520   2.126596  -1.545152
  3.711470   2.126596  -1.545152
  4.701419   2.126596  -1.545152
  5.691369   2.126596  -1.545152
 -4.703101   2.621571  -1.545152
 -3.713151   2.621571  -1.545152
 -2.723202   2.621571  -1.545152
 -1.733252   2.621571  -1.545152
 -0.743303   2.621571  -1.545152
  0.246647   2.621571  -1.545152
  1.236596   2.621571  -1.545152
  2.226546   2.621571  -1.545152
  3.216495   2.621571  -1.545152
  4.206445   2.621571  -1.545152
  5.196394   2.621571  -1.545152
 -5.198076   3.116545  -1.545152
 -4.208126   3.116545  -1.545152
 -3.218177   3.116545  -1.545152
 -2.228227   3.116545  -1.545152
 -1.238278   3.116545  -1.545152
 -0.248328   3.116545  -1.545152
  0.741621   3.116545  -1.545152
  1.731571   3.116545  -1.545152
  2.721520   3.116545  -1.545152
  3.711470   3.116545  -1.545152
 -4.703101   3.611520  -1.545152
 -3.713151   3.611520  -1.545152
 -2.723202   3.611520  -1.545152
 -1.733252   3.611520  -1.545152
 -0.743303   3.611520  -1.545152
  0.246647   3.611520  -1.545152
  1.236596   3.611520  -1.545152
  2.226546   3.611520  -1.545152
 -3.218177   4.106495  -1.545152
 -2.228227   4.106495  -1.545152
 -1.238278   4.106495  -1.545152
 -0.248328   4.106495  -1.545152
  0.741621   4.106495  -1.545152
  1.731571   4.106495  -1.545152
 -1.733252   4.601470  -1.545152
 -0.743303   4.601470  -1.545152
  0.246647   4.601470  -1.545152
  1.236596   4.601470  -1.545152
 -3.218177  -5.298025  -1.050177
 -2.228227  -5.298025  -1.050177
 -4.703101  -4.803051  -1.050177
 -3.713151  -4.803051  -1.050177
 -2.723202  -4.803051  -1.050177
 -1.733252  -4.803051  -1.050177
 -0.743303  -4.803051  -1.050177
 -5.198076  -4.308076  -1.050177
 -4.208126  -4.308076  -1.050177
 -3.218177  -4.308076  -1.050177
 -2.228227  -4.308076  -1.050177
 -1.238278  -4.308076  -1.050177
 -0.248328  -4.308076  -1.050177
  2.721520  -4.308076  -1.050177
  3.711470  -4.308076  -1.050177
 -5.693050  -3.813101  -1.050177
 -4.703101  -3.813101  -1.050177
 -3.713151  -3.813101  -1.050177
 -2.723202  -3.813101  -1.050177
 -1.733252  -3.813101  -1.050177
 -0.743303  -3.813101  -1.050177
  0.246647  -3.813101  -1.050177
  1.236596  -3.813101  -1.050177
  2.226546  -3.813101  -1.050177
  3.216495  -3.813101  -1.050177
  4.206445  -3.813101  -1.050177
  5.196394  -3.813101  -1.050177
 -5.198076  -3.318126  -1.050177
 -4.208126  -3.318126  -1.050177
 -3.218177  -3.318126  -1.050177
 -2.228227  -3.318126  -1.050177
 -1.238278  -3.318126  -1.050177
 -0.248328  -3.318126  -1.050177
  0.741621  -3.318126  -1.050177
  1.731571  -3.318126  -1.050177
  2.721520  -3.318126  -1.050177
  3.711470  -3.318126  -1.050177
  4.701419  -3.318126  -1.050177
  5.691369  -3.318126  -1.050177
 -5.693050  -2.823152  -1.050177
 -4.703101  -2.823152  -1.050177
 -3.713151  -2.823152  -1.050177
 -2.723202  -2.823152  -1.050177
 -1.733252  -2.823152  -1.050177
 -0.743303  -2.823152  -1.050177
  0.246647  -2.823152  -1.050177
  1.236596  -2.823152  -1.050177
  2.226546  -2.823152  -1.050177
  3.216495  -2.823152  -1.050177
  4.206445  -2.823152  -1.050177
  5.196394  -2.823152  -1.050177
  6.186343  -2.823152  -1.050177
 -6.188025  -2.328177  -1.050177
 -5.198076  -2.328177  -1.050177
 -4.208126  -2.328177  -1.050177
 -3.218177  -2.328177  -1.050177
 -2.228227  -2.328177  -1.050177
 -1.238278  -2.328177  -1.050177
 -0.248328  -2.328177  -1.050177
  0.741621  -2.328177  -1.050177
  1.731571  -2.328177  -1.050177
  2.721520  -2.328177  -1.050177
  3.711470  -2.328177  -1.050177
  4.701419  -2.328177  -1.050177
  5.691369  -2.328177  -1.050177
  6.681318  -2.328177  -1.050177
 -5.693050  -1.833202  -1.050177
 -4.703101  -1.833202  -1.050177
 -1.733252  -1.833202  -1.050177
 -0.743303  -1.833202  -1.050177
  0.246647  -1.833202  -1.050177
  1.236596  -1.833202  -1.050177
  2.226546  -1.833202  -1.050177
  4.206445  -1.833202  -1.050177
  5.196394  -1.833202  -1.050177
  6.186343  -1.833202  -1.050177
 -6.188025  -1.338227  -1.050177
 -5.198076  -1.338227  -1.050177
 -4.208126  -1.338227  -1.050177
 -2.228227  -1.338227  -1.050177
 -0.248328  -1.338227  -1.050177
  0.741621  -1.338227  -1.050177
  1.731571  -1.338227  -1.050177
  4.701419  -1.338227  -1.050177
  5.691369  -1.338227  -1.050177
  6.681318  -1.338227  -1.050177
 -5.693050  -0.843253  -1.050177
 -4.703101  -0.843253  -1.050177
 -3.713151  -0.843253  -1.050177
 -2.723202  -0.843253  -1.050177
 -0.743303  -0.843253  -1.050177
  0.246647  -0.843253  -1.050177
  2.226546  -0.843253  -1.050177
  5.196394  -0.843253  -1.050177
  6.186343  -0.843253  -1.050177
  7.176293  -0.843253  -1.050177
 -5.198076  -0.348278  -1.050177
 -4.208126  -0.348278  -1.050177
 -3.218177  -0.348278  -1.050177
 -0.248328  -0.348278  -1.050177
  4.701419  -0.348278  -1.050177
  5.691369  -0.348278  -1.050177
  6.681318  -0.348278  -1.050177
 -5.693050   0.146697  -1.050177
 -4.703101   0.146697  -1.050177
 -3.713151   0.146697  -1.050177
  2.226546   0.146697  -1.050177
  5.196394   0.146697  -1.050177
  6.186343   0.146697  -1.050177
 -5.198076   0.641672  -1.050177
 -4.208126   0.641672  -1.050177
  2.721520   0.641672  -1.050177
  4.701419   0.641672  -1.050177
  5.691369   0.641672  -1.050177
  6.681318   0.641672  -1.050177
 -5.693050   1.136646  -1.050177
 -4.703101   1.136646  -1.050177
 -3.713151   1.136646  -1.050177
  2.226546   1.136646  -1.050177
  3.216495   1.136646  -1.050177
  4.206445   1.136646  -1.050177
  5.196394   1.136646  -1.050177
  6.186343   1.136646  -1.050177
 -5.198076   1.631621  -1.050177
 -4.208126   1.631621  -1.050177
 -1.238278   1.631621  -1.050177
  1.731571   1.631621  -1.050177
  2.721520   1.631621  -1.050177
  3.711470   1.631621  -1.050177
  4.701419   1.631621  -1.050177
  5.691369   1.631621  -1.050177
 -5.693050   2.126596  -1.050177
 -4.703101   2.126596  -1.050177
 -3.713151   2.126596  -1.050177
 -2.723202   2.126596  -1.050177
 -1.733252   2.126596  -1.050177
  1.236596   2.126596  -1.050177
  2.226546   2.126596  -1.050177
  3.216495   2.126596  -1.050177
  4.206445   2.126596  -1.050177
  5.196394   2.126596  -1.050177
 -5.198076   2.621571  -1.050177
 -4.208126   2.621571  -1.050177
 -3.218177   2.621571  -1.050177
 -2.228227   2.621571  -1.050177
 -1.238278   2.621571  -1.050177
  0.741621   2.621571  -1.050177
  1.731571   2.621571  -1.050177
  2.721520   2.621571  -1.050177
  3.711470   2.621571  -1.050177
  4.701419   2.621571  -1.050177
 -4.703101   3.116545  -1.050177
 -3.713151   3.116545  -1.050177
 -2.723202   3.116545  -1.050177
 -1.733252   3.116545  -1.050177
 -0.743303   3.116545  -1.050177
  0.246647   3.116545  -1.050177
  1.236596   3.116545  -1.050177
  2.226546   3.116545  -1.050177
  3.216495   3.116545  -1.050177
  4.206445   3.116545  -1.050177
 -4.208126   3.611520  -1.050177
 -3.218177   3.611520  -1.050177
 -2.228227   3.611520  -1.050177
 -1.238278   3.611520  -1.050177
 -0.248328   3.611520  -1.050177
  0.741621   3.611520  -1.050177
  1.731571   3.611520  -1.050177
  2.721520   3.611520  -1.050177
 -3.713151   4.106495  -1.050177
 -2.723202   4.106495  -1.050177
 -1.733252   4.106495  -1.050177
 -0.743303   4.106495  -1.050177
  0.246647   4.106495  -1.050177
  1.236596   4.106495  -1.050177
  2.226546   4.106495  -1.050177
 -1.238278   4.601470  -1.050177
 -0.248328   4.601470  -1.050177
  0.741621   4.601470  -1.050177
  1.731571   4.601470  -1.050177
  0.246647   5.096444  -1.050177
 -3.713151  -5.298025  -0.555202
 -2.723202  -5.298025  -0.555202
 -1.733252  -5.298025  -0.555202
 -4.208126  -4.803051  -0.555202
 -3.218177  -4.803051  -0.555202
 -2.228227  -4.803051  -0.555202
 -1.238278  -4.803051  -0.555202
 -0.248328  -4.803051  -0.555202
 -4.703101  -4.308076  -0.555202
 -3.713151  -4.308076  -0.555202
 -2.723202  -4.308076  -0.555202
 -1.733252  -4.308076  -0.555202
 -0.743303  -4.308076  -0.555202
  0.246647  -4.308076  -0.555202
  2.226546  -4.308076  -0.555202
  3.216495  -4.308076  -0.555202
  4.206445  -4.308076  -0.555202
 -5.198076  -3.813101  -0.555202
 -4.208126  -3.813101  -0.555202
 -3.218177  -3.813101  -0.555202
 -2.228227  -3.813101  -0.555202
 -1.238278  -3.813101  -0.555202
 -0.248328  -3.813101  -0.555202
  0.741621  -3.813101  -0.555202
  1.731571  -3.813101  -0.555202
  2.721520  -3.813101  -0.555202
  3.711470  -3.813101  -0.555202
  4.701419  -3.813101  -0.555202
  5.691369  -3.813101  -0.555202
 -5.693050  -3.318126  -0.555202
 -4.703101  -3.318126  -0.555202
 -3.713151  -3.318126  -0.555202
 -2.723202  -3.318126  -0.555202
 -1.733252  -3.318126  -0.555202
 -0.743303  -3.318126  -0.555202
  0.246647  -3.318126  -0.555202
  1.236596  -3.318126  -0.555202
  2.226546  -3.318126  -0.555202
  3.216495  -3.318126  -0.555202
  4.206445  -3.318126  -0.555202
  5.196394  -3.318126  -0.555202
  6.186343  -3.318126  -0.555202
 -6.188025  -2.823152  -0.555202
 -5.198076  -2.823152  -0.555202
 -4.208126  -2.823152  -0.555202
 -3.218177  -2.823152  -0.555202
 -1.238278  -2.823152  -0.555202
 -0.248328  -2.823152  -0.555202
  0.741621  -2.823152  -0.555202
  1.731571  -2.823152  -0.555202
  2.721520  -2.823152  -0.555202
  3.711470  -2.823152  -0.555202
  4.701419  -2.823152  -0.555202
  5.691369  -2.823152  -0.555202
 -5.693050  -2.328177  -0.555202
 -4.703101  -2.328177  -0.555202
 -1.733252  -2.328177  -0.555202
 -0.743303  -2.328177  -0.555202
  0.246647  -2.328177  -0.555202
  1.236596  -2.328177  -0.555202
  2.226546  -2.328177  -0.555202
  3.216495  -2.328177  -0.555202
  4.206445  -2.328177  -0.555202
  5.196394  -2.328177  -0.555202
  6.186343  -2.328177  -0.555202
 -6.188025  -1.833202  -0.555202
 -5.198076  -1.833202  -0.555202
 -0.248328  -1.833202  -0.555202
  0.741621  -1.833202  -0.555202
  1.731571  -1.833202  -0.555202
  4.701419  -1.833202  -0.555202
  5.691369  -1.833202  -0.555202
  6.681318  -1.833202  -0.555202
 -5.693050  -1.338227  -0.555202
 -4.703101  -1.338227  -0.555202
  0.246647  -1.338227  -0.555202
  1.236596  -1.338227  -0.555202
  5.196394  -1.338227  -0.555202
  6.186343  -1.338227  -0.555202
  7.176293  -1.338227  -0.555202
 -6.188025  -0.843253  -0.555202
 -5.198076  -0.843253  -0.555202
 -4.208126  -0.843253  -0.555202
 -0.248328  -0.843253  -0.555202
  4.701419  -0.843253  -0.555202
  5.691369  -0.843253  -0.555202
  6.681318  -0.843253  -0.555202
 -5.693050  -0.348278  -0.555202
 -4.703101  -0.348278  -0.555202
 -3.713151  -0.348278  -0.555202
 -2.723202  -0.348278  -0.555202
  5.196394  -0.348278  -0.555202
  6.186343  -0.348278  -0.555202
  7.176293  -0.348278  -0.555202
 -5.198076   0.146697  -0.555202
 -4.208126   0.146697  -0.555202
  5.691369   0.146697  -0.555202
  6.681318   0.146697  -0.555202
 -5.693050   0.641672  -0.555202
 -4.703101   0.641672  -0.555202
 -3.713151   0.641672  -0.555202
  5.196394   0.641672  -0.555202
  6.186343   0.641672  -0.555202
 -5.198076   1.136646  -0.555202
 -4.208126   1.136646  -0.555202
  2.721520   1.136646  -0.555202
  3.711470   1.136646  -0.555202
  4.701419   1.136646  -0.555202
  5.691369   1.136646  -0.555202
  6.681318   1.136646  -0.555202
 -5.693050   1.631621  -0.555202
 -4.703101   1.631621  -0.555202
 -3.713151   1.631621  -0.555202
  1.236596   1.631621  -0.555202
  2.226546   1.631621  -0.555202
  3.216495   1.631621  -0.555202
  4.206445   1.631621  -0.555202
  5.196394   1.631621  -0.555202
  6.186343   1.631621  -0.555202
 -5.198076   2.126596  -0.555202
 -4.208126   2.126596  -0.555202
 -3.218177   2.126596  -0.555202
 -2.228227   2.126596  -0.555202
 -1.238278   2.126596  -0.555202
  0.741621   2.126596  -0.555202
  1.731571   2.126596  -0.555202
  2.721520   2.126596  -0.555202
  3.711470   2.126596  -0.555202
  4.701419   2.126596  -0.555202
  5.691369   2.126596  -0.555202
 -5.693050   2.621571  -0.555202
 -4.703101   2.621571  -0.555202
 -3.713151   2.621571  -0.555202
 -2.723202   2.621571  -0.555202
 -1.733252   2.621571  -0.555202
 -0.743303   2.621571  -0.555202
  0.246647   2.621571  -0.555202
  1.236596   2.621571  -0.555202
  2.226546   2.621571  -0.555202
  3.216495   2.621571  -0.555202
  4.206445   2.621571  -0.555202
  5.196394   2.621571  -0.555202
 -5.198076   3.116545  -0.555202
 -4.208126   3.116545  -0.555202
 -3.218177   3.116545  -0.555202
 -2.228227   3.116545  -0.555202
 -1.238278   3.116545  -0.555202
 -0.248328   3.116545  -0.555202
  0.741621   3.116545  -0.555202
  1.731571   3.116545  -0.555202
  2.721520   3.116545  -0.555202
  3.711470   3.116545  -0.555202
  4.701419   3.116545  -0.555202
 -4.703101   3.611520  -0.555202
 -3.713151   3.611520  -0.555202
 -2.723202   3.611520  -0.555202
 -1.733252   3.611520  -0.555202
 -0.743303   3.611520  -0.555202
  0.246647   3.611520  -0.555202
  1.236596   3.611520  -0.555202
  2.226546   3.611520  -0.555202
  3.216495   3.611520  -0.555202
 -4.208126   4.106495  -0.555202
 -3.218177   4.106495  -0.555202
 -2.228227   4.106495  -0.555202
 -1.238278   4.106495  -0.555202
 -0.248328   4.106495  -0.555202
  0.741621   4.106495  -0.555202
  1.731571   4.106495  -0.555202
 -1.733252   4.601470  -0.555202
 -0.743303   4.601470  -0.555202
  0.246647   4.601470  -0.555202
  1.236596   4.601470  -0.555202
 -0.248328   5.096444  -0.555202
 -4.208126  -5.298025  -0.060227
 -3.218177  -5.298025  -0.060227
 -2.228227  -5.298025  -0.060227
 -1.238278  -5.298025  -0.060227
 -4.703101  -4.803051  -0.060227
 -3.713151  -4.803051  -0.060227
 -2.723202  -4.803051  -0.060227
 -1.733252  -4.803051  -0.060227
 -0.743303  -4.803051  -0.060227
 -5.198076  -4.308076  -0.060227
 -4.208126  -4.308076  -0.060227
 -3.218177  -4.308076  -0.060227
 -2.228227  -4.308076  -0.060227
 -1.238278  -4.308076  -0.060227
 -0.248328  -4.308076  -0.060227
  1.731571  -4.308076  -0.060227
  2.721520  -4.308076  -0.060227
  3.711470  -4.308076  -0.060227
  4.701419  -4.308076  -0.060227
 -5.693050  -3.813101  -0.060227
 -4.703101  -3.813101  -0.060227
 -3.713151  -3.813101  -0.060227
 -2.723202  -3.813101  -0.060227
 -1.733252  -3.813101  -0.060227
 -0.743303  -3.813101  -0.060227
  0.246647  -3.813101  -0.060227
  1.236596  -3.813101  -0.060227
  2.226546  -3.813101  -0.060227
  3.216495  -3.813101  -0.060227
  4.206445  -3.813101  -0.060227
  5.196394  -3.813101  -0.060227
 -6.188025  -3.318126  -0.060227
 -5.198076  -3.318126  -0.060227
 -4.208126  -3.318126  -0.060227
 -3.218177  -3.318126  -0.060227
 -1.238278  -3.318126  -0.060227
 -0.248328  -3.318126  -0.060227
  0.741621  -3.318126  -0.060227
  1.731571  -3.318126  -0.060227
  2.721520  -3.318126  -0.060227
  3.711470  -3.318126  -0.060227
  4.701419  -3.318126  -0.060227
  5.691369  -3.318126  -0.060227
 -5.693050  -2.823152  -0.060227
 -4.703101  -2.823152  -0.060227
 -3.713151  -2.823152  -0.060227
 -0.743303  -2.823152  -0.060227
  0.246647  -2.823152  -0.060227
  1.236596  -2.823152  -0.060227
  2.226546  -2.823152  -0.060227
  3.216495  -2.823152  -0.060227
  4.206445  -2.823152  -0.060227
  5.196394  -2.823152  -0.060227
  6.186343  -2.823152  -0.060227
 -6.188025  -2.328177  -0.060227
 -5.198076  -2.328177  -0.060227
 -4.208126  -2.328177  -0.060227
 -1.238278  -2.328177  -0.060227
 -0.248328  -2.328177  -0.060227
  0.741621  -2.328177  -0.060227
  1.731571  -2.328177  -0.060227
  2.721520  -2.328177  -0.060227
  3.711470  -2.328177  -0.060227
  4.701419  -2.328177  -0.060227
  5.691369  -2.328177  -0.060227
  6.681318  -2.328177  -0.060227
 -5.693050  -1.833202  -0.060227
 -4.703101  -1.833202  -0.060227
  0.246647  -1.833202  -0.060227
  1.236596  -1.833202  -0.060227
  2.226546  -1.833202  -0.060227
  4.206445  -1.833202  -0.060227
  5.196394  -1.833202  -0.060227
  6.186343  -1.833202  -0.060227
 -6.188025  -1.338227  -0.060227
 -5.198076  -1.338227  -0.060227
 -4.208126  -1.338227  -0.060227
  0.741621  -1.338227  -0.060227
  1.731571  -1.338227  -0.060227
  4.701419  -1.338227  -0.060227
  5.691369  -1.338227  -0.060227
  6.681318  -1.338227  -0.060227
 -5.693050  -0.843253  -0.060227
 -4.703101  -0.843253  -0.060227
  0.246647  -0.843253  -0.060227
  5.196394  -0.843253  -0.060227
  6.186343  -0.843253  -0.060227
  7.176293  -0.843253  -0.060227
 -6.188025  -0.348278  -0.060227
 -5.198076  -0.348278  -0.060227
 -4.208126  -0.348278  -0.060227
 -3.218177  -0.348278  -0.060227
 -0.248328  -0.348278  -0.060227
  4.701419  -0.348278  -0.060227
  5.691369  -0.348278  -0.060227
  6.681318  -0.348278  -0.060227
 -5.693050   0.146697  -0.060227
 -4.703101   0.146697  -0.060227
 -3.713151   0.146697  -0.060227
  5.196394   0.146697  -0.060227
  6.186343   0.146697  -0.060227
  7.176293   0.146697  -0.060227
 -5.198076   0.641672  -0.060227
 -4.208126   0.641672  -0.060227
  4.701419   0.641672  -0.060227
  5.691369   0.641672  -0.060227
  6.681318   0.641672  -0.060227
 -5.693050   1.136646  -0.060227
 -4.703101   1.136646  -0.060227
 -3.713151   1.136646  -0.060227
  3.216495   1.136646  -0.060227
  4.206445   1.136646  -0.060227
  5.196394   1.136646  -0.060227
  6.186343   1.136646  -0.060227
 -5.198076   1.631621  -0.060227
 -4.208126   1.631621  -0.060227
  1.731571   1.631621  -0.060227
  2.721520   1.631621  -0.060227
  3.711470   1.631621  -0.060227
  4.701419   1.631621  -0.060227
  5.691369   1.631621  -0.060227
  6.681318   1.631621  -0.060227
 -5.693050   2.126596  -0.060227
 -4.703101   2.126596  -0.060227
 -3.713151   2.126596  -0.060227
 -2.723202   2.126596  -0.060227
 -1.733252   2.126596  -0.060227
  1.236596   2.126596  -0.060227
  2.226546   2.126596  -0.060227
  3.216495   2.126596  -0.060227
  4.206445   2.126596  -0.060227
  5.196394   2.126596  -0.060227
  6.186343   2.126596  -0.060227
 -5.198076   2.621571  -0.060227
 -4.208126   2.621571  -0.060227
 -3.218177   2.621571  -0.060227
 -2.228227   2.621571  -0.060227
 -1.238278   2.621571  -0.060227
 -0.248328   2.621571  -0.060227
  0.741621   2.621571  -0.060227
  1.731571   2.621571  -0.060227
  2.721520   2.621571  -0.060227
  3.711470   2.621571  -0.060227
  4.701419   2.621571  -0.060227
  5.691369   2.621571  -0.060227
 -4.703101   3.116545  -0.060227
 -3.713151   3.116545  -0.060227
 -2.723202   3.116545  -0.060227
 -1.733252   3.116545  -0.060227
 -0.743303   3.116545  -0.060227
  0.246647   3.116545  -0.060227
  1.236596   3.116545  -0.060227
  2.226546   3.116545  -0.060227
  3.216495   3.116545  -0.060227
  4.206445   3.116545  -0.060227
 -4.208126   3.611520  -0.060227
 -3.218177   3.611520  -0.060227
 -2.228227   3.611520  -0.060227
 -1.238278   3.611520  -0.060227
 -0.248328   3.611520  -0.060227
  0.741621   3.611520  -0.060227
  1.731571   3.611520  -0.060227
  2.721520   3.611520  -0.060227
  3.711470   3.611520  -0.060227
 -3.713151   4.106495  -0.060227
 -2.723202   4.106495  -0.060227
 -1.733252   4.106495  -0.060227
 -0.743303   4.106495  -0.060227
  0.246647   4.106495  -0.060227
  1.236596   4.106495  -0.060227
  2.226546   4.106495  -0.060227
 -1.238278   4.601470  -0.060227
 -0.248328   4.601470  -0.060227
  0.741621   4.601470  -0.060227
  1.731571   4.601470  -0.060227
 -0.743303   5.096444  -0.060227
  0.246647   5.096444  -0.060227
 -3.713151  -5.298025   0.434747
 -2.723202  -5.298025   0.434747
 -1.733252  -5.298025   0.434747
 -0.743303  -5.298025   0.434747
 -5.198076  -4.803051   0.434747
 -4.208126  -4.803051   0.434747
 -3.218177  -4.803051   0.434747
 -2.228227  -4.803051   0.434747
 -1.238278  -4.803051   0.434747
 -0.248328  -4.803051   0.434747
 -5.693050  -4.308076   0.434747
 -4.703101  -4.308076   0.434747
 -3.713151  -4.308076   0.434747
 -2.723202  -4.308076   0.434747
 -1.733252  -4.308076   0.434747
 -0.743303  -4.308076   0.434747
  0.246647  -4.308076   0.434747
  2.226546  -4.308076   0.434747
  3.216495  -4.308076   0.434747
  4.206445  -4.308076   0.434747
 -5.198076  -3.813101   0.434747
 -4.208126  -3.813101   0.434747
 -3.218177  -3.813101   0.434747
 -2.228227  -3.813101   0.434747
 -1.238278  -3.813101   0.434747
 -0.248328  -3.813101   0.434747
  0.741621  -3.813101   0.434747
  1.731571  -3.813101   0.434747
  2.721520  -3.813101   0.434747
  3.711470  -3.813101   0.434747
  4.701419  -3.813101   0.434747
 -5.693050  -3.318126   0.434747
 -4.703101  -3.318126   0.434747
 -3.713151  -3.318126   0.434747
 -0.743303  -3.318126   0.434747
  0.246647  -3.318126   0.434747
  1.236596  -3.318126   0.434747
  2.226546  -3.318126   0.434747
  3.216495  -3.318126   0.434747
  4.206445  -3.318126   0.434747
  5.196394  -3.318126   0.434747
  6.186343  -3.318126   0.434747
 -6.188025  -2.823152   0.434747
 -5.198076  -2.823152   0.434747
 -4.208126  -2.823152   0.434747
 -1.238278  -2.823152   0.434747
 -0.248328  -2.823152   0.434747
  0.741621  -2.823152   0.434747
  1.731571  -2.823152   0.434747
  2.721520  -2.823152   0.434747
  3.711470  -2.823152   0.434747
  4.701419  -2.823152   0.434747
  5.691369  -2.823152   0.434747
 -5.693050  -2.328177   0.434747
 -4.703101  -2.328177   0.434747
 -0.743303  -2.328177   0.434747
  0.246647  -2.328177   0.434747
  1.236596  -2.328177   0.434747
  2.226546  -2.328177   0.434747
  3.216495  -2.328177   0.434747
  4.206445  -2.328177   0.434747
  5.196394  -2.328177   0.434747
  6.186343  -2.328177   0.434747
 -6.188025  -1.833202   0.434747
 -5.198076  -1.833202   0.434747
 -4.208126  -1.833202   0.434747
  0.741621  -1.833202   0.434747
  1.731571  -1.833202   0.434747
  2.721520  -1.833202   0.434747
  4.701419  -1.833202   0.434747
  5.691369  -1.833202   0.434747
  6.681318  -1.833202   0.434747
 -5.693050  -1.338227   0.434747
 -4.703101  -1.338227   0.434747
  1.236596  -1.338227   0.434747
  2.226546  -1.338227   0.434747
  5.196394  -1.338227   0.434747
  6.186343  -1.338227   0.434747
  7.176293  -1.338227   0.434747
 -6.188025  -0.843253   0.434747
 -5.198076  -0.843253   0.434747
 -4.208126  -0.843253   0.434747
  0.741621  -0.843253   0.434747
  4.701419  -0.843253   0.434747
  5.691369  -0.843253   0.434747
  6.681318  -0.843253   0.434747
 -5.693050  -0.348278   0.434747
 -4.703101  -0.348278   0.434747
 -3.713151  -0.348278   0.434747
 -2.723202  -0.348278   0.434747
  0.246647  -0.348278   0.434747
  5.196394  -0.348278   0.434747
  6.186343  -0.348278   0.434747
  7.176293  -0.348278   0.434747
 -6.188025   0.146697   0.434747
 -5.198076   0.146697   0.434747
 -4.208126   0.146697   0.434747
 -3.218177   0.146697   0.434747
  4.701419   0.146697   0.434747
  5.691369   0.146697   0.434747
  6.681318   0.146697   0.434747
 -5.693050   0.641672   0.434747
 -4.703101   0.641672   0.434747
 -3.713151   0.641672   0.434747
  4.206445   0.641672   0.434747
  5.196394   0.641672   0.434747
  6.186343   0.641672   0.434747
 -5.198076   1.136646   0.434747
 -4.208126   1.136646   0.434747
 -3.218177   1.136646   0.434747
  3.711470   1.136646   0.434747
  4.701419   1.136646   0.434747
  5.691369   1.136646   0.434747
  6.681318   1.136646   0.434747
 -5.693050   1.631621   0.434747
 -4.703101   1.631621   0.434747
 -3.713151   1.631621   0.434747
 -2.723202   1.631621   0.434747
 -1.733252   1.631621   0.434747
  1.236596   1.631621   0.434747
  2.226546   1.631621   0.434747
  3.216495   1.631621   0.434747
  4.206445   1.631621   0.434747
  5.196394   1.631621   0.434747
  6.186343   1.631621   0.434747
 -5.198076   2.126596   0.434747
 -4.208126   2.126596   0.434747
 -3.218177   2.126596   0.434747
 -2.228227   2.126596   0.434747
 -1.238278   2.126596   0.434747
  1.731571   2.126596   0.434747
  2.721520   2.126596   0.434747
  3.711470   2.126596   0.434747
  4.701419   2.126596   0.434747
  5.691369   2.126596   0.434747
 -4.703101   2.621571   0.434747
 -3.713151   2.621571   0.434747
 -2.723202   2.621571   0.434747
 -1.733252   2.621571   0.434747
 -0.743303   2.621571   0.434747
  0.246647   2.621571   0.434747
  1.236596   2.621571   0.434747
  2.226546   2.621571   0.434747
  3.216495   2.621571   0.434747
  4.206445   2.621571   0.434747
  5.196394   2.621571   0.434747
 -5.198076   3.116545   0.434747
 -4.208126   3.116545   0.434747
 -3.218177   3.116545   0.434747
 -2.228227   3.116545   0.434747
 -1.238278   3.116545   0.434747
 -0.248328   3.116545   0.434747
  0.741621   3.116545   0.434747
  1.731571   3.116545   0.434747
  2.721520   3.116545   0.434747
  3.711470   3.116545   0.434747
  4.701419   3.116545   0.434747
 -4.703101   3.611520   0.434747
 -3.713151   3.611520   0.434747
 -2.723202   3.611520   0.434747
 -1.733252   3.611520   0.434747
 -0.743303   3.611520   0.434747
  0.246647   3.611520   0.434747
  1.236596   3.611520   0.434747
  2.226546   3.611520   0.434747
  3.216495   3.611520   0.434747
 -3.218177   4.106495   0.434747
 -2.228227   4.106495   0.434747
 -1.238278   4.106495   0.434747
 -0.248328   4.106495   0.434747
  0.741621   4.106495   0.434747
  1.731571   4.106495   0.434747
  2.721520   4.106495   0.434747
 -1.733252   4.601470   0.434747
 -0.743303   4.601470   0.434747
  0.246647   4.601470   0.434747
  1.236596   4.601470   0.434747
 -4.208126  -5.298025   0.929722
 -3.218177  -5.298025   0.929722
 -2.228227  -5.298025   0.929722
 -1.238278  -5.298025   0.929722
 -4.703101  -4.803051   0.929722
 -3.713151  -4.803051   0.929722
 -2.723202  -4.803051   0.929722
 -1.733252  -4.803051   0.929722
 -0.743303  -4.803051   0.929722
 -5.198076  -4.308076   0.929722
 -4.208126  -4.308076   0.929722
 -3.218177  -4.308076   0.929722
 -2.228227  -4.308076   0.929722
 -1.238278  -4.308076   0.929722
 -0.248328  -4.308076   0.929722
  2.721520  -4.308076   0.929722
  3.711470  -4.308076   0.929722
 -5.693050  -3.813101   0.929722
 -4.703101  -3.813101   0.929722
 -3.713151  -3.813101   0.929722
 -2.723202  -3.813101   0.929722
 -1.733252  -3.813101   0.929722
 -0.743303  -3.813101   0.929722
  0.246647  -3.813101   0.929722
  1.236596  -3.813101   0.929722
  2.226546  -3.813101   0.929722
  3.216495  -3.813101   0.929722
  4.206445  -3.813101   0.929722
  5.196394  -3.813101   0.929722
 -6.188025  -3.318126   0.929722
 -5.198076  -3.318126   0.929722
 -4.208126  -3.318126   0.929722
 -3.218177  -3.318126   0.929722
 -1.238278  -3.318126   0.929722
 -0.248328  -3.318126   0.929722
  0.741621  -3.318126   0.929722
  1.731571  -3.318126   0.929722
  2.721520  -3.318126   0.929722
  3.711470  -3.318126   0.929722
  4.701419  -3.318126   0.929722
  5.691369  -3.318126   0.929722
 -5.693050  -2.823152   0.929722
 -4.703101  -2.823152   0.929722
 -3.713151  -2.823152   0.929722
 -0.743303  -2.823152   0.929722
  0.246647  -2.823152   0.929722
  1.236596  -2.823152   0.929722
  2.226546  -2.823152   0.929722
  3.216495  -2.823152   0.929722
  4.206445  -2.823152   0.929722
  5.196394  -2.823152   0.929722
  6.186343  -2.823152   0.929722
 -6.188025  -2.328177   0.929722
 -5.198076  -2.328177   0.929722
 -4.208126  -2.328177   0.929722
 -1.238278  -2.328177   0.929722
 -0.248328  -2.328177   0.929722
  0.741621  -2.328177   0.929722
  1.731571  -2.328177   0.929722
  2.721520  -2.328177   0.929722
  3.711470  -2.328177   0.929722
  4.701419  -2.328177   0.929722
  5.691369  -2.328177   0.929722
  6.681318  -2.328177   0.929722
 -5.693050  -1.833202   0.929722
 -4.703101  -1.833202   0.929722
  0.246647  -1.833202   0.929722
  1.236596  -1.833202   0.929722
  2.226546  -1.833202   0.929722
  3.216495  -1.833202   0.929722
  5.196394  -1.833202   0.929722
  6.186343  -1.833202   0.929722
 -6.188025  -1.338227   0.929722
 -5.198076  -1.338227   0.929722
 -4.208126  -1.338227   0.929722
  0.741621  -1.338227   0.929722
  1.731571  -1.338227   0.929722
  2.721520  -1.338227   0.929722
  4.701419  -1.338227   0.929722
  5.691369  -1.338227   0.929722
  6.681318  -1.338227   0.929722
 -5.693050  -0.843253   0.929722
 -4.703101  -0.843253   0.929722
 -3.713151  -0.843253   0.929722
  0.246647  -0.843253   0.929722
  5.196394  -0.843253   0.929722
  6.186343  -0.843253   0.929722
  7.176293  -0.843253   0.929722
 -6.188025  -0.348278   0.929722
 -5.198076  -0.348278   0.929722
 -4.208126  -0.348278   0.929722
 -3.218177  -0.348278   0.929722
 -2.228227  -0.348278   0.929722
 -0.248328  -0.348278   0.929722
  0.741621  -0.348278   0.929722
  4.701419  -0.348278   0.929722
  5.691369  -0.348278   0.929722
  6.681318  -0.348278   0.929722
 -5.693050   0.146697   0.929722
 -4.703101   0.146697   0.929722
 -3.713151   0.146697   0.929722
 -2.723202   0.146697   0.929722
 -0.743303   0.146697   0.929722
  0.246647   0.146697   0.929722
  4.206445   0.146697   0.929722
  5.196394   0.146697   0.929722
  6.186343   0.146697   0.929722
 -5.198076   0.641672   0.929722
 -4.208126   0.641672   0.929722
 -3.218177   0.641672   0.929722
 -2.228227   0.641672   0.929722
 -0.248328   0.641672   0.929722
  0.741621   0.641672   0.929722
  3.711470   0.641672   0.929722
  4.701419   0.641672   0.929722
  5.691369   0.641672   0.929722
  6.681318   0.641672   0.929722
 -5.693050   1.136646   0.929722
 -4.703101   1.136646   0.929722
 -3.713151   1.136646   0.929722
 -2.723202   1.136646   0.929722
 -1.733252   1.136646   0.929722
 -0.743303   1.136646   0.929722
  3.216495   1.136646   0.929722
  4.206445   1.136646   0.929722
  5.196394   1.136646   0.929722
  6.186343   1.136646   0.929722
 -5.198076   1.631621   0.929722
 -4.208126   1.631621   0.929722
 -3.218177   1.631621   0.929722
 -2.228227   1.631621   0.929722
 -1.238278   1.631621   0.929722
  1.731571   1.631621   0.929722
  2.721520   1.631621   0.929722
  3.711470   1.631621   0.929722
  4.701419   1.631621   0.929722
  5.691369   1.631621   0.929722
 -4.703101   2.126596   0.929722
 -3.713151   2.126596   0.929722
 -2.723202   2.126596   0.929722
 -1.733252   2.126596   0.929722
 -0.743303   2.126596   0.929722
  1.236596   2.126596   0.929722
  2.226546   2.126596   0.929722
  3.216495   2.126596   0.929722
  4.206445   2.126596   0.929722
  5.196394   2.126596   0.929722
 -5.198076   2.621571   0.929722
 -4.208126   2.621571   0.929722
 -3.218177   2.621571   0.929722
 -2.228227   2.621571   0.929722
 -1.238278   2.621571   0.929722
 -0.248328   2.621571   0.929722
  0.741621   2.621571   0.929722
  1.731571   2.621571   0.929722
  2.721520   2.621571   0.929722
  3.711470   2.621571   0.929722
  4.701419   2.621571   0.929722
 -4.703101   3.116545   0.929722
 -3.713151   3.116545   0.929722
 -2.723202   3.116545   0.929722
 -1.733252   3.116545   0.929722
 -0.743303   3.116545   0.929722
  0.246647   3.116545   0.929722
  1.236596   3.116545   0.929722
  2.226546   3.116545   0.929722
  3.216495   3.116545   0.929722
  4.206445   3.116545   0.929722
 -4.208126   3.611520   0.929722
 -3.218177   3.611520   0.929722
 -2.228227   3.611520   0.929722
 -1.238278   3.611520   0.929722
 -0.248328   3.611520   0.929722
  0.741621   3.611520   0.929722
  1.731571   3.611520   0.929722
  2.721520   3.611520   0.929722
  3.711470   3.611520   0.929722
 -2.723202   4.106495   0.929722
 -1.733252   4.106495   0.929722
 -0.743303   4.106495   0.929722
  0.246647   4.106495   0.929722
  1.236596   4.106495   0.929722
  2.226546   4.106495   0.929722
 -1.238278   4.601470   0.929722
 -0.248328   4.601470   0.929722
  0.741621   4.601470   0.929722
 -3.713151  -5.298025   1.424697
 -2.723202  -5.298025   1.424697
 -1.733252  -5.298025   1.424697
 -4.208126  -4.803051   1.424697
 -3.218177  -4.803051   1.424697
 -2.228227  -4.803051   1.424697
 -1.238278  -4.803051   1.424697
 -0.248328  -4.803051   1.424697
 -4.703101  -4.308076   1.424697
 -3.713151  -4.308076   1.424697
 -2.723202  -4.308076   1.424697
 -1.733252  -4.308076   1.424697
 -0.743303  -4.308076   1.424697
  0.246647  -4.308076   1.424697
  3.216495  -4.308076   1.424697
 -5.198076  -3.813101   1.424697
 -4.208126  -3.813101   1.424697
 -3.218177  -3.813101   1.424697
 -2.228227  -3.813101   1.424697
 -1.238278  -3.813101   1.424697
 -0.248328  -3.813101   1.424697
  1.731571  -3.813101   1.424697
  2.721520  -3.813101   1.424697
  3.711470  -3.813101   1.424697
  4.701419  -3.813101   1.424697
 -5.693050  -3.318126   1.424697
 -4.703101  -3.318126   1.424697
 -3.713151  -3.318126   1.424697
 -2.723202  -3.318126   1.424697
 -1.733252  -3.318126   1.424697
 -0.743303  -3.318126   1.424697
  0.246647  -3.318126   1.424697
  1.236596  -3.318126   1.424697
  2.226546  -3.318126   1.424697
  3.216495  -3.318126   1.424697
  4.206445  -3.318126   1.424697
  5.196394  -3.318126   1.424697
 -6.188025  -2.823152   1.424697
 -5.198076  -2.823152   1.424697
 -4.208126  -2.823152   1.424697
 -3.218177  -2.823152   1.424697
 -2.228227  -2.823152   1.424697
 -1.238278  -2.823152   1.424697
 -0.248328  -2.823152   1.424697
  0.741621  -2.823152   1.424697
  1.731571  -2.823152   1.424697
  2.721520  -2.823152   1.424697
  3.711470  -2.823152   1.424697
  4.701419  -2.823152   1.424697
  5.691369  -2.823152   1.424697
 -5.693050  -2.328177   1.424697
 -4.703101  -2.328177   1.424697
 -3.713151  -2.328177   1.424697
 -1.733252  -2.328177   1.424697
 -0.743303  -2.328177   1.424697
  0.246647  -2.328177   1.424697
  1.236596  -2.328177   1.424697
  2.226546  -2.328177   1.424697
  3.216495  -2.328177   1.424697
  4.206445  -2.328177   1.424697
  5.196394  -2.328177   1.424697
  6.186343  -2.328177   1.424697
 -6.188025  -1.833202   1.424697
 -5.198076  -1.833202   1.424697
 -4.208126  -1.833202   1.424697
 -1.238278  -1.833202   1.424697
 -0.248328  -1.833202   1.424697
  0.741621  -1.833202   1.424697
  1.731571  -1.833202   1.424697
  2.721520  -1.833202   1.424697
  3.711470  -1.833202   1.424697
  4.701419  -1.833202   1.424697
  5.691369  -1.833202   1.424697
  6.681318  -1.833202   1.424697
 -5.693050  -1.338227   1.424697
 -4.703101  -1.338227   1.424697
 -1.733252  -1.338227   1.424697
 -0.743303  -1.338227   1.424697
  0.246647  -1.338227   1.424697
  1.236596  -1.338227   1.424697
  2.226546  -1.338227   1.424697
  5.196394  -1.338227   1.424697
  6.186343  -1.338227   1.424697
 -6.188025  -0.843253   1.424697
 -5.198076  -0.843253   1.424697
 -4.208126  -0.843253   1.424697
 -2.228227  -0.843253   1.424697
 -1.238278  -0.843253   1.424697
 -0.248328  -0.843253   1.424697
  0.741621  -0.843253   1.424697
  1.731571  -0.843253   1.424697
  2.721520  -0.843253   1.424697
  4.701419  -0.843253   1.424697
  5.691369  -0.843253   1.424697
  6.681318  -0.843253   1.424697
 -5.693050  -0.348278   1.424697
 -4.703101  -0.348278   1.424697
 -3.713151  -0.348278   1.424697
 -2.723202  -0.348278   1.424697
 -1.733252  -0.348278   1.424697
 -0.743303  -0.348278   1.424697
  0.246647  -0.348278   1.424697
  3.216495  -0.348278   1.424697
  4.206445  -0.348278   1.424697
  5.196394  -0.348278   1.424697
  6.186343  -0.348278   1.424697
 -5.198076   0.146697   1.424697
 -4.208126   0.146697   1.424697
 -3.218177   0.146697   1.424697
 -2.228227   0.146697   1.424697
 -1.238278   0.146697   1.424697
 -0.248328   0.146697   1.424697
  3.711470   0.146697   1.424697
  4.701419   0.146697   1.424697
  5.691369   0.146697   1.424697
  6.681318   0.146697   1.424697
 -5.693050   0.641672   1.424697
 -4.703101   0.641672   1.424697
 -3.713151   0.641672   1.424697
 -2.723202   0.641672   1.424697
 -1.733252   0.641672   1.424697
 -0.743303   0.641672   1.424697
  0.246647   0.641672   1.424697
  3.216495   0.641672   1.424697
  4.206445   0.641672   1.424697
  5.196394   0.641672   1.424697
  6.186343   0.641672   1.424697
 -5.198076   1.136646   1.424697
 -4.208126   1.136646   1.424697
 -3.218177   1.136646   1.424697
 -2.228227   1.136646   1.424697
 -1.238278   1.136646   1.424697
 -0.248328   1.136646   1.424697
  0.741621   1.136646   1.424697
  3.711470   1.136646   1.424697
  4.701419   1.136646   1.424697
  5.691369   1.136646   1.424697
 -4.703101   1.631621   1.424697
 -3.713151   1.631621   1.424697
 -2.723202   1.631621   1.424697
 -1.733252   1.631621   1.424697
 -0.743303   1.631621   1.424697
  0.246647   1.631621   1.424697
  1.236596   1.631621   1.424697
  2.226546   1.631621   1.424697
  3.216495   1.631621   1.424697
  4.206445   1.631621   1.424697
  5.196394   1.631621   1.424697
  6.186343   1.631621   1.424697
 -5.198076   2.126596   1.424697
 -4.208126   2.126596   1.424697
 -3.218177   2.126596   1.424697
 -2.228227   2.126596   1.424697
 -1.238278   2.126596   1.424697
 -0.248328   2.126596   1.424697
  0.741621   2.126596   1.424697
  1.731571   2.126596   1.424697
  2.721520   2.126596   1.424697
  3.711470   2.126596   1.424697
  4.701419   2.126596   1.424697
  5.691369   2.126596   1.424697
 -4.703101   2.621571   1.424697
 -3.713151   2.621571   1.424697
 -2.723202   2.621571   1.424697
 -1.733252   2.621571   1.424697
 -0.743303   2.621571   1.424697
  0.246647   2.621571   1.424697
  1.236596   2.621571   1.424697
  2.226546   2.621571   1.424697
  3.216495   2.621571   1.424697
  4.206445   2.621571   1.424697
  5.196394   2.621571   1.424697
 -4.208126   3.116545   1.424697
 -3.218177   3.116545   1.424697
 -2.228227   3.116545   1.424697
 -1.238278   3.116545   1.424697
 -0.248328   3.116545   1.424697
  0.741621   3.116545   1.424697
  1.731571   3.116545   1.424697
  2.721520   3.116545   1.424697
  3.711470   3.116545   1.424697
 -3.713151   3.611520   1.424697
 -2.723202   3.611520   1.424697
 -1.733252   3.611520   1.424697
 -0.743303   3.611520   1.424697
  0.246647   3.611520   1.424697
  1.236596   3.611520   1.424697
  2.226546   3.611520   1.424697
  3.216495   3.611520   1.424697
 -1.238278   4.106495   1.424697
 -0.248328   4.106495   1.424697
  0.741621   4.106495   1.424697
  1.731571   4.106495   1.424697
 -0.743303   4.601470   1.424697
  0.246647   4.601470   1.424697
 -3.218177  -5.298025   1.919672
 -2.228227  -5.298025   1.919672
 -4.703101  -4.803051   1.919672
 -3.713151  -4.803051   1.919672
 -2.723202  -4.803051   1.919672
 -1.733252  -4.803051   1.919672
 -0.743303  -4.803051   1.919672
 -5.198076  -4.308076   1.919672
 -4.208126  -4.308076   1.919672
 -3.218177  -4.308076   1.919672
 -2.228227  -4.308076   1.919672
 -1.238278  -4.308076   1.919672
 -0.248328  -4.308076   1.919672
 -5.693050  -3.813101   1.919672
 -4.703101  -3.813101   1.919672
 -3.713151  -3.813101   1.919672
 -2.723202  -3.813101   1.919672
 -1.733252  -3.813101   1.919672
 -0.743303  -3.813101   1.919672
  0.246647  -3.813101   1.919672
  2.226546  -3.813101   1.919672
  3.216495  -3.813101   1.919672
  4.206445  -3.813101   1.919672
 -5.198076  -3.318126   1.919672
 -4.208126  -3.318126   1.919672
 -3.218177  -3.318126   1.919672
 -2.228227  -3.318126   1.919672
 -1.238278  -3.318126   1.919672
 -0.248328  -3.318126   1.919672
  0.741621  -3.318126   1.919672
  1.731571  -3.318126   1.919672
  2.721520  -3.318126   1.919672
  3.711470  -3.318126   1.919672
  4.701419  -3.318126   1.919672
 -5.693050  -2.823152   1.919672
 -4.703101  -2.823152   1.919672
 -3.713151  -2.823152   1.919672
 -2.723202  -2.823152   1.919672
 -1.733252  -2.823152   1.919672
 -0.743303  -2.823152   1.919672
  0.246647  -2.823152   1.919672
  1.236596  -2.823152   1.919672
  2.226546  -2.823152   1.919672
  3.216495  -2.823152   1.919672
  4.206445  -2.823152   1.919672
  5.196394  -2.823152   1.919672
 -6.188025  -2.328177   1.919672
 -5.198076  -2.328177   1.919672
 -4.208126  -2.328177   1.919672
 -3.218177  -2.328177   1.919672
 -2.228227  -2.328177   1.919672
 -1.238278  -2.328177   1.919672
 -0.248328  -2.328177   1.919672
  0.741621  -2.328177   1.919672
  1.731571  -2.328177   1.919672
  2.721520  -2.328177   1.919672
  3.711470  -2.328177   1.919672
  4.701419  -2.328177   1.919672
  5.691369  -2.328177   1.919672
 -5.693050  -1.833202   1.919672
 -4.703101  -1.833202   1.919672
 -3.713151  -1.833202   1.919672
 -1.733252  -1.833202   1.919672
 -0.743303  -1.833202   1.919672
  0.246647  -1.833202   1.919672
  1.236596  -1.833202   1.919672
  2.226546  -1.833202   1.919672
  3.216495  -1.833202   1.919672
  4.206445  -1.833202   1.919672
  5.196394  -1.833202   1.919672
  6.186343  -1.833202   1.919672
 -6.188025  -1.338227   1.919672
 -5.198076  -1.338227   1.919672
 -4.208126  -1.338227   1.919672
 -2.228227  -1.338227   1.919672
 -1.238278  -1.338227   1.919672
 -0.248328  -1.338227   1.919672
  0.741621  -1.338227   1.919672
  1.731571  -1.338227   1.919672
  2.721520  -1.338227   1.919672
  3.711470  -1.338227   1.919672
  4.701419  -1.338227   1.919672
  5.691369  -1.338227   1.919672
  6.681318  -1.338227   1.919672
 -5.693050  -0.843253   1.919672
 -4.703101  -0.843253   1.919672
 -3.713151  -0.843253   1.919672
 -1.733252  -0.843253   1.919672
 -0.743303  -0.843253   1.919672
  0.246647  -0.843253   1.919672
  1.236596  -0.843253   1.919672
  2.226546  -0.843253   1.919672
  3.216495  -0.843253   1.919672
  4.206445  -0.843253   1.919672
  5.196394  -0.843253   1.919672
  6.186343  -0.843253   1.919672
 -5.198076  -0.348278   1.919672
 -4.208126  -0.348278   1.919672
 -3.218177  -0.348278   1.919672
 -2.228227  -0.348278   1.919672
 -1.238278  -0.348278   1.919672
 -0.248328  -0.348278   1.919672
  0.741621  -0.348278   1.919672
  2.721520  -0.348278   1.919672
  3.711470  -0.348278   1.919672
  4.701419  -0.348278   1.919672
  5.691369  -0.348278   1.919672
  6.681318  -0.348278   1.919672
 -5.693050   0.146697   1.919672
 -4.703101   0.146697   1.919672
 -3.713151   0.146697   1.919672
 -2.723202   0.146697   1.919672
 -1.733252   0.146697   1.919672
 -0.743303   0.146697   1.919672
  0.246647   0.146697   1.919672
  3.216495   0.146697   1.919672
  4.206445   0.146697   1.919672
  5.196394   0.146697   1.919672
  6.186343   0.146697   1.919672
 -5.198076   0.641672   1.919672
 -4.208126   0.641672   1.919672
 -3.218177   0.641672   1.919672
 -2.228227   0.641672   1.919672
 -1.238278   0.641672   1.919672
 -0.248328   0.641672   1.919672
  3.711470   0.641672   1.919672
  4.701419   0.641672   1.919672
  5.691369   0.641672   1.919672
 -4.703101   1.136646   1.919672
 -3.713151   1.136646   1.919672
 -2.723202   1.136646   1.919672
 -1.733252   1.136646   1.919672
 -0.743303   1.136646   1.919672
  0.246647   1.136646   1.919672
  3.216495   1.136646   1.919672
  4.206445   1.136646   1.919672
  5.196394   1.136646   1.919672
  6.186343   1.136646   1.919672
 -4.208126   1.631621   1.919672
 -3.218177   1.631621   1.919672
 -2.228227   1.631621   1.919672
 -1.238278   1.631621   1.919672
 -0.248328   1.631621   1.919672
  0.741621   1.631621   1.919672
  1.731571   1.631621   1.919672
  2.721520   1.631621   1.919672
  3.711470   1.631621   1.919672
  4.701419   1.631621   1.919672
  5.691369   1.631621   1.919672
 -4.703101   2.126596   1.919672
 -3.713151   2.126596   1.919672
 -2.723202   2.126596   1.919672
 -1.733252   2.126596   1.919672
 -0.743303   2.126596   1.919672
  0.246647   2.126596   1.919672
  1.236596   2.126596   1.919672
  2.226546   2.126596   1.919672
  3.216495   2.126596   1.919672
  4.206445   2.126596   1.919672
  5.196394   2.126596   1.919672
 -4.208126   2.621571   1.919672
 -3.218177   2.621571   1.919672
 -2.228227   2.621571   1.919672
 -1.238278   2.621571   1.919672
 -0.248328   2.621571   1.919672
  0.741621   2.621571   1.919672
  1.731571   2.621571   1.919672
  2.721520   2.621571   1.919672
  3.711470   2.621571   1.919672
  4.701419   2.621571   1.919672
 -3.713151   3.116545   1.919672
 -2.723202   3.116545   1.919672
 -1.733252   3.116545   1.919672
 -0.743303   3.116545   1.919672
  0.246647   3.116545   1.919672
  1.236596   3.116545   1.919672
  2.226546   3.116545   1.919672
  3.216495   3.116545   1.919672
  4.206445   3.116545   1.919672
 -2.228227   3.611520   1.919672
 -1.238278   3.611520   1.919672
 -0.248328   3.611520   1.919672
  0.741621   3.611520   1.919672
  1.731571   3.611520   1.919672
  2.721520   3.611520   1.919672
 -0.743303   4.106495   1.919672
  0.246647   4.106495   1.919672
  1.236596   4.106495   1.919672
 -4.208126  -4.803051   2.414646
 -3.218177  -4.803051   2.414646
 -2.228227  -4.803051   2.414646
 -1.238278  -4.803051   2.414646
 -4.703101  -4.308076   2.414646
 -3.713151  -4.308076   2.414646
 -2.723202  -4.308076   2.414646
 -1.733252  -4.308076   2.414646
 -0.743303  -4.308076   2.414646
 -5.198076  -3.813101   2.414646
 -4.208126  -3.813101   2.414646
 -3.218177  -3.813101   2.414646
 -2.228227  -3.813101   2.414646
 -1.238278  -3.813101   2.414646
 -0.248328  -3.813101   2.414646
 -5.693050  -3.318126   2.414646
 -4.703101  -3.318126   2.414646
 -3.713151  -3.318126   2.414646
 -2.723202  -3.318126   2.414646
 -1.733252  -3.318126   2.414646
 -0.743303  -3.318126   2.414646
  0.246647  -3.318126   2.414646
  1.236596  -3.318126   2.414646
  2.226546  -3.318126   2.414646
  3.216495  -3.318126   2.414646
  4.206445  -3.318126   2.414646
 -5.198076  -2.823152   2.414646
 -4.208126  -2.823152   2.414646
 -3.218177  -2.823152   2.414646
 -2.228227  -2.823152   2.414646
 -1.238278  -2.823152   2.414646
 -0.248328  -2.823152   2.414646
  0.741621  -2.823152   2.414646
  1.731571  -2.823152   2.414646
  2.721520  -2.823152   2.414646
  3.711470  -2.823152   2.414646
  4.701419  -2.823152   2.414646
 -5.693050  -2.328177   2.414646
 -4.703101  -2.328177   2.414646
 -3.713151  -2.328177   2.414646
 -2.723202  -2.328177   2.414646
 -1.733252  -2.328177   2.414646
 -0.743303  -2.328177   2.414646
  0.246647  -2.328177   2.414646
  1.236596  -2.328177   2.414646
  2.226546  -2.328177   2.414646
  3.216495  -2.328177   2.414646
  4.206445  -2.328177   2.414646
  5.196394  -2.328177   2.414646
 -5.198076  -1.833202   2.414646
 -4.208126  -1.833202   2.414646
 -3.218177  -1.833202   2.414646
 -2.228227  -1.833202   2.414646
 -1.238278  -1.833202   2.414646
 -0.248328  -1.833202   2.414646
  0.741621  -1.833202   2.414646
  1.731571  -1.833202   2.414646
  2.721520  -1.833202   2.414646
  3.711470  -1.833202   2.414646
  4.701419  -1.833202   2.414646
  5.691369  -1.833202   2.414646
 -5.693050  -1.338227   2.414646
 -4.703101  -1.338227   2.414646
 -3.713151  -1.338227   2.414646
 -2.723202  -1.338227   2.414646
 -1.733252  -1.338227   2.414646
 -0.743303  -1.338227   2.414646
  0.246647  -1.338227   2.414646
  1.236596  -1.338227   2.414646
  2.226546  -1.338227   2.414646
  3.216495  -1.338227   2.414646
  4.206445  -1.338227   2.414646
  5.196394  -1.338227   2.414646
  6.186343  -1.338227   2.414646
 -5.198076  -0.843253   2.414646
 -4.208126  -0.843253   2.414646
 -3.218177  -0.843253   2.414646
 -2.228227  -0.843253   2.414646
 -1.238278  -0.843253   2.414646
 -0.248328  -0.843253   2.414646
  0.741621  -0.843253   2.414646
  1.731571  -0.843253   2.414646
  2.721520  -0.843253   2.414646
  3.711470  -0.843253   2.414646
  4.701419  -0.843253   2.414646
  5.691369  -0.843253   2.414646
 -5.693050  -0.348278   2.414646
 -4.703101  -0.348278   2.414646
 -3.713151  -0.348278   2.414646
 -2.723202  -0.348278   2.414646
 -1.733252  -0.348278   2.414646
 -0.743303  -0.348278   2.414646
  0.246647  -0.348278   2.414646
  1.236596  -0.348278   2.414646
  2.226546  -0.348278   2.414646
  3.216495  -0.348278   2.414646
  4.206445  -0.348278   2.414646
  5.196394  -0.348278   2.414646
  6.186343  -0.348278   2.414646
 -5.198076   0.146697   2.414646
 -4.208126   0.146697   2.414646
 -3.218177   0.146697   2.414646
 -2.228227   0.146697   2.414646
 -1.238278   0.146697   2.414646
 -0.248328   0.146697   2.414646
  0.741621   0.146697   2.414646
  2.721520   0.146697   2.414646
  3.711470   0.146697   2.414646
  4.701419   0.146697   2.414646
  5.691369   0.146697   2.414646
 -4.703101   0.641672   2.414646
 -3.713151   0.641672   2.414646
 -2.723202   0.641672   2.414646
 -1.733252   0.641672   2.414646
 -0.743303   0.641672   2.414646
  0.246647   0.641672   2.414646
  3.216495   0.641672   2.414646
  4.206445   0.641672   2.414646
  5.196394   0.641672   2.414646
  6.186343   0.641672   2.414646
 -4.208126   1.136646   2.414646
 -3.218177   1.136646   2.414646
 -2.228227   1.136646   2.414646
 -1.238278   1.136646   2.414646
 -0.248328   1.136646   2.414646
  0.741621   1.136646   2.414646
  2.721520   1.136646   2.414646
  3.711470   1.136646   2.414646
  4.701419   1.136646   2.414646
  5.691369   1.136646   2.414646
 -3.713151   1.631621   2.414646
 -2.723202   1.631621   2.414646
 -1.733252   1.631621   2.414646
 -0.743303   1.631621   2.414646
  0.246647   1.631621   2.414646
  1.236596   1.631621   2.414646
  2.226546   1.631621   2.414646
  3.216495   1.631621   2.414646
  4.206445   1.631621   2.414646
  5.196394   1.631621   2.414646
 -4.208126   2.126596   2.414646
 -3.218177   2.126596   2.414646
 -2.228227   2.126596   2.414646
 -1.238278   2.126596   2.414646
 -0.248328   2.126596   2.414646
  0.741621   2.126596   2.414646
  1.731571   2.126596   2.414646
  2.721520   2.126596   2.414646
  3.711470   2.126596   2.414646
  4.701419   2.126596   2.414646
 -3.713151   2.621571   2.414646
 -2.723202   2.621571   2.414646
 -1.733252   2.621571   2.414646
 -0.743303   2.621571   2.414646
  0.246647   2.621571   2.414646
  1.236596   2.621571   2.414646
  2.226546   2.621571   2.414646
  3.216495   2.621571   2.414646
  4.206445   2.621571   2.414646
 -2.228227   3.116545   2.414646
 -1.238278   3.116545   2.414646
 -0.248328   3.116545   2.414646
  0.741621   3.116545   2.414646
  1.731571   3.116545   2.414646
  2.721520   3.116545   2.414646
  3.711470   3.116545   2.414646
 -0.743303   3.611520   2.414646
  0.246647   3.611520   2.414646
  1.236596   3.611520   2.414646
  2.226546   3.611520   2.414646
  3.216495   3.611520   2.414646
 -2.723202  -4.803051   2.909621
 -4.208126  -4.308076   2.909621
 -3.218177  -4.308076   2.909621
 -2.228227  -4.308076   2.909621
 -1.238278  -4.308076   2.909621
 -4.703101  -3.813101   2.909621
 -3.713151  -3.813101   2.909621
 -2.723202  -3.813101   2.909621
 -1.733252  -3.813101   2.909621
 -0.743303  -3.813101   2.909621
 -5.198076  -3.318126   2.909621
 -4.208126  -3.318126   2.909621
 -3.218177  -3.318126   2.909621
 -2.228227  -3.318126   2.909621
 -1.238278  -3.318126   2.909621
 -0.248328  -3.318126   2.909621
 -4.703101  -2.823152   2.909621
 -3.713151  -2.823152   2.909621
 -2.723202  -2.823152   2.909621
 -1.733252  -2.823152   2.909621
 -0.743303  -2.823152   2.909621
  0.246647  -2.823152   2.909621
  1.236596  -2.823152   2.909621
  2.226546  -2.823152   2.909621
  3.216495  -2.823152   2.909621
  4.206445  -2.823152   2.909621
 -5.198076  -2.328177   2.909621
 -4.208126  -2.328177   2.909621
 -3.218177  -2.328177   2.909621
 -2.228227  -2.328177   2.909621
 -1.238278  -2.328177   2.909621
 -0.248328  -2.328177   2.909621
  0.741621  -2.328177   2.909621
  1.731571  -2.328177   2.909621
  2.721520  -2.328177   2.909621
  3.711470  -2.328177   2.909621
  4.701419  -2.328177   2.909621
 -5.693050  -1.833202   2.909621
 -4.703101  -1.833202   2.909621
 -3.713151  -1.833202   2.909621
 -2.723202  -1.833202   2.909621
 -1.733252  -1.833202   2.909621
 -0.743303  -1.833202   2.909621
  0.246647  -1.833202   2.909621
  1.236596  -1.833202   2.909621
  2.226546  -1.833202   2.909621
  3.216495  -1.833202   2.909621
  4.206445  -1.833202   2.909621
  5.196394  -1.833202   2.909621
 -5.198076  -1.338227   2.909621
 -4.208126  -1.338227   2.909621
 -3.218177  -1.338227   2.909621
 -2.228227  -1.338227   2.909621
 -1.238278  -1.338227   2.909621
 -0.248328  -1.338227   2.909621
  0.741621  -1.338227   2.909621
  1.731571  -1.338227   2.909621
  2.721520  -1.338227   2.909621
  3.711470  -1.338227   2.909621
  4.701419  -1.338227   2.909621
  5.691369  -1.338227   2.909621
 -4.703101  -0.843253   2.909621
 -3.713151  -0.843253   2.909621
 -2.723202  -0.843253   2.909621
 -1.733252  -0.843253   2.909621
 -0.743303  -0.843253   2.909621
  0.246647  -0.843253   2.909621
  1.236596  -0.843253   2.909621
  2.226546  -0.843253   2.909621
  3.216495  -0.843253   2.909621
  4.206445  -0.843253   2.909621
  5.196394  -0.843253   2.909621
 -5.198076  -0.348278   2.909621
 -4.208126  -0.348278   2.909621
 -3.218177  -0.348278   2.909621
 -2.228227  -0.348278   2.909621
 -1.238278  -0.348278   2.909621
 -0.248328  -0.348278   2.909621
  0.741621  -0.348278   2.909621
  1.731571  -0.348278   2.909621
  2.721520  -0.348278   2.909621
  3.711470  -0.348278   2.909621
  4.701419  -0.348278   2.909621
  5.691369  -0.348278   2.909621
 -4.703101   0.146697   2.909621
 -3.713151   0.146697   2.909621
 -2.723202   0.146697   2.909621
 -1.733252   0.146697   2.909621
 -0.743303   0.146697   2.909621
  0.246647   0.146697   2.909621
  1.236596   0.146697   2.909621
  2.226546   0.146697   2.909621
  3.216495   0.146697   2.909621
  4.206445   0.146697   2.909621
  5.196394   0.146697   2.909621
 -4.208126   0.641672   2.909621
 -3.218177   0.641672   2.909621
 -2.228227   0.641672   2.909621
 -1.238278   0.641672   2.909621
 -0.248328   0.641672   2.909621
  0.741621   0.641672   2.909621
  1.731571   0.641672   2.909621
  2.721520   0.641672   2.909621
  3.711470   0.641672   2.909621
  4.701419   0.641672   2.909621
 -3.713151   1.136646   2.909621
 -2.723202   1.136646   2.909621
 -1.733252   1.136646   2.909621
 -0.743303   1.136646   2.909621
  0.246647   1.136646   2.909621
  1.236596   1.136646   2.909621
  2.226546   1.136646   2.909621
  3.216495   1.136646   2.909621
  4.206445   1.136646   2.909621
  5.196394   1.136646   2.909621
 -3.218177   1.631621   2.909621
 -2.228227   1.631621   2.909621
 -1.238278   1.631621   2.909621
 -0.248328   1.631621   2.909621
  0.741621   1.631621   2.909621
  1.731571   1.631621   2.909621
  2.721520   1.631621   2.909621
  3.711470   1.631621   2.909621
  4.701419   1.631621   2.909621
 -2.723202   2.126596   2.909621
 -1.733252   2.126596   2.909621
 -0.743303   2.126596   2.909621
  0.246647   2.126596   2.909621
  1.236596   2.126596   2.909621
  2.226546   2.126596   2.909621
  3.216495   2.126596   2.909621
  4.206445   2.126596   2.909621
 -2.228227   2.621571   2.909621
 -1.238278   2.621571   2.909621
 -0.248328   2.621571   2.909621
  0.741621   2.621571   2.909621
  1.731571   2.621571   2.909621
  2.721520   2.621571   2.909621
  3.711470   2.621571   2.909621
 -0.743303   3.116545   2.909621
  0.246647   3.116545   2.909621
  1.236596   3.116545   2.909621
  2.226546   3.116545   2.909621
  3.216495   3.116545   2.909621
  0.741621   3.611520   2.909621
  1.731571   3.611520   2.909621
  2.721520   3.611520   2.909621
 -2.723202  -4.308076   3.404596
 -4.208126  -3.813101   3.404596
 -3.218177  -3.813101   3.404596
 -2.228227  -3.813101   3.404596
 -1.238278  -3.813101   3.404596
 -4.703101  -3.318126   3.404596
 -3.713151  -3.318126   3.404596
 -2.723202  -3.318126   3.404596
 -1.733252  -3.318126   3.404596
 -0.743303  -3.318126   3.404596
 -4.208126  -2.823152   3.404596
 -3.218177  -2.823152   3.404596
 -2.228227  -2.823152   3.404596
 -1.238278  -2.823152   3.404596
 -0.248328  -2.823152   3.404596
 -4.703101  -2.328177   3.404596
 -3.713151  -2.328177   3.404596
 -2.723202  -2.328177   3.404596
 -1.733252  -2.328177   3.404596
 -0.743303  -2.328177   3.404596
  1.236596  -2.328177   3.404596
  2.226546  -2.328177   3.404596
  3.216495  -2.328177   3.404596
  4.206445  -2.328177   3.404596
 -5.198076  -1.833202   3.404596
 -4.208126  -1.833202   3.404596
 -3.218177  -1.833202   3.404596
 -2.228227  -1.833202   3.404596
 -1.238278  -1.833202   3.404596
 -0.248328  -1.833202   3.404596
  0.741621  -1.833202   3.404596
  1.731571  -1.833202   3.404596
  2.721520  -1.833202   3.404596
  3.711470  -1.833202   3.404596
  4.701419  -1.833202   3.404596
 -4.703101  -1.338227   3.404596
 -3.713151  -1.338227   3.404596
 -2.723202  -1.338227   3.404596
 -1.733252  -1.338227   3.404596
 -0.743303  -1.338227   3.404596
  0.246647  -1.338227   3.404596
  1.236596  -1.338227   3.404596
  2.226546  -1.338227   3.404596
  3.216495  -1.338227   3.404596
  4.206445  -1.338227   3.404596
 -4.208126  -0.843253   3.404596
 -3.218177  -0.843253   3.404596
 -2.228227  -0.843253   3.404596
 -1.238278  -0.843253   3.404596
 -0.248328  -0.843253   3.404596
  0.741621  -0.843253   3.404596
  1.731571  -0.843253   3.404596
  2.721520  -0.843253   3.404596
  3.711470  -0.843253   3.404596
  4.701419  -0.843253   3.404596
 -4.703101  -0.348278   3.404596
 -3.713151  -0.348278   3.404596
 -2.723202  -0.348278   3.404596
 -1.733252  -0.348278   3.404596
 -0.743303  -0.348278   3.404596
  0.246647  -0.348278   3.404596
  1.236596  -0.348278   3.404596
  2.226546  -0.348278   3.404596
  3.216495  -0.348278   3.404596
  4.206445  -0.348278   3.404596
  5.196394  -0.348278   3.404596
 -4.208126   0.146697   3.404596
 -3.218177   0.146697   3.404596
 -2.228227   0.146697   3.404596
 -1.238278   0.146697   3.404596
 -0.248328   0.146697   3.404596
  0.741621   0.146697   3.404596
  1.731571   0.146697   3.404596
  2.721520   0.146697   3.404596
  3.711470   0.146697   3.404596
  4.701419   0.146697   3.404596
 -3.713151   0.641672   3.404596
 -2.723202   0.641672   3.404596
 -1.733252   0.641672   3.404596
 -0.743303   0.641672   3.404596
  0.246647   0.641672   3.404596
  1.236596   0.641672   3.404596
  2.226546   0.641672   3.404596
  3.216495   0.641672   3.404596
  4.206445   0.641672   3.404596
 -2.228227   1.136646   3.404596
 -1.238278   1.136646   3.404596
 -0.248328   1.136646   3.404596
  0.741621   1.136646   3.404596
  1.731571   1.136646   3.404596
  2.721520   1.136646   3.404596
  3.711470   1.136646   3.404596
  4.701419   1.136646   3.404596
 -1.733252   1.631621   3.404596
 -0.743303   1.631621   3.404596
  0.246647   1.631621   3.404596
  1.236596   1.631621   3.404596
  2.226546   1.631621   3.404596
  3.216495   1.631621   3.404596
  4.206445   1.631621   3.404596
 -0.248328   2.126596   3.404596
  0.741621   2.126596   3.404596
  1.731571   2.126596   3.404596
  2.721520   2.126596   3.404596
  3.711470   2.126596   3.404596
  0.246647   2.621571   3.404596
  1.236596   2.621571   3.404596
  2.226546   2.621571   3.404596
  3.216495   2.621571   3.404596
  0.741621   3.116545   3.404596
  1.731571   3.116545   3.404596
  2.721520   3.116545   3.404596
 -3.218177  -3.318126   3.899571
 -2.228227  -3.318126   3.899571
 -3.713151  -2.823152   3.899571
 -2.723202  -2.823152   3.899571
 -1.733252  -2.823152   3.899571
 -4.208126  -2.328177   3.899571
 -3.218177  -2.328177   3.899571
 -2.228227  -2.328177   3.899571
 -1.238278  -2.328177   3.899571
 -3.713151  -1.833202   3.899571
 -2.723202  -1.833202   3.899571
 -1.733252  -1.833202   3.899571
 -0.743303  -1.833202   3.899571
  1.236596  -1.833202   3.899571
  2.226546  -1.833202   3.899571
  3.216495  -1.833202   3.899571
 -4.208126  -1.338227   3.899571
 -3.218177  -1.338227   3.899571
 -2.228227  -1.338227   3.899571
 -1.238278  -1.338227   3.899571
  0.741621  -1.338227   3.899571
  1.731571  -1.338227   3.899571
  2.721520  -1.338227   3.899571
  3.711470  -1.338227   3.899571
 -3.713151  -0.843253   3.899571
 -2.723202  -0.843253   3.899571
 -1.733252  -0.843253   3.899571
  0.246647  -0.843253   3.899571
  1.236596  -0.843253   3.899571
  2.226546  -0.843253   3.899571
  3.216495  -0.843253   3.899571
 -3.218177  -0.348278   3.899571
 -2.228227  -0.348278   3.899571
 -1.238278  -0.348278   3.899571
 -0.248328  -0.348278   3.899571
  0.741621  -0.348278   3.899571
  1.731571  -0.348278   3.899571
  2.721520  -0.348278   3.899571
  3.711470  -0.348278   3.899571
 -2.723202   0.146697   3.899571
 -0.743303   0.146697   3.899571
  0.246647   0.146697   3.899571
  1.236596   0.146697   3.899571
  2.226546   0.146697   3.899571
  3.216495   0.146697   3.899571
  4.206445   0.146697   3.899571
 -0.248328   0.641672   3.899571
  0.741621   0.641672   3.899571
  1.731571   0.641672   3.899571
  2.721520   0.641672   3.899571
  3.711470   0.641672   3.899571
 -0.743303   1.136646   3.899571
  0.246647   1.136646   3.899571
  1.236596   1.136646   3.899571
  2.226546   1.136646   3.899571
  3.216495   1.136646   3.899571
  4.206445   1.136646   3.899571
 -0.248328   1.631621   3.899571
  0.741621   1.631621   3.899571
  1.731571   1.631621   3.899571
  2.721520   1.631621   3.899571
  3.711470   1.631621   3.899571
  0.246647   2.126596   3.899571
  1.236596   2.126596   3.899571
  2.226546   2.126596   3.899571
  3.216495   2.126596   3.899571
  0.741621   2.621571   3.899571
  1.731571   2.621571   3.899571
  2.721520   2.621571   3.899571
  2.226546   3.116545   3.899571
 -2.228227  -1.833202   4.394545
 -2.723202  -1.338227   4.394545
  1.236596  -1.338227   4.394545
  2.226546  -1.338227   4.394545
  0.741621  -0.843253   4.394545
  1.731571  -0.843253   4.394545
  2.721520  -0.843253   4.394545
  0.246647  -0.348278   4.394545
  1.236596  -0.348278   4.394545
  2.226546  -0.348278   4.394545
  3.216495  -0.348278   4.394545
 -0.248328   0.146697   4.394545
  0.741621   0.146697   4.394545
  1.731571   0.146697   4.394545
  2.721520   0.146697   4.394545
  3.711470   0.146697   4.394545
  0.246647   0.641672   4.394545
  1.236596   0.641672   4.394545
  2.226546   0.641672   4.394545
  3.216495   0.641672   4.394545
  0.741621   1.136646   4.394545
  1.731571   1.136646   4.394545
  2.721520   1.136646   4.394545
  3.711470   1.136646   4.394545
  0.246647   1.631621   4.394545
  1.236596   1.631621   4.394545
  2.226546   1.631621   4.394545
  3.216495   1.631621   4.394545
  0.741621   2.126596   4.394545
  1.731571   2.126596   4.394545
  2.721520   2.126596   4.394545
  1.731571  -0.348278   4.889520
  2.721520  -0.348278   4.889520
  1.236596   0.146697   4.889520
  2.226546   0.146697   4.889520
  0.741621   0.641672   4.889520
  1.731571   0.641672   4.889520
  2.721520   0.641672   4.889520
  1.236596   1.136646   4.889520
  2.226546   1.136646   4.889520
  1.731571   1.631621   4.889520
