  1.542596  -0.980202  -5.118025
  2.532545  -0.980202  -5.118025
  0.057672  -0.485227  -5.118025
  1.047621  -0.485227  -5.118025
  2.037571  -0.485227  -5.118025
  3.027520  -0.485227  -5.118025
 -0.437303   0.009748  -5.118025
  0.552646   0.009748  -5.118025
  1.542596   0.009748  -5.118025
  2.532545   0.009748  -5.118025
 -0.932278   0.504722  -5.118025
  0.057672   0.504722  -5.118025
  1.047621   0.504722  -5.118025
  2.037571   0.504722  -5.118025
  3.027520   0.504722  -5.118025
 -0.437303   0.999697  -5.118025
  0.552646   0.999697  -5.118025
  1.542596   0.999697  -5.118025
  2.532545   0.999697  -5.118025
 -0.932278   1.494672  -5.118025
  0.057672   1.494672  -5.118025
  1.047621   1.494672  -5.118025
  2.037571   1.494672  -5.118025
  3.027520   1.494672  -5.118025
 -0.437303   1.989646  -5.118025
  0.552646   1.989646  -5.118025
  1.542596   1.989646  -5.118025
  2.532545   1.989646  -5.118025
  0.552646  -1.475177  -4.623051
  1.542596  -1.475177  -4.623051
  2.532545  -1.475177  -4.623051
 -0.932278  -0.980202  -4.623051
  0.057672  -0.980202  -4.623051
  1.047621  -0.980202  -4.623051
  2.037571  -0.980202  -4.623051
  3.027520  -0.980202  -4.623051
 -1.427253  -0.485227  -4.623051
 -0.437303  -0.485227  -4.623051
  0.552646  -0.485227  -4.623051
  3.522495  -0.485227  -4.623051
 -1.922227   0.009748  -4.623051
 -0.932278   0.009748  -4.623051
  0.057672   0.009748  -4.623051
  1.047621   0.009748  -4.623051
  3.027520   0.009748  -4.623051
 -1.427253   0.504722  -4.623051
 -0.437303   0.504722  -4.623051
  0.552646   0.504722  -4.623051
  3.522495   0.504722  -4.623051
 -1.922227   0.999697  -4.623051
 -0.932278   0.999697  -4.623051
  0.057672   0.999697  -4.623051
  1.047621   0.999697  -4.623051
  2.037571   0.999697  -4.623051
  3.027520   0.999697  -4.623051
 -1.427253   1.494672  -4.623051
 -0.437303   1.494672  -4.623051
  0.552646   1.494672  -4.623051
  1.542596   1.494672  -4.623051
  2.532545   1.494672  -4.623051
  3.522495   1.494672  -4.623051
 -0.932278   1.989646  -4.623051
  0.057672   1.989646  -4.623051
  1.047621   1.989646  -4.623051
  2.037571   1.989646  -4.623051
  3.027520   1.989646  -4.623051
 -0.437303   2.484621  -4.623051
  0.552646   2.484621  -4.623051
  1.542596   2.484621  -4.623051
  2.532545   2.484621  -4.623051
  0.552646  -1.970151  -4.128076
  1.542596  -1.970151  -4.128076
  2.532545  -1.970151  -4.128076
 -0.932278  -1.475177  -4.128076
  0.057672  -1.475177  -4.128076
  1.047621  -1.475177  -4.128076
  2.037571  -1.475177  -4.128076
  3.027520  -1.475177  -4.128076
 -1.427253  -0.980202  -4.128076
 -0.437303  -0.980202  -4.128076
  0.552646  -0.980202  -4.128076
  3.522495  -0.980202  -4.128076
 -1.922227  -0.485227  -4.128076
 -0.932278  -0.485227  -4.128076
  4.017470  -0.485227  -4.128076
 -2.417202   0.009748  -4.128076
 -1.427253   0.009748  -4.128076
  3.522495   0.009748  -4.128076
 -1.922227   0.504722  -4.128076
  4.017470   0.504722  -4.128076
 -2.417202   0.999697  -4.128076
 -1.427253   0.999697  -4.128076
  3.522495   0.999697  -4.128076
 -1.922227   1.494672  -4.128076
 -0.932278   1.494672  -4.128076
  3.027520   1.494672  -4.128076
  4.017470   1.494672  -4.128076
 -1.427253   1.989646  -4.128076
  0.552646   1.989646  -4.128076
  1.542596   1.989646  -4.128076
  2.532545   1.989646  -4.128076
  3.522495   1.989646  -4.128076
 -0.932278   2.484621  -4.128076
  0.057672   2.484621  -4.128076
  1.047621   2.484621  -4.128076
  2.037571   2.484621  -4.128076
  3.027520   2.484621  -4.128076
 -0.437303   2.979596  -4.128076
  0.552646   2.979596  -4.128076
  1.542596   2.979596  -4.128076
  2.532545   2.979596  -4.128076
  1.542596  -2.465126  -3.633101
  2.532545  -2.465126  -3.633101
 -0.932278  -1.970151  -3.633101
  0.057672  -1.970151  -3.633101
  1.047621  -1.970151  -3.633101
  2.037571  -1.970151  -3.633101
  3.027520  -1.970151  -3.633101
 -1.427253  -1.475177  -3.633101
 -0.437303  -1.475177  -3.633101
  0.552646  -1.475177  -3.633101
  2.532545  -1.475177  -3.633101
  3.522495  -1.475177  -3.633101
 -1.922227  -0.980202  -3.633101
  4.017470  -0.980202  -3.633101
 -2.417202  -0.485227  -3.633101
  3.522495  -0.485227  -3.633101
  4.512444  -0.485227  -3.633101
 -1.922227   0.009748  -3.633101
  4.017470   0.009748  -3.633101
 -2.417202   0.504722  -3.633101
  4.512444   0.504722  -3.633101
 -1.922227   0.999697  -3.633101
  4.017470   0.999697  -3.633101
 -2.417202   1.494672  -3.633101
  3.522495   1.494672  -3.633101
  4.512444   1.494672  -3.633101
 -1.922227   1.989646  -3.633101
  3.027520   1.989646  -3.633101
  4.017470   1.989646  -3.633101
 -1.427253   2.484621  -3.633101
  1.542596   2.484621  -3.633101
  2.532545   2.484621  -3.633101
  3.522495   2.484621  -3.633101
 -0.932278   2.979596  -3.633101
  0.057672   2.979596  -3.633101
  1.047621   2.979596  -3.633101
  2.037571   2.979596  -3.633101
  3.027520   2.979596  -3.633101
 -0.437303   3.474571  -3.633101
  0.552646   3.474571  -3.633101
  1.542596   3.474571  -3.633101
  1.542596  -2.960101  -3.138126
  2.532545  -2.960101  -3.138126
  0.057672  -2.465126  -3.138126
  1.047621  -2.465126  -3.138126
  2.037571  -2.465126  -3.138126
  3.027520  -2.465126  -3.138126
 -1.427253  -1.970151  -3.138126
 -0.437303  -1.970151  -3.138126
  0.552646  -1.970151  -3.138126
  1.542596  -1.970151  -3.138126
  2.532545  -1.970151  -3.138126
  3.522495  -1.970151  -3.138126
 -1.922227  -1.475177  -3.138126
  3.027520  -1.475177  -3.138126
  4.017470  -1.475177  -3.138126
 -2.417202  -0.980202  -3.138126
  3.522495  -0.980202  -3.138126
  4.512444  -0.980202  -3.138126
 -2.912177  -0.485227  -3.138126
 -1.922227  -0.485227  -3.138126
  4.017470  -0.485227  -3.138126
 -2.417202   0.009748  -3.138126
  4.512444   0.009748  -3.138126
 -2.912177   0.504722  -3.138126
  4.017470   0.504722  -3.138126
 -3.407152   0.999697  -3.138126
 -2.417202   0.999697  -3.138126
  4.512444   0.999697  -3.138126
 -2.912177   1.494672  -3.138126
 -1.922227   1.494672  -3.138126
  4.017470   1.494672  -3.138126
 -2.417202   1.989646  -3.138126
  3.522495   1.989646  -3.138126
  4.512444   1.989646  -3.138126
 -1.922227   2.484621  -3.138126
  3.027520   2.484621  -3.138126
  4.017470   2.484621  -3.138126
 -1.427253   2.979596  -3.138126
  1.542596   2.979596  -3.138126
  2.532545   2.979596  -3.138126
  3.522495   2.979596  -3.138126
 -0.932278   3.474571  -3.138126
  0.057672   3.474571  -3.138126
  1.047621   3.474571  -3.138126
  2.037571   3.474571  -3.138126
  1.542596  -3.455076  -2.643152
  1.047621  -2.960101  -2.643152
  2.037571  -2.960101  -2.643152
  3.027520  -2.960101  -2.643152
 -3.407152  -2.465126  -2.643152
 -2.417202  -2.465126  -2.643152
 -0.437303  -2.465126  -2.643152
  0.552646  -2.465126  -2.643152
  2.532545  -2.465126  -2.643152
  3.522495  -2.465126  -2.643152
 -3.902126  -1.970151  -2.643152
 -2.912177  -1.970151  -2.643152
 -1.922227  -1.970151  -2.643152
 -0.932278  -1.970151  -2.643152
  0.057672  -1.970151  -2.643152
  3.027520  -1.970151  -2.643152
  4.017470  -1.970151  -2.643152
 -3.407152  -1.475177  -2.643152
 -2.417202  -1.475177  -2.643152
 -1.427253  -1.475177  -2.643152
  3.522495  -1.475177  -2.643152
  4.512444  -1.475177  -2.643152
 -3.902126  -0.980202  -2.643152
 -2.912177  -0.980202  -2.643152
 -1.922227  -0.980202  -2.643152
  4.017470  -0.980202  -2.643152
 -3.407152  -0.485227  -2.643152
 -2.417202  -0.485227  -2.643152
  4.512444  -0.485227  -2.643152
 -3.902126   0.009748  -2.643152
 -2.912177   0.009748  -2.643152
  4.017470   0.009748  -2.643152
 -3.407152   0.504722  -2.643152
 -2.417202   0.504722  -2.643152
  4.512444   0.504722  -2.643152
 -3.902126   0.999697  -2.643152
 -2.912177   0.999697  -2.643152
  4.017470   0.999697  -2.643152
 -4.397101   1.494672  -2.643152
 -3.407152   1.494672  -2.643152
 -2.417202   1.494672  -2.643152
  4.512444   1.494672  -2.643152
 -3.902126   1.989646  -2.643152
 -2.912177   1.989646  -2.643152
 -1.922227   1.989646  -2.643152
  4.017470   1.989646  -2.643152
 -3.407152   2.484621  -2.643152
 -2.417202   2.484621  -2.643152
  3.522495   2.484621  -2.643152
 -2.912177   2.979596  -2.643152
 -1.922227   2.979596  -2.643152
  1.047621   2.979596  -2.643152
  3.027520   2.979596  -2.643152
 -1.427253   3.474571  -2.643152
 -0.437303   3.474571  -2.643152
  0.552646   3.474571  -2.643152
  1.542596   3.474571  -2.643152
  2.532545   3.474571  -2.643152
  0.057672   3.969545  -2.643152
 -2.912177  -3.455076  -2.148177
  1.047621  -3.455076  -2.148177
  2.037571  -3.455076  -2.148177
  3.027520  -3.455076  -2.148177
 -4.397101  -2.960101  -2.148177
 -3.407152  -2.960101  -2.148177
 -2.417202  -2.960101  -2.148177
 -1.427253  -2.960101  -2.148177
  0.552646  -2.960101  -2.148177
  2.532545  -2.960101  -2.148177
  3.522495  -2.960101  -2.148177
 -3.902126  -2.465126  -2.148177
 -2.912177  -2.465126  -2.148177
 -1.922227  -2.465126  -2.148177
 -0.932278  -2.465126  -2.148177
  0.057672  -2.465126  -2.148177
  3.027520  -2.465126  -2.148177
  4.017470  -2.465126  -2.148177
 -4.397101  -1.970151  -2.148177
 -3.407152  -1.970151  -2.148177
 -2.417202  -1.970151  -2.148177
 -1.427253  -1.970151  -2.148177
 -0.437303  -1.970151  -2.148177
  3.522495  -1.970151  -2.148177
  4.512444  -1.970151  -2.148177
 -4.892076  -1.475177  -2.148177
 -3.902126  -1.475177  -2.148177
 -2.912177  -1.475177  -2.148177
 -1.922227  -1.475177  -2.148177
  4.017470  -1.475177  -2.148177
  5.007419  -1.475177  -2.148177
 -4.397101  -0.980202  -2.148177
 -3.407152  -0.980202  -2.148177
 -2.417202  -0.980202  -2.148177
  4.512444  -0.980202  -2.148177
 -4.892076  -0.485227  -2.148177
 -3.902126  -0.485227  -2.148177
 -2.912177  -0.485227  -2.148177
  5.007419  -0.485227  -2.148177
 -4.397101   0.009748  -2.148177
 -3.407152   0.009748  -2.148177
  4.512444   0.009748  -2.148177
 -3.902126   0.504722  -2.148177
  5.007419   0.504722  -2.148177
 -4.397101   0.999697  -2.148177
  4.512444   0.999697  -2.148177
 -3.902126   1.494672  -2.148177
  4.017470   1.494672  -2.148177
 -4.397101   1.989646  -2.148177
 -3.407152   1.989646  -2.148177
  4.512444   1.989646  -2.148177
 -3.902126   2.484621  -2.148177
 -2.912177   2.484621  -2.148177
 -1.922227   2.484621  -2.148177
  4.017470   2.484621  -2.148177
 -3.407152   2.979596  -2.148177
 -2.417202   2.979596  -2.148177
 -1.427253   2.979596  -2.148177
  1.542596   2.979596  -2.148177
  3.522495   2.979596  -2.148177
 -2.912177   3.474571  -2.148177
 -1.922227   3.474571  -2.148177
 -0.932278   3.474571  -2.148177
  0.057672   3.474571  -2.148177
  1.047621   3.474571  -2.148177
  2.037571   3.474571  -2.148177
  3.027520   3.474571  -2.148177
 -0.437303   3.969545  -2.148177
  0.552646   3.969545  -2.148177
 -2.912177  -3.950050  -1.653202
 -4.397101  -3.455076  -1.653202
 -3.407152  -3.455076  -1.653202
 -2.417202  -3.455076  -1.653202
 -1.427253  -3.455076  -1.653202
  0.552646  -3.455076  -1.653202
  1.542596  -3.455076  -1.653202
  2.532545  -3.455076  -1.653202
 -4.892076  -2.960101  -1.653202
 -3.902126  -2.960101  -1.653202
 -2.912177  -2.960101  -1.653202
 -1.922227  -2.960101  -1.653202
 -0.932278  -2.960101  -1.653202
  0.057672  -2.960101  -1.653202
  3.027520  -2.960101  -1.653202
  4.017470  -2.960101  -1.653202
 -4.397101  -2.465126  -1.653202
 -3.407152  -2.465126  -1.653202
 -2.417202  -2.465126  -1.653202
 -1.427253  -2.465126  -1.653202
 -0.437303  -2.465126  -1.653202
  3.522495  -2.465126  -1.653202
  4.512444  -2.465126  -1.653202
 -4.892076  -1.970151  -1.653202
 -3.902126  -1.970151  -1.653202
  0.057672  -1.970151  -1.653202
  4.017470  -1.970151  -1.653202
 -5.387051  -1.475177  -1.653202
  4.512444  -1.475177  -1.653202
 -4.892076  -0.980202  -1.653202
  5.007419  -0.980202  -1.653202
 -5.387051  -0.485227  -1.653202
 -4.397101  -0.485227  -1.653202
  4.512444  -0.485227  -1.653202
 -4.892076   0.009748  -1.653202
 -3.902126   0.009748  -1.653202
  5.007419   0.009748  -1.653202
 -4.397101   0.504722  -1.653202
  4.512444   0.504722  -1.653202
 -4.892076   0.999697  -1.653202
  4.017470   0.999697  -1.653202
 -4.397101   1.494672  -1.653202
  4.512444   1.494672  -1.653202
 -4.892076   1.989646  -1.653202
 -3.902126   1.989646  -1.653202
  4.017470   1.989646  -1.653202
 -4.397101   2.484621  -1.653202
 -3.407152   2.484621  -1.653202
  3.522495   2.484621  -1.653202
 -3.902126   2.979596  -1.653202
 -2.912177   2.979596  -1.653202
 -1.922227   2.979596  -1.653202
 -0.932278   2.979596  -1.653202
  1.047621   2.979596  -1.653202
  3.027520   2.979596  -1.653202
 -3.407152   3.474571  -1.653202
 -2.417202   3.474571  -1.653202
 -1.427253   3.474571  -1.653202
 -0.437303   3.474571  -1.653202
  0.552646   3.474571  -1.653202
  1.542596   3.474571  -1.653202
  2.532545   3.474571  -1.653202
  0.057672   3.969545  -1.653202
 -4.397101  -3.950050  -1.158227
 -3.407152  -3.950050  -1.158227
 -2.417202  -3.950050  -1.158227
 -1.427253  -3.950050  -1.158227
 -4.892076  -3.455076  -1.158227
 -3.902126  -3.455076  -1.158227
 -2.912177  -3.455076  -1.158227
 -1.922227  -3.455076  -1.158227
 -0.932278  -3.455076  -1.158227
  1.047621  -3.455076  -1.158227
  2.037571  -3.455076  -1.158227
  3.027520  -3.455076  -1.158227
 -5.387051  -2.960101  -1.158227
 -4.397101  -2.960101  -1.158227
 -1.427253  -2.960101  -1.158227
 -0.437303  -2.960101  -1.158227
  0.552646  -2.960101  -1.158227
  3.522495  -2.960101  -1.158227
 -4.892076  -2.465126  -1.158227
  0.057672  -2.465126  -1.158227
  4.017470  -2.465126  -1.158227
 -5.387051  -1.970151  -1.158227
  4.512444  -1.970151  -1.158227
 -5.882025  -1.475177  -1.158227
  5.007419  -1.475177  -1.158227
 -5.387051  -0.980202  -1.158227
  4.512444  -0.980202  -1.158227
  5.007419  -0.485227  -1.158227
 -5.387051   0.009748  -1.158227
 -4.892076   0.504722  -1.158227
  5.007419   0.504722  -1.158227
 -4.397101   0.999697  -1.158227
  4.512444   0.999697  -1.158227
 -4.892076   1.494672  -1.158227
  4.017470   1.494672  -1.158227
 -4.397101   1.989646  -1.158227
  3.522495   1.989646  -1.158227
  4.512444   1.989646  -1.158227
 -4.892076   2.484621  -1.158227
 -3.902126   2.484621  -1.158227
  4.017470   2.484621  -1.158227
 -4.397101   2.979596  -1.158227
 -3.407152   2.979596  -1.158227
 -1.427253   2.979596  -1.158227
  1.542596   2.979596  -1.158227
  2.532545   2.979596  -1.158227
  3.522495   2.979596  -1.158227
 -3.902126   3.474571  -1.158227
 -2.912177   3.474571  -1.158227
 -1.922227   3.474571  -1.158227
 -0.932278   3.474571  -1.158227
  0.057672   3.474571  -1.158227
  1.047621   3.474571  -1.158227
  2.037571   3.474571  -1.158227
  3.027520   3.474571  -1.158227
 -2.417202   3.969545  -1.158227
 -0.437303   3.969545  -1.158227
  0.552646   3.969545  -1.158227
 -3.407152  -4.445025  -0.663253
 -2.417202  -4.445025  -0.663253
 -4.892076  -3.950050  -0.663253
 -3.902126  -3.950050  -0.663253
 -2.912177  -3.950050  -0.663253
 -1.922227  -3.950050  -0.663253
 -5.387051  -3.455076  -0.663253
 -4.397101  -3.455076  -0.663253
 -1.427253  -3.455076  -0.663253
 -0.437303  -3.455076  -0.663253
  0.552646  -3.455076  -0.663253
  1.542596  -3.455076  -0.663253
  2.532545  -3.455076  -0.663253
  3.522495  -3.455076  -0.663253
 -4.892076  -2.960101  -0.663253
 -0.932278  -2.960101  -0.663253
  0.057672  -2.960101  -0.663253
  1.047621  -2.960101  -0.663253
  3.027520  -2.960101  -0.663253
  4.017470  -2.960101  -0.663253
 -5.387051  -2.465126  -0.663253
  0.552646  -2.465126  -0.663253
  3.522495  -2.465126  -0.663253
  4.512444  -2.465126  -0.663253
 -5.882025  -1.970151  -0.663253
  4.017470  -1.970151  -0.663253
 -5.387051  -1.475177  -0.663253
  4.512444  -1.475177  -0.663253
 -5.882025  -0.980202  -0.663253
  5.007419  -0.980202  -0.663253
 -5.387051  -0.485227  -0.663253
 -4.892076   0.009748  -0.663253
  5.007419   0.009748  -0.663253
 -5.387051   0.504722  -0.663253
  4.512444   0.504722  -0.663253
 -4.892076   0.999697  -0.663253
  4.017470   0.999697  -0.663253
 -5.387051   1.494672  -0.663253
  3.522495   1.494672  -0.663253
  4.512444   1.494672  -0.663253
 -4.892076   1.989646  -0.663253
  3.027520   1.989646  -0.663253
  4.017470   1.989646  -0.663253
 -4.397101   2.484621  -0.663253
  2.532545   2.484621  -0.663253
  3.522495   2.484621  -0.663253
 -3.902126   2.979596  -0.663253
  2.037571   2.979596  -0.663253
  3.027520   2.979596  -0.663253
 -3.407152   3.474571  -0.663253
 -2.417202   3.474571  -0.663253
 -1.427253   3.474571  -0.663253
 -0.437303   3.474571  -0.663253
  0.552646   3.474571  -0.663253
  1.542596   3.474571  -0.663253
 -2.912177   3.969545  -0.663253
 -1.922227   3.969545  -0.663253
 -0.932278   3.969545  -0.663253
  0.057672   3.969545  -0.663253
 -3.902126  -4.445025  -0.168278
 -2.912177  -4.445025  -0.168278
 -1.922227  -4.445025  -0.168278
 -4.397101  -3.950050  -0.168278
 -2.417202  -3.950050  -0.168278
 -1.427253  -3.950050  -0.168278
 -4.892076  -3.455076  -0.168278
 -0.932278  -3.455076  -0.168278
  0.057672  -3.455076  -0.168278
  1.047621  -3.455076  -0.168278
  2.037571  -3.455076  -0.168278
  3.027520  -3.455076  -0.168278
 -5.387051  -2.960101  -0.168278
  0.552646  -2.960101  -0.168278
  1.542596  -2.960101  -0.168278
  2.532545  -2.960101  -0.168278
  3.522495  -2.960101  -0.168278
 -5.882025  -2.465126  -0.168278
  3.027520  -2.465126  -0.168278
  4.017470  -2.465126  -0.168278
 -5.387051  -1.970151  -0.168278
  4.512444  -1.970151  -0.168278
 -5.882025  -1.475177  -0.168278
  5.007419  -1.475177  -0.168278
  4.512444  -0.980202  -0.168278
 -5.882025  -0.485227  -0.168278
  5.007419  -0.485227  -0.168278
 -5.387051   0.009748  -0.168278
 -4.892076   0.504722  -0.168278
  5.007419   0.504722  -0.168278
 -5.387051   0.999697  -0.168278
  4.512444   0.999697  -0.168278
 -4.892076   1.494672  -0.168278
  3.027520   1.494672  -0.168278
  4.017470   1.494672  -0.168278
 -4.397101   1.989646  -0.168278
  2.532545   1.989646  -0.168278
  3.522495   1.989646  -0.168278
 -4.892076   2.484621  -0.168278
  2.037571   2.484621  -0.168278
  3.027520   2.484621  -0.168278
 -4.397101   2.979596  -0.168278
 -3.407152   2.979596  -0.168278
 -1.427253   2.979596  -0.168278
  1.542596   2.979596  -0.168278
  2.532545   2.979596  -0.168278
 -3.902126   3.474571  -0.168278
 -2.912177   3.474571  -0.168278
 -1.922227   3.474571  -0.168278
 -0.932278   3.474571  -0.168278
  0.057672   3.474571  -0.168278
  1.047621   3.474571  -0.168278
 -2.417202   3.969545  -0.168278
 -0.437303   3.969545  -0.168278
  0.552646   3.969545  -0.168278
 -4.397101  -4.445025   0.326697
 -3.407152  -4.445025   0.326697
 -2.417202  -4.445025   0.326697
 -1.427253  -4.445025   0.326697
 -4.892076  -3.950050   0.326697
 -3.902126  -3.950050   0.326697
 -1.922227  -3.950050   0.326697
 -0.932278  -3.950050   0.326697
 -5.387051  -3.455076   0.326697
 -4.397101  -3.455076   0.326697
 -1.427253  -3.455076   0.326697
 -0.437303  -3.455076   0.326697
  1.542596  -3.455076   0.326697
  2.532545  -3.455076   0.326697
  3.522495  -3.455076   0.326697
 -5.882025  -2.960101   0.326697
 -4.892076  -2.960101   0.326697
  0.057672  -2.960101   0.326697
  1.047621  -2.960101   0.326697
  2.037571  -2.960101   0.326697
  4.017470  -2.960101   0.326697
 -5.387051  -2.465126   0.326697
  0.552646  -2.465126   0.326697
  4.512444  -2.465126   0.326697
 -5.882025  -1.970151   0.326697
  4.017470  -1.970151   0.326697
  5.007419  -1.970151   0.326697
 -5.387051  -1.475177   0.326697
  4.512444  -1.475177   0.326697
 -5.882025  -0.980202   0.326697
  5.007419  -0.980202   0.326697
 -5.387051  -0.485227   0.326697
  4.512444  -0.485227   0.326697
  5.502394  -0.485227   0.326697
 -5.882025   0.009748   0.326697
 -4.892076   0.009748   0.326697
  5.007419   0.009748   0.326697
 -5.387051   0.504722   0.326697
 -4.397101   0.504722   0.326697
  4.512444   0.504722   0.326697
 -4.892076   0.999697   0.326697
  4.017470   0.999697   0.326697
  5.007419   0.999697   0.326697
 -4.397101   1.494672   0.326697
  3.522495   1.494672   0.326697
  4.512444   1.494672   0.326697
 -4.892076   1.989646   0.326697
  2.037571   1.989646   0.326697
  3.027520   1.989646   0.326697
 -4.397101   2.484621   0.326697
  1.542596   2.484621   0.326697
  2.532545   2.484621   0.326697
 -3.902126   2.979596   0.326697
  1.047621   2.979596   0.326697
  2.037571   2.979596   0.326697
 -3.407152   3.474571   0.326697
 -2.417202   3.474571   0.326697
 -1.427253   3.474571   0.326697
 -0.437303   3.474571   0.326697
  0.552646   3.474571   0.326697
  1.542596   3.474571   0.326697
 -2.912177   3.969545   0.326697
 -1.922227   3.969545   0.326697
  0.057672   3.969545   0.326697
 -3.902126  -4.445025   0.821672
 -2.912177  -4.445025   0.821672
 -1.922227  -4.445025   0.821672
 -4.397101  -3.950050   0.821672
 -1.427253  -3.950050   0.821672
  2.532545  -3.950050   0.821672
 -4.892076  -3.455076   0.821672
 -0.932278  -3.455076   0.821672
  0.057672  -3.455076   0.821672
  1.047621  -3.455076   0.821672
  2.037571  -3.455076   0.821672
  3.027520  -3.455076   0.821672
  4.017470  -3.455076   0.821672
 -5.387051  -2.960101   0.821672
  0.552646  -2.960101   0.821672
  1.542596  -2.960101   0.821672
  4.512444  -2.960101   0.821672
 -5.882025  -2.465126   0.821672
  1.047621  -2.465126   0.821672
  5.007419  -2.465126   0.821672
 -5.387051  -1.970151   0.821672
  4.512444  -1.970151   0.821672
  5.502394  -1.970151   0.821672
 -5.882025  -1.475177   0.821672
  5.007419  -1.475177   0.821672
 -5.387051  -0.980202   0.821672
  5.502394  -0.980202   0.821672
 -5.882025  -0.485227   0.821672
  5.007419  -0.485227   0.821672
 -5.387051   0.009748   0.821672
  5.502394   0.009748   0.821672
 -4.892076   0.504722   0.821672
  5.007419   0.504722   0.821672
 -4.397101   0.999697   0.821672
  4.512444   0.999697   0.821672
 -4.892076   1.494672   0.821672
  3.027520   1.494672   0.821672
  4.017470   1.494672   0.821672
 -4.397101   1.989646   0.821672
  2.532545   1.989646   0.821672
  3.522495   1.989646   0.821672
 -3.902126   2.484621   0.821672
  2.037571   2.484621   0.821672
  3.027520   2.484621   0.821672
 -4.397101   2.979596   0.821672
 -3.407152   2.979596   0.821672
 -2.417202   2.979596   0.821672
 -1.427253   2.979596   0.821672
  1.542596   2.979596   0.821672
  2.532545   2.979596   0.821672
 -2.912177   3.474571   0.821672
 -1.922227   3.474571   0.821672
 -0.932278   3.474571   0.821672
  0.057672   3.474571   0.821672
  1.047621   3.474571   0.821672
 -4.397101  -4.445025   1.316646
 -3.407152  -4.445025   1.316646
 -2.417202  -4.445025   1.316646
 -4.892076  -3.950050   1.316646
 -3.902126  -3.950050   1.316646
 -1.922227  -3.950050   1.316646
 -0.932278  -3.950050   1.316646
  2.037571  -3.950050   1.316646
  3.027520  -3.950050   1.316646
 -5.387051  -3.455076   1.316646
 -4.397101  -3.455076   1.316646
 -1.427253  -3.455076   1.316646
 -0.437303  -3.455076   1.316646
  0.552646  -3.455076   1.316646
  1.542596  -3.455076   1.316646
  2.532545  -3.455076   1.316646
  3.522495  -3.455076   1.316646
  4.512444  -3.455076   1.316646
 -5.882025  -2.960101   1.316646
 -4.892076  -2.960101   1.316646
 -0.932278  -2.960101   1.316646
  0.057672  -2.960101   1.316646
  1.047621  -2.960101   1.316646
  4.017470  -2.960101   1.316646
  5.007419  -2.960101   1.316646
 -5.387051  -2.465126   1.316646
  0.552646  -2.465126   1.316646
  4.512444  -2.465126   1.316646
 -5.882025  -1.970151   1.316646
  5.007419  -1.970151   1.316646
 -5.387051  -1.475177   1.316646
  5.502394  -1.475177   1.316646
 -5.882025  -0.980202   1.316646
  5.007419  -0.980202   1.316646
 -5.387051  -0.485227   1.316646
  5.502394  -0.485227   1.316646
 -5.882025   0.009748   1.316646
 -4.892076   0.009748   1.316646
 -5.387051   0.504722   1.316646
 -4.397101   0.504722   1.316646
  5.502394   0.504722   1.316646
 -4.892076   0.999697   1.316646
 -3.902126   0.999697   1.316646
  5.007419   0.999697   1.316646
 -4.397101   1.494672   1.316646
  3.522495   1.494672   1.316646
  4.512444   1.494672   1.316646
 -3.902126   1.989646   1.316646
  3.027520   1.989646   1.316646
  4.017470   1.989646   1.316646
 -4.397101   2.484621   1.316646
 -3.407152   2.484621   1.316646
 -2.417202   2.484621   1.316646
 -1.427253   2.484621   1.316646
 -0.437303   2.484621   1.316646
  0.552646   2.484621   1.316646
  1.542596   2.484621   1.316646
  2.532545   2.484621   1.316646
 -3.902126   2.979596   1.316646
 -2.912177   2.979596   1.316646
 -1.922227   2.979596   1.316646
 -0.932278   2.979596   1.316646
  0.057672   2.979596   1.316646
  1.047621   2.979596   1.316646
  2.037571   2.979596   1.316646
 -2.417202   3.474571   1.316646
 -0.437303   3.474571   1.316646
  0.552646   3.474571   1.316646
 -3.902126  -4.445025   1.811621
 -2.912177  -4.445025   1.811621
 -4.397101  -3.950050   1.811621
 -3.407152  -3.950050   1.811621
 -2.417202  -3.950050   1.811621
 -1.427253  -3.950050   1.811621
  1.542596  -3.950050   1.811621
  2.532545  -3.950050   1.811621
  3.522495  -3.950050   1.811621
 -4.892076  -3.455076   1.811621
 -3.902126  -3.455076   1.811621
 -1.922227  -3.455076   1.811621
 -0.932278  -3.455076   1.811621
  1.047621  -3.455076   1.811621
  2.037571  -3.455076   1.811621
  3.027520  -3.455076   1.811621
  4.017470  -3.455076   1.811621
 -5.387051  -2.960101   1.811621
 -4.397101  -2.960101   1.811621
 -1.427253  -2.960101   1.811621
 -0.437303  -2.960101   1.811621
  0.552646  -2.960101   1.811621
  1.542596  -2.960101   1.811621
  4.512444  -2.960101   1.811621
 -5.882025  -2.465126   1.811621
 -4.892076  -2.465126   1.811621
 -0.932278  -2.465126   1.811621
  0.057672  -2.465126   1.811621
  5.007419  -2.465126   1.811621
 -5.387051  -1.970151   1.811621
  5.502394  -1.970151   1.811621
 -5.882025  -1.475177   1.811621
  5.007419  -1.475177   1.811621
 -5.387051  -0.980202   1.811621
  5.502394  -0.980202   1.811621
 -5.882025  -0.485227   1.811621
 -4.892076  -0.485227   1.811621
 -5.387051   0.009748   1.811621
  5.502394   0.009748   1.811621
 -4.892076   0.504722   1.811621
 -3.902126   0.504722   1.811621
  5.007419   0.504722   1.811621
 -4.397101   0.999697   1.811621
 -3.407152   0.999697   1.811621
 -3.902126   1.494672   1.811621
 -2.912177   1.494672   1.811621
 -1.922227   1.494672   1.811621
  4.017470   1.494672   1.811621
  5.007419   1.494672   1.811621
 -3.407152   1.989646   1.811621
 -2.417202   1.989646   1.811621
 -1.427253   1.989646   1.811621
  2.532545   1.989646   1.811621
  3.522495   1.989646   1.811621
 -3.902126   2.484621   1.811621
 -2.912177   2.484621   1.811621
 -1.922227   2.484621   1.811621
 -0.932278   2.484621   1.811621
  2.037571   2.484621   1.811621
  3.027520   2.484621   1.811621
 -2.417202   2.979596   1.811621
 -1.427253   2.979596   1.811621
 -0.437303   2.979596   1.811621
  0.552646   2.979596   1.811621
  1.542596   2.979596   1.811621
  2.532545   2.979596   1.811621
 -3.902126  -3.950050   2.306596
 -2.912177  -3.950050   2.306596
 -1.922227  -3.950050   2.306596
  2.037571  -3.950050   2.306596
  3.027520  -3.950050   2.306596
 -4.397101  -3.455076   2.306596
 -3.407152  -3.455076   2.306596
 -2.417202  -3.455076   2.306596
 -1.427253  -3.455076   2.306596
  0.552646  -3.455076   2.306596
  1.542596  -3.455076   2.306596
  2.532545  -3.455076   2.306596
  3.522495  -3.455076   2.306596
  4.512444  -3.455076   2.306596
 -4.892076  -2.960101   2.306596
 -3.902126  -2.960101   2.306596
 -1.922227  -2.960101   2.306596
 -0.932278  -2.960101   2.306596
  0.057672  -2.960101   2.306596
  1.047621  -2.960101   2.306596
  4.017470  -2.960101   2.306596
  5.007419  -2.960101   2.306596
 -5.387051  -2.465126   2.306596
 -4.397101  -2.465126   2.306596
 -1.427253  -2.465126   2.306596
 -0.437303  -2.465126   2.306596
  0.552646  -2.465126   2.306596
  4.512444  -2.465126   2.306596
 -4.892076  -1.970151   2.306596
 -0.932278  -1.970151   2.306596
  0.057672  -1.970151   2.306596
  5.007419  -1.970151   2.306596
 -5.387051  -1.475177   2.306596
 -0.437303  -1.475177   2.306596
  5.502394  -1.475177   2.306596
 -4.892076  -0.980202   2.306596
  5.007419  -0.980202   2.306596
 -5.387051  -0.485227   2.306596
 -1.427253  -0.485227   2.306596
  5.502394  -0.485227   2.306596
 -4.892076   0.009748   2.306596
 -1.922227   0.009748   2.306596
  5.007419   0.009748   2.306596
 -4.397101   0.504722   2.306596
 -3.407152   0.504722   2.306596
 -2.417202   0.504722   2.306596
  5.502394   0.504722   2.306596
 -3.902126   0.999697   2.306596
 -2.912177   0.999697   2.306596
 -1.922227   0.999697   2.306596
  5.007419   0.999697   2.306596
 -3.407152   1.494672   2.306596
 -2.417202   1.494672   2.306596
 -1.427253   1.494672   2.306596
  3.522495   1.494672   2.306596
  4.512444   1.494672   2.306596
 -2.912177   1.989646   2.306596
 -1.922227   1.989646   2.306596
  2.037571   1.989646   2.306596
  3.027520   1.989646   2.306596
  4.017470   1.989646   2.306596
 -1.427253   2.484621   2.306596
 -0.437303   2.484621   2.306596
  1.542596   2.484621   2.306596
  2.532545   2.484621   2.306596
 -0.932278   2.979596   2.306596
  0.057672   2.979596   2.306596
  1.047621   2.979596   2.306596
  2.037571   2.979596   2.306596
  0.552646   3.474571   2.306596
 -3.407152  -3.950050   2.801571
  2.532545  -3.950050   2.801571
 -3.902126  -3.455076   2.801571
 -2.912177  -3.455076   2.801571
 -1.922227  -3.455076   2.801571
  1.047621  -3.455076   2.801571
  2.037571  -3.455076   2.801571
  3.027520  -3.455076   2.801571
  4.017470  -3.455076   2.801571
 -4.397101  -2.960101   2.801571
 -3.407152  -2.960101   2.801571
 -2.417202  -2.960101   2.801571
 -1.427253  -2.960101   2.801571
  0.552646  -2.960101   2.801571
  1.542596  -2.960101   2.801571
  2.532545  -2.960101   2.801571
  3.522495  -2.960101   2.801571
  4.512444  -2.960101   2.801571
 -4.892076  -2.465126   2.801571
 -3.902126  -2.465126   2.801571
 -2.912177  -2.465126   2.801571
 -1.922227  -2.465126   2.801571
 -0.932278  -2.465126   2.801571
  0.057672  -2.465126   2.801571
  1.047621  -2.465126   2.801571
  4.017470  -2.465126   2.801571
  5.007419  -2.465126   2.801571
 -5.387051  -1.970151   2.801571
 -4.397101  -1.970151   2.801571
 -2.417202  -1.970151   2.801571
 -1.427253  -1.970151   2.801571
 -0.437303  -1.970151   2.801571
  0.552646  -1.970151   2.801571
  4.512444  -1.970151   2.801571
  5.502394  -1.970151   2.801571
 -4.892076  -1.475177   2.801571
 -1.922227  -1.475177   2.801571
 -0.932278  -1.475177   2.801571
  5.007419  -1.475177   2.801571
 -5.387051  -0.980202   2.801571
 -4.397101  -0.980202   2.801571
 -1.427253  -0.980202   2.801571
  5.502394  -0.980202   2.801571
 -4.892076  -0.485227   2.801571
 -1.922227  -0.485227   2.801571
  5.007419  -0.485227   2.801571
 -4.397101   0.009748   2.801571
 -3.407152   0.009748   2.801571
 -2.417202   0.009748   2.801571
  5.502394   0.009748   2.801571
 -3.902126   0.504722   2.801571
 -2.912177   0.504722   2.801571
 -1.922227   0.504722   2.801571
  5.007419   0.504722   2.801571
 -3.407152   0.999697   2.801571
 -2.417202   0.999697   2.801571
  4.512444   0.999697   2.801571
 -1.922227   1.494672   2.801571
  3.027520   1.494672   2.801571
  4.017470   1.494672   2.801571
 -1.427253   1.989646   2.801571
  2.532545   1.989646   2.801571
  3.522495   1.989646   2.801571
 -0.932278   2.484621   2.801571
  0.057672   2.484621   2.801571
  1.047621   2.484621   2.801571
  2.037571   2.484621   2.801571
 -0.437303   2.979596   2.801571
  0.552646   2.979596   2.801571
  1.542596   2.979596   2.801571
  1.542596  -3.455076   3.296545
  2.532545  -3.455076   3.296545
  3.522495  -3.455076   3.296545
 -3.902126  -2.960101   3.296545
 -2.912177  -2.960101   3.296545
 -1.922227  -2.960101   3.296545
  1.047621  -2.960101   3.296545
  2.037571  -2.960101   3.296545
  3.027520  -2.960101   3.296545
  4.017470  -2.960101   3.296545
 -4.397101  -2.465126   3.296545
 -3.407152  -2.465126   3.296545
 -2.417202  -2.465126   3.296545
 -1.427253  -2.465126   3.296545
  0.552646  -2.465126   3.296545
  1.542596  -2.465126   3.296545
  3.522495  -2.465126   3.296545
  4.512444  -2.465126   3.296545
 -3.902126  -1.970151   3.296545
 -2.912177  -1.970151   3.296545
 -1.922227  -1.970151   3.296545
  0.057672  -1.970151   3.296545
  1.047621  -1.970151   3.296545
  4.017470  -1.970151   3.296545
  5.007419  -1.970151   3.296545
 -4.397101  -1.475177   3.296545
 -3.407152  -1.475177   3.296545
 -2.417202  -1.475177   3.296545
 -1.427253  -1.475177   3.296545
 -0.437303  -1.475177   3.296545
  0.552646  -1.475177   3.296545
  4.512444  -1.475177   3.296545
 -4.892076  -0.980202   3.296545
 -3.902126  -0.980202   3.296545
 -2.912177  -0.980202   3.296545
 -1.922227  -0.980202   3.296545
 -0.932278  -0.980202   3.296545
  5.007419  -0.980202   3.296545
 -4.397101  -0.485227   3.296545
 -3.407152  -0.485227   3.296545
 -2.417202  -0.485227   3.296545
 -1.427253  -0.485227   3.296545
  4.512444  -0.485227   3.296545
  5.502394  -0.485227   3.296545
 -3.902126   0.009748   3.296545
 -2.912177   0.009748   3.296545
 -1.922227   0.009748   3.296545
  5.007419   0.009748   3.296545
 -3.407152   0.504722   3.296545
 -1.427253   0.504722   3.296545
  4.512444   0.504722   3.296545
 -1.922227   0.999697   3.296545
  4.017470   0.999697   3.296545
  5.007419   0.999697   3.296545
 -1.427253   1.494672   3.296545
  2.532545   1.494672   3.296545
  3.522495   1.494672   3.296545
  4.512444   1.494672   3.296545
 -0.932278   1.989646   3.296545
  2.037571   1.989646   3.296545
  3.027520   1.989646   3.296545
 -0.437303   2.484621   3.296545
  0.552646   2.484621   3.296545
  1.542596   2.484621   3.296545
  0.057672   2.979596   3.296545
  1.047621   2.979596   3.296545
  2.037571  -3.455076   3.791520
  3.027520  -3.455076   3.791520
  1.542596  -2.960101   3.791520
  2.532545  -2.960101   3.791520
  3.522495  -2.960101   3.791520
  1.047621  -2.465126   3.791520
  2.037571  -2.465126   3.791520
  3.027520  -2.465126   3.791520
  4.017470  -2.465126   3.791520
 -3.407152  -1.970151   3.791520
 -2.417202  -1.970151   3.791520
  0.552646  -1.970151   3.791520
  1.542596  -1.970151   3.791520
  3.522495  -1.970151   3.791520
  4.512444  -1.970151   3.791520
 -3.902126  -1.475177   3.791520
 -2.912177  -1.475177   3.791520
 -0.932278  -1.475177   3.791520
  0.057672  -1.475177   3.791520
  1.047621  -1.475177   3.791520
  4.017470  -1.475177   3.791520
  5.007419  -1.475177   3.791520
 -3.407152  -0.980202   3.791520
 -2.417202  -0.980202   3.791520
 -1.427253  -0.980202   3.791520
 -0.437303  -0.980202   3.791520
  0.552646  -0.980202   3.791520
  4.512444  -0.980202   3.791520
 -2.912177  -0.485227   3.791520
 -0.932278  -0.485227   3.791520
  4.017470  -0.485227   3.791520
  5.007419  -0.485227   3.791520
 -1.427253   0.009748   3.791520
  4.512444   0.009748   3.791520
 -1.922227   0.504722   3.791520
 -0.932278   0.504722   3.791520
  2.037571   0.504722   3.791520
  3.027520   0.504722   3.791520
  4.017470   0.504722   3.791520
 -1.427253   0.999697   3.791520
  2.532545   0.999697   3.791520
  3.522495   0.999697   3.791520
  4.512444   0.999697   3.791520
 -0.932278   1.494672   3.791520
  2.037571   1.494672   3.791520
  3.027520   1.494672   3.791520
  4.017470   1.494672   3.791520
 -1.427253   1.989646   3.791520
 -0.437303   1.989646   3.791520
  0.552646   1.989646   3.791520
  1.542596   1.989646   3.791520
  2.532545   1.989646   3.791520
 -0.932278   2.484621   3.791520
  0.057672   2.484621   3.791520
  1.047621   2.484621   3.791520
  0.552646   2.979596   3.791520
  2.037571  -2.960101   4.286495
  3.027520  -2.960101   4.286495
  1.542596  -2.465126   4.286495
  2.532545  -2.465126   4.286495
  3.522495  -2.465126   4.286495
  1.047621  -1.970151   4.286495
  2.037571  -1.970151   4.286495
  3.027520  -1.970151   4.286495
  4.017470  -1.970151   4.286495
  0.552646  -1.475177   4.286495
  1.542596  -1.475177   4.286495
  3.522495  -1.475177   4.286495
  4.512444  -1.475177   4.286495
 -0.932278  -0.980202   4.286495
  0.057672  -0.980202   4.286495
  1.047621  -0.980202   4.286495
  4.017470  -0.980202   4.286495
 -0.437303  -0.485227   4.286495
  0.552646  -0.485227   4.286495
  1.542596  -0.485227   4.286495
  3.522495  -0.485227   4.286495
  4.512444  -0.485227   4.286495
 -0.932278   0.009748   4.286495
  0.057672   0.009748   4.286495
  1.047621   0.009748   4.286495
  2.037571   0.009748   4.286495
  3.027520   0.009748   4.286495
  4.017470   0.009748   4.286495
 -1.427253   0.504722   4.286495
 -0.437303   0.504722   4.286495
  0.552646   0.504722   4.286495
  1.542596   0.504722   4.286495
  2.532545   0.504722   4.286495
  3.522495   0.504722   4.286495
 -0.932278   0.999697   4.286495
  0.057672   0.999697   4.286495
  1.047621   0.999697   4.286495
  2.037571   0.999697   4.286495
  3.027520   0.999697   4.286495
  4.017470   0.999697   4.286495
 -0.437303   1.494672   4.286495
  0.552646   1.494672   4.286495
  1.542596   1.494672   4.286495
  2.532545   1.494672   4.286495
  0.057672   1.989646   4.286495
  1.047621   1.989646   4.286495
  0.552646   2.484621   4.286495
  1.542596  -1.970151   4.781470
  2.532545  -1.970151   4.781470
  3.522495  -1.970151   4.781470
  1.047621  -1.475177   4.781470
  2.037571  -1.475177   4.781470
  3.027520  -1.475177   4.781470
  1.542596  -0.980202   4.781470
  2.532545  -0.980202   4.781470
  3.522495  -0.980202   4.781470
  0.057672  -0.485227   4.781470
  1.047621  -0.485227   4.781470
  2.037571  -0.485227   4.781470
  3.027520  -0.485227   4.781470
  4.017470  -0.485227   4.781470
 -0.437303   0.009748   4.781470
  0.552646   0.009748   4.781470
  1.542596   0.009748   4.781470
  2.532545   0.009748   4.781470
  3.522495   0.009748   4.781470
  0.057672   0.504722   4.781470
  1.047621   0.504722   4.781470
  2.037571   0.504722   4.781470
  3.027520   0.504722   4.781470
 -0.437303   0.999697   4.781470
  0.552646   0.999697   4.781470
  1.542596   0.999697   4.781470
  0.057672   1.494672   4.781470
  1.047621   1.494672   4.781470
