   -0.0980966021
   -0.1008454915
   -0.0983750920
   -0.1041855580
   -0.1046891093
   -0.1045640567
   -0.1082477307
   -0.1068705936
   -0.1020077058
   -0.1088006262
   -0.1104422550
   -0.1063190053
   -0.1112365414
   -0.1119009354
   -0.1098521909
   -0.1130133837
   -0.1139610264
   -0.1121470725
   -0.1114487342
   -0.1155078000
   -0.1171551995
   -0.1146396151
   -0.1070813876
   -0.1142899606
   -0.1192144046
   -0.1206159921
   -0.1158648670
   -0.1105539795
   -0.1180207141
   -0.1230961976
   -0.1223547583
   -0.1143482945
   -0.1139313985
   -0.1216622873
   -0.1249985019
   -0.1206039830
   -0.1097937223
   -0.1169032650
   -0.1233073128
   -0.1231114641
   -0.1152055980
   -0.1180396834
   -0.1213938705
   -0.1173644780
   -0.1161903384
   -0.1158773538
   -0.0923797205
   -0.0969818580
   -0.0967141348
   -0.0763640955
   -0.0706542542
   -0.0938994998
   -0.1019786371
   -0.1044649630
   -0.1014492596
   -0.0828482457
   -0.0760133393
   -0.0701517890
   -0.1039836673
   -0.1106394711
   -0.1098261744
   -0.1044669330
   -0.0823219863
   -0.0752611629
   -0.0695042247
   -0.1024297690
   -0.1131597956
   -0.1166297032
   -0.1126109435
   -0.1061045076
   -0.0986244981
   -0.0898391886
   -0.0813602867
   -0.0744878283
   -0.0980997617
   -0.1111958848
   -0.1195493807
   -0.1191991524
   -0.1136514038
   -0.1068786249
   -0.0983875531
   -0.0889278793
   -0.0805549750
   -0.0738563451
   -0.1058388985
   -0.1175391192
   -0.1222331889
   -0.1195934642
   -0.1143871088
   -0.1073674889
   -0.0980271368
   -0.0883462222
   -0.0800565619
   -0.1117731497
   -0.1206832026
   -0.1225435425
   -0.1202591080
   -0.1160040161
   -0.1083057699
   -0.0981212761
   -0.0880309062
   -0.1154395180
   -0.1217604536
   -0.1234127394
   -0.1231049322
   -0.1189672206
   -0.1096950956
   -0.1176666075
   -0.1233717799
   -0.1272279025
   -0.1282389376
   -0.1221830512
   -0.1101027607
   -0.1112825839
   -0.1202456790
   -0.1277093161
   -0.1338374783
   -0.1333277528
   -0.1230530561
   -0.1080191692
   -0.1144589381
   -0.1246230051
   -0.1345004713
   -0.1400931606
   -0.1345901773
   -0.1197910690
   -0.1184791353
   -0.1304682000
   -0.1406183210
   -0.1415488964
   -0.1300459452
   -0.1129756801
   -0.1229798397
   -0.1353436507
   -0.1418755983
   -0.1361621367
   -0.1211116575
   -0.1263176793
   -0.1360515922
   -0.1364226320
   -0.1259015023
   -0.1104856983
   -0.1157781197
   -0.1264270694
   -0.1311695584
   -0.1261770595
   -0.1140193280
   -0.1154621048
   -0.1223722763
   -0.1221093364
   -0.1142968069
   -0.1150083540
   -0.1113820996
   -0.0866935975
   -0.0883579262
   -0.0916865267
   -0.0960414084
   -0.0954801752
   -0.0756413237
   -0.0700449264
   -0.0650694412
   -0.0947413928
   -0.1032378273
   -0.1053036657
   -0.1014654757
   -0.0958316217
   -0.0894762915
   -0.0822718538
   -0.0754405450
   -0.0696409488
   -0.0646300455
   -0.0949582525
   -0.1077257812
   -0.1150240600
   -0.1127251711
   -0.1057123165
   -0.0985385250
   -0.0903328298
   -0.0817710348
   -0.0746381591
   -0.0689907679
   -0.1078304469
   -0.1212919002
   -0.1243356409
   -0.1169783385
   -0.1083686793
   -0.0997757310
   -0.0895962401
   -0.0803476077
   -0.0735909084
   -0.0682817078
   -0.1038764817
   -0.1212622955
   -0.1321896140
   -0.1286029013
   -0.1184753461
   -0.1096066393
   -0.0990569709
   -0.0876234995
   -0.0787653507
   -0.0728198950
   -0.0675397212
   -0.0976137675
   -0.1155238620
   -0.1322501992
   -0.1368407905
   -0.1282111502
   -0.1187065727
   -0.1091544205
   -0.0969856289
   -0.0857816514
   -0.0780812703
   -0.0723126874
   -0.1070020677
   -0.1251722595
   -0.1373663274
   -0.1351769389
   -0.1265965567
   -0.1187051682
   -0.1078832829
   -0.0956005537
   -0.0854066415
   -0.0780558608
   -0.0715375129
   -0.1149423123
   -0.1304884480
   -0.1362368108
   -0.1319614862
   -0.1271224498
   -0.1197709651
   -0.1081163205
   -0.0959301208
   -0.0857811406
   -0.0775343464
   -0.1046164118
   -0.1202044984
   -0.1313383884
   -0.1332661570
   -0.1328667715
   -0.1316820314
   -0.1233486340
   -0.1099120226
   -0.0964255323
   -0.0852160879
   -0.1096009097
   -0.1229235815
   -0.1308906837
   -0.1347795435
   -0.1406590584
   -0.1397768252
   -0.1273881595
   -0.1103792480
   -0.1132597610
   -0.1250184088
   -0.1338157867
   -0.1442454068
   -0.1527254559
   -0.1463908382
   -0.1273894665
   -0.1075902876
   -0.1165904419
   -0.1290328017
   -0.1426214980
   -0.1578058164
   -0.1615372930
   -0.1453463320
   -0.1219386333
   -0.1207659645
   -0.1361193396
   -0.1543039112
   -0.1671989389
   -0.1594935809
   -0.1363013069
   -0.1130875588
   -0.1109908635
   -0.1261439383
   -0.1444302947
   -0.1620313670
   -0.1647158568
   -0.1472592709
   -0.1235397117
   -0.1149333398
   -0.1315104229
   -0.1494634995
   -0.1595384791
   -0.1513713599
   -0.1312205733
   -0.1106475669
   -0.1182681540
   -0.1342762770
   -0.1471460887
   -0.1475370227
   -0.1341781756
   -0.1159031239
   -0.1195996035
   -0.1322049868
   -0.1377529609
   -0.1317464283
   -0.1179715804
   -0.1177936776
   -0.1253376941
   -0.1249243408
   -0.1164724286
   -0.1128301035
   -0.1156533178
   -0.1118789994
   -0.0723630336
   -0.0748372662
   -0.0771852224
   -0.0778331108
   -0.0785000032
   -0.0827209581
   -0.0841472557
   -0.0835349959
   -0.0689852934
   -0.0883374598
   -0.0919647241
   -0.0915522988
   -0.0889672526
   -0.0801350139
   -0.0745246958
   -0.0691407298
   -0.0642706878
   -0.0926874833
   -0.1005516370
   -0.1020635523
   -0.0984835093
   -0.0936082406
   -0.0878490711
   -0.0810708159
   -0.0745887836
   -0.0689244173
   -0.0639583697
   -0.0944608116
   -0.1075771446
   -0.1146281163
   -0.1113040530
   -0.1040398941
   -0.0972622327
   -0.0892304493
   -0.0809231118
   -0.0740869600
   -0.0684344873
   -0.0634580724
   -0.0932424624
   -0.1102824830
   -0.1257308969
   -0.1278239782
   -0.1176258066
   -0.1082849373
   -0.0996206931
   -0.0888727451
   -0.0796886333
   -0.0730917913
   -0.0677570248
   -0.0627733766
   -0.1078122970
   -0.1298301869
   -0.1437213058
   -0.1355731288
   -0.1208796294
   -0.1115024358
   -0.0995214306
   -0.0864446693
   -0.0773889429
   -0.0720091686
   -0.0670005549
   -0.1017997268
   -0.1251648425
   -0.1497256330
   -0.1541754290
   -0.1360633004
   -0.1227450777
   -0.1120445128
   -0.0960285968
   -0.0822927475
   -0.0755537621
   -0.0713473181
   -0.0661251834
   -0.0944739471
   -0.1153984365
   -0.1424903193
   -0.1621768542
   -0.1522226717
   -0.1331733569
   -0.1228864241
   -0.1079723733
   -0.0910428557
   -0.0798096837
   -0.0756933538
   -0.0707836152
   -0.1046800310
   -0.1284357382
   -0.1539564670
   -0.1603305602
   -0.1431884318
   -0.1310329615
   -0.1196242282
   -0.1031176935
   -0.0891807534
   -0.0814287272
   -0.0761278879
   -0.0697744142
   -0.1142255089
   -0.1375299283
   -0.1542500511
   -0.1481286869
   -0.1373925396
   -0.1310177538
   -0.1176835220
   -0.1034017192
   -0.0915305167
   -0.0831400294
   -0.0754783070
   -0.1021910270
   -0.1214714845
   -0.1402782471
   -0.1458411015
   -0.1377257438
   -0.1413795438
   -0.1368223820
   -0.1226234745
   -0.1068715054
   -0.0933659353
   -0.0827040858
   -0.1081690387
   -0.1256326714
   -0.1386548805
   -0.1376707076
   -0.1446350550
   -0.1564491991
   -0.1488859178
   -0.1282282563
   -0.1078621359
   -0.0922402812
   -0.1126902365
   -0.1279794977
   -0.1383063171
   -0.1456728543
   -0.1676354864
   -0.1760205859
   -0.1560307423
   -0.1272026489
   -0.1046686898
   -0.1164201499
   -0.1312947681
   -0.1459053179
   -0.1687146698
   -0.1921553489
   -0.1842719453
   -0.1505582017
   -0.1199829909
   -0.1205764718
   -0.1380271844
   -0.1616530975
   -0.1918563088
   -0.2014299920
   -0.1731329912
   -0.1368988682
   -0.1100805451
   -0.1094081306
   -0.1260590086
   -0.1481665320
   -0.1779964436
   -0.2002412564
   -0.1868632997
   -0.1521284208
   -0.1216846726
   -0.1136059282
   -0.1325043104
   -0.1577797852
   -0.1834463298
   -0.1861692479
   -0.1612329322
   -0.1314915207
   -0.1079315887
   -0.1176833098
   -0.1377040655
   -0.1603631849
   -0.1725328788
   -0.1612292679
   -0.1372473241
   -0.1143721565
   -0.1204313857
   -0.1385252085
   -0.1529093938
   -0.1526048476
   -0.1375174010
   -0.1181012375
   -0.1203894573
   -0.1335264774
   -0.1389438087
   -0.1324148683
   -0.1183940313
   -0.1168911841
   -0.1241760351
   -0.1235572964
   -0.1152677848
   -0.1130949569
   -0.0674025132
   -0.0688100740
   -0.0708243759
   -0.0727996243
   -0.0737658207
   -0.0743060646
   -0.0775626664
   -0.0787797242
   -0.0791796857
   -0.0772814190
   -0.0829664037
   -0.0854144348
   -0.0856067966
   -0.0848017245
   -0.0782302748
   -0.0731462243
   -0.0679663052
   -0.0632342388
   -0.0791102997
   -0.0878830405
   -0.0939570067
   -0.0947291321
   -0.0929331113
   -0.0899742627
   -0.0854123232
   -0.0794455595
   -0.0733614728
   -0.0678216671
   -0.0630110765
   -0.0909063311
   -0.1024165981
   -0.1077577149
   -0.1047218394
   -0.0995106887
   -0.0942064809
   -0.0871109070
   -0.0796034836
   -0.0731308482
   -0.0675193772
   -0.0626508093
   -0.0912336743
   -0.1077035557
   -0.1223433564
   -0.1229336789
   -0.1128407590
   -0.1049971521
   -0.0972268057
   -0.0872004641
   -0.0791017245
   -0.0726635543
   -0.0670747755
   -0.0620999431
   -0.1078110390
   -0.1320168927
   -0.1466790722
   -0.1343302267
   -0.1182856775
   -0.1102653989
   -0.0981472340
   -0.0856471796
   -0.0776818538
   -0.0718152439
   -0.0664119081
   -0.1033527672
   -0.1311780143
   -0.1636205901
   -0.1654872332
   -0.1376523898
   -0.1238505662
   -0.1142151997
   -0.0951952536
   -0.0807635064
   -0.0749078338
   -0.0708487449
   -0.0655505008
   -0.0965775220
   -0.1219939296
   -0.1608337920
   -0.1880528770
   -0.1675236899
   -0.1368603136
   -0.1300409584
   -0.1109371364
   -0.0864353560
   -0.0714983024
   -0.0737973341
   -0.0700540818
   -0.0644736151
   -0.1102465281
   -0.1437728361
   -0.1865215200
   -0.1940585389
   -0.1550030747
   -0.1376362248
   -0.1269134992
   -0.0991061163
   -0.0736269980
   -0.0725430736
   -0.0744390049
   -0.0691136129
   -0.0993017499
   -0.1248395067
   -0.1631041460
   -0.1958848167
   -0.1746925878
   -0.1431077507
   -0.1338751663
   -0.1110959616
   -0.0904474610
   -0.0770068239
   -0.0788600942
   -0.0743749969
   -0.1093353731
   -0.1372820317
   -0.1708772822
   -0.1772399910
   -0.1457146393
   -0.1389312512
   -0.1236734136
   -0.1055367969
   -0.0945875450
   -0.0869283878
   -0.0808583652
   -0.0731589556
   -0.1179656779
   -0.1438494504
   -0.1626350526
   -0.1355099676
   -0.1320018976
   -0.1453143308
   -0.1298339823
   -0.1165186671
   -0.1019650605
   -0.0900242420
   -0.0798581069
   -0.1039078780
   -0.1239066478
   -0.1441454738
   -0.1447882722
   -0.1596918366
   -0.1695943991
   -0.1505092818
   -0.1244452775
   -0.1035178163
   -0.0885597557
   -0.1092098742
   -0.1274529504
   -0.1429238404
   -0.1336533995
   -0.1565056662
   -0.1996608328
   -0.1968697462
   -0.1572485043
   -0.1225266775
   -0.1000127778
   -0.1135177641
   -0.1307834328
   -0.1468254913
   -0.1646534940
   -0.2082498200
   -0.2328676921
   -0.1975386951
   -0.1474223147
   -0.1145794803
   -0.1177602186
   -0.1365102204
   -0.1611409357
   -0.2020084319
   -0.2430737844
   -0.2297856479
   -0.1748614900
   -0.1316025770
   -0.1047640741
   -0.1229588943
   -0.1461245178
   -0.1826183838
   -0.2299718264
   -0.2401193414
   -0.1962768508
   -0.1485155728
   -0.1162372509
   -0.1100648746
   -0.1294152957
   -0.1580289361
   -0.1990706718
   -0.2264694795
   -0.2039444111
   -0.1611253484
   -0.1268125708
   -0.1143488462
   -0.1358762989
   -0.1659770528
   -0.1957612610
   -0.1954896545
   -0.1659374907
   -0.1344132824
   -0.1099597133
   -0.1179268383
   -0.1394169383
   -0.1634008554
   -0.1747790458
   -0.1616451216
   -0.1374015311
   -0.1148082224
   -0.1194337267
   -0.1373836381
   -0.1509010131
   -0.1497797778
   -0.1351345631
   -0.1167371434
   -0.1177623063
   -0.1298596460
   -0.1344355971
   -0.1282469011
   -0.1154139317
   -0.1128994204
   -0.1192477185
   -0.1185394077
   -0.1111439159
   -0.0639933485
   -0.0654568114
   -0.0668665708
   -0.0687060348
   -0.0699479496
   -0.0705988296
   -0.0698672014
   -0.0724247932
   -0.0736533395
   -0.0748858122
   -0.0750212221
   -0.0726631747
   -0.0769086129
   -0.0781458689
   -0.0791870966
   -0.0803420596
   -0.0716611491
   -0.0666962615
   -0.0747337867
   -0.0815439689
   -0.0850738835
   -0.0843878172
   -0.0861335912
   -0.0858206450
   -0.0827872870
   -0.0777812894
   -0.0719813947
   -0.0665049842
   -0.0618893326
   -0.0756870953
   -0.0850431984
   -0.0935403347
   -0.0948355866
   -0.0937526201
   -0.0934827611
   -0.0904812910
   -0.0848400809
   -0.0780635818
   -0.0715545882
   -0.0661249031
   -0.0615984148
   -0.0865600638
   -0.1000636700
   -0.1103782393
   -0.1086065091
   -0.1038204355
   -0.0997125604
   -0.0935578009
   -0.0850200009
   -0.0775615832
   -0.0710628134
   -0.0658557920
   -0.0611898804
   -0.0858791882
   -0.1026153691
   -0.1235721125
   -0.1338889194
   -0.1220916170
   -0.1110527907
   -0.1051294882
   -0.0942320004
   -0.0840445056
   -0.0771657841
   -0.0708988041
   -0.0655020537
   -0.0605533660
   -0.1008005983
   -0.1282826041
   -0.1612205916
   -0.1576571932
   -0.1282117092
   -0.1185448739
   -0.1100400227
   -0.0919447242
   -0.0821727812
   -0.0763489136
   -0.0704453925
   -0.0648110257
   -0.0958803683
   -0.1230159981
   -0.1700428487
   -0.1944121348
   -0.1628263739
   -0.1310307499
   -0.1318147124
   -0.1097580437
   -0.0846406964
   -0.0720116741
   -0.0745861445
   -0.0695220588
   -0.0638045091
   -0.1126478040
   -0.1555541898
   -0.1520425324
   -0.1430986357
   -0.1402000407
   -0.0967990558
   -0.0619365009
   -0.0738617336
   -0.0684085424
   -0.1017971077
   -0.1338974989
   -0.1906421055
   -0.1858638838
   -0.1435499623
   -0.1523108303
   -0.1174236436
   -0.0674463658
   -0.0733701573
   -0.0733628728
   -0.0670662134
   -0.1155268573
   -0.1564027820
   -0.2104783875
   -0.1574921025
   -0.1403686468
   -0.1196957518
   -0.0853767723
   -0.0509902524
   -0.0674699167
   -0.0785001135
   -0.0722556745
   -0.1016657371
   -0.1288092311
   -0.1718983379
   -0.2112511980
   -0.1687608522
   -0.1332421456
   -0.1233417718
   -0.0714519356
   -0.0896746780
   -0.0840421420
   -0.0852336465
   -0.0784950583
   -0.0704802300
   -0.1105211670
   -0.1383572742
   -0.1718841749
   -0.1665771853
   -0.1357316173
   -0.1147326603
   -0.1080078415
   -0.1097915965
   -0.0976903911
   -0.0867142031
   -0.0766243611
   -0.1175924834
   -0.1422189909
   -0.1602527934
   -0.1708937876
   -0.1662517537
   -0.1448633351
   -0.1180317079
   -0.0984044042
   -0.0843824509
   -0.1225002016
   -0.1430853628
   -0.1458736448
   -0.1801061665
   -0.2234673871
   -0.2023831379
   -0.1492648409
   -0.1150618932
   -0.0944211334
   -0.1081396045
   -0.1264521254
   -0.1460377858
   -0.1549288752
   -0.1848135451
   -0.2527369928
   -0.1920057542
   -0.1375860730
   -0.1072242514
   -0.1125430769
   -0.1315675936
   -0.1556926114
   -0.1918380073
   -0.2323147756
   -0.2302783469
   -0.1641050481
   -0.1225531385
   -0.1174105984
   -0.1396405387
   -0.1750233771
   -0.2330862865
   -0.2626995152
   -0.2448111198
   -0.1871939315
   -0.1386486072
   -0.1087090135
   -0.1232997441
   -0.1509015784
   -0.1977897473
   -0.2528170321
   -0.2484725384
   -0.1996201409
   -0.1520956934
   -0.1189379008
   -0.1297645573
   -0.1616555940
   -0.2065265647
   -0.2298615444
   -0.2009253496
   -0.1598275439
   -0.1271984110
   -0.1348168485
   -0.1648242311
   -0.1919430755
   -0.1884822380
   -0.1605263643
   -0.1319723473
   -0.1090841036
   -0.1153342321
   -0.1356924217
   -0.1570058190
   -0.1657252437
   -0.1535916258
   -0.1324095802
   -0.1121551125
   -0.1153110343
   -0.1311133049
   -0.1421542845
   -0.1407728765
   -0.1283689860
   -0.1124507200
   -0.1223705674
   -0.1259130858
   -0.1207308781
   -0.1099313210
   -0.1118479120
   -0.1111951391
   -0.0632425318
   -0.0651138055
   -0.0665132077
   -0.0657196856
   -0.0680622787
   -0.0696108988
   -0.0711023439
   -0.0716680156
   -0.0681106378
   -0.0714408730
   -0.0726234452
   -0.0742970334
   -0.0762254117
   -0.0760794731
   -0.0700852881
   -0.0751738215
   -0.0768627262
   -0.0752032992
   -0.0801072635
   -0.0817406710
   -0.0801237418
   -0.0761207045
   -0.0706969824
   -0.0653158949
   -0.0713205550
   -0.0784055185
   -0.0837479411
   -0.0765451411
   -0.0797283010
   -0.0874806033
   -0.0869438630
   -0.0829861543
   -0.0768263030
   -0.0701543980
   -0.0647880760
   -0.0604748528
   -0.0803824041
   -0.0900471817
   -0.0922058094
   -0.0767564598
   -0.0925607983
   -0.0944671772
   -0.0906622404
   -0.0836805039
   -0.0757528171
   -0.0688571969
   -0.0643497667
   -0.0601178610
   -0.0808548762
   -0.0935332335
   -0.1075640845
   -0.1040118737
   -0.1003540946
   -0.1029806204
   -0.0997061186
   -0.0911995756
   -0.0820949056
   -0.0732928597
   -0.0682257247
   -0.0641557797
   -0.0596007910
   -0.0941059152
   -0.1151157937
   -0.1358640125
   -0.1270855567
   -0.1137399753
   -0.1101642288
   -0.1019266915
   -0.0876390477
   -0.0791165371
   -0.0720103867
   -0.0687196010
   -0.0637633343
   -0.0918500923
   -0.1153513294
   -0.1555336524
   -0.1758956533
   -0.1358999562
   -0.1180601969
   -0.1199954975
   -0.0977134321
   -0.0809079984
   -0.0743914662
   -0.0739238190
   -0.0685982719
   -0.0629406718
   -0.1094875641
   -0.1529844673
   -0.1214231764
   -0.1336012938
   -0.1310273785
   -0.0839722809
   -0.0690568688
   -0.0739898773
   -0.0676029409
   -0.0617834525
   -0.1010234454
   -0.1359364957
   -0.2026472348
   -0.1219826297
   -0.1633030206
   -0.1122396606
   -0.0727194035
   -0.0727668580
   -0.0662449330
   -0.0925083201
   -0.1182290311
   -0.1713158600
   -0.1155336202
   -0.1400677028
   -0.0712912152
   -0.0772957041
   -0.0712825111
   -0.0646669130
   -0.1040516755
   -0.1379297529
   -0.1983922406
   -0.1127297550
   -0.0479316724
   -0.0785280725
   -0.0770412310
   -0.0695737018
   -0.1159878773
   -0.1550665893
   -0.2105859649
   -0.2052702925
   -0.1161134429
   -0.0993602581
   -0.0777871816
   -0.0852076621
   -0.0841173679
   -0.0754130450
   -0.1012946103
   -0.1261582152
   -0.1625054260
   -0.1917924815
   -0.0929589204
   -0.1057245833
   -0.1058953902
   -0.0944177975
   -0.0827991648
   -0.0730502210
   -0.1085281697
   -0.1325804638
   -0.1596078969
   -0.1459991698
   -0.1474335348
   -0.1560823860
   -0.1368285234
   -0.1107531964
   -0.0927486286
   -0.0798528125
   -0.1142433514
   -0.1358489954
   -0.1552071409
   -0.2260834556
   -0.1896794888
   -0.1362081141
   -0.1065018432
   -0.0884326925
   -0.1188429878
   -0.1392684018
   -0.1551120048
   -0.2432035295
   -0.1725341268
   -0.1249900397
   -0.0992164584
   -0.1056987164
   -0.1236886109
   -0.1463683498
   -0.1736501503
   -0.2085332898
   -0.1473895953
   -0.1121763165
   -0.1102760991
   -0.1303491433
   -0.1607690932
   -0.2135630531
   -0.2166316220
   -0.1685944459
   -0.1262528013
   -0.1154649728
   -0.1396477926
   -0.1819012669
   -0.2490361731
   -0.2175855321
   -0.1815131241
   -0.1390154347
   -0.1097174326
   -0.1212475890
   -0.1500616540
   -0.1983433138
   -0.2483825951
   -0.2317888877
   -0.1869592427
   -0.1477804559
   -0.1178250107
   -0.1265306031
   -0.1566970714
   -0.1954763003
   -0.2115056437
   -0.1852686149
   -0.1513971255
   -0.1234516438
   -0.1292350380
   -0.1546212049
   -0.1750160288
   -0.1712827652
   -0.1492378702
   -0.1257208359
   -0.1057512988
   -0.1275936497
   -0.1441835785
   -0.1502611435
   -0.1409926185
   -0.1242404041
   -0.1072245902
   -0.1216272821
   -0.1299010899
   -0.1287563814
   -0.1191962216
   -0.1062574992
   -0.1129503663
   -0.1155890388
   -0.1115970652
   -0.0599339164
   -0.0617955210
   -0.0632294079
   -0.0620083203
   -0.0643061691
   -0.0661102141
   -0.0675700512
   -0.0639982945
   -0.0669215680
   -0.0688620270
   -0.0707724745
   -0.0724077638
   -0.0657351798
   -0.0696917981
   -0.0717411132
   -0.0723897857
   -0.0760526820
   -0.0777687644
   -0.0692604208
   -0.0669973993
   -0.0722924666
   -0.0758740213
   -0.0690494446
   -0.0739466512
   -0.0825640185
   -0.0833949310
   -0.0809726995
   -0.0756707986
   -0.0692526432
   -0.0638008832
   -0.0676313985
   -0.0741846238
   -0.0806081951
   -0.0737382430
   -0.0828732827
   -0.0897825914
   -0.0884748847
   -0.0831078241
   -0.0751106474
   -0.0679182006
   -0.0632093867
   -0.0751602614
   -0.0836857305
   -0.0901992205
   -0.0957205197
   -0.0962789183
   -0.0911025585
   -0.0819821024
   -0.0713246480
   -0.0662984282
   -0.0628232314
   -0.0751163521
   -0.0852479250
   -0.0973424964
   -0.0960280810
   -0.0990875111
   -0.1044694691
   -0.0992713980
   -0.0884159410
   -0.0744505377
   -0.0645712941
   -0.0662298996
   -0.0625088955
   -0.0852635310
   -0.1005503496
   -0.1208574850
   -0.1123224206
   -0.1037311581
   -0.1116772297
   -0.1092010212
   -0.0917477512
   -0.0783576095
   -0.0658361548
   -0.0668708444
   -0.0618757094
   -0.0833374232
   -0.1003317036
   -0.1295890818
   -0.1657193406
   -0.1245136490
   -0.1028335548
   -0.1178493782
   -0.1030462059
   -0.0671602280
   -0.0716516208
   -0.0664617395
   -0.0608601470
   -0.0962342276
   -0.1255490711
   -0.1875447521
   -0.0916166908
   -0.1343030276
   -0.0704238644
   -0.0718777064
   -0.0652631480
   -0.0902439020
   -0.1145500332
   -0.1682271896
   -0.1203334606
   -0.0765709867
   -0.0702646100
   -0.0637592249
   -0.1030867041
   -0.1394402562
   -0.0713660447
   -0.0758086930
   -0.0684789024
   -0.1179694492
   -0.1662258657
   -0.0817401710
   -0.0739153853
   -0.0665787961
   -0.1030426923
   -0.1324078811
   -0.1819946849
   -0.1045440014
   -0.0641769195
   -0.0831341558
   -0.0895248313
   -0.0805624143
   -0.0718376607
   -0.1122733478
   -0.1422218675
   -0.1786866021
   -0.1583432916
   -0.1136355250
   -0.1031703631
   -0.0895438868
   -0.0782885288
   -0.1194922090
   -0.1453280250
   -0.1620681429
   -0.1578539817
   -0.1265032639
   -0.1026422798
   -0.0866495896
   -0.1243739790
   -0.1449967731
   -0.2295186142
   -0.1666474480
   -0.1220887265
   -0.0977917634
   -0.1096400660
   -0.1283853737
   -0.1437984611
   -0.2186094229
   -0.1495397418
   -0.1123890302
   -0.1143625185
   -0.1339930237
   -0.1551620392
   -0.1805490806
   -0.1301620620
   -0.1019802249
   -0.1199452029
   -0.1444092286
   -0.1865748377
   -0.1968428657
   -0.1484340475
   -0.1137359236
   -0.1070361397
   -0.1272534805
   -0.1605565143
   -0.2230488514
   -0.1932781844
   -0.1620497682
   -0.1251191768
   -0.1119708179
   -0.1358447794
   -0.1770399855
   -0.2399872458
   -0.2507289343
   -0.2051499513
   -0.1688868621
   -0.1340546250
   -0.1078452584
   -0.1167636735
   -0.1430476490
   -0.1829739540
   -0.2199842782
   -0.2078364526
   -0.1710248656
   -0.1391215235
   -0.1136698835
   -0.1201176250
   -0.1449303343
   -0.1728383516
   -0.1832311208
   -0.1654137867
   -0.1397928396
   -0.1169906455
   -0.1205131297
   -0.1396778355
   -0.1534441613
   -0.1510293957
   -0.1355878643
   -0.1173228932
   -0.1172695790
   -0.1292601646
   -0.1334060178
   -0.1270435516
   -0.1145734573
   -0.1169915065
   -0.1161975250
   -0.1091932536
   -0.0586638510
   -0.0608301843
   -0.0626387417
   -0.0640309063
   -0.0603603223
   -0.0630098315
   -0.0652258357
   -0.0671495640
   -0.0685576556
   -0.0618714150
   -0.0651647975
   -0.0677673868
   -0.0700205924
   -0.0722862353
   -0.0736541431
   -0.0630620429
   -0.0672016331
   -0.0704156552
   -0.0715855255
   -0.0748430084
   -0.0782281818
   -0.0793449173
   -0.0737757476
   -0.0680652790
   -0.0638100495
   -0.0688505085
   -0.0733215514
   -0.0719426608
   -0.0612294051
   -0.0808372385
   -0.0851127064
   -0.0854200953
   -0.0816652039
   -0.0746161104
   -0.0675990814
   -0.0623219144
   -0.0699069695
   -0.0756821958
   -0.0774232620
   -0.0899188655
   -0.0928717242
   -0.0908192241
   -0.0828035026
   -0.0727043323
   -0.0662186022
   -0.0617962331
   -0.0703281745
   -0.0770999343
   -0.0819146976
   -0.0833432307
   -0.0997607402
   -0.1002535310
   -0.0926187412
   -0.0780611949
   -0.0673312496
   -0.0652172150
   -0.0613214795
   -0.0780435943
   -0.0840643564
   -0.0753828924
   -0.1065697984
   -0.1084181755
   -0.1014095167
   -0.0849842266
   -0.0510379097
   -0.0633773800
   -0.0652309055
   -0.0607116686
   -0.0778401634
   -0.0878729081
   -0.0868660616
   -0.1056232098
   -0.1150782806
   -0.1054803360
   -0.0826124061
   -0.0676598211
   -0.0650568803
   -0.0883564003
   -0.1032908158
   -0.1178268584
   -0.1069755715
   -0.1105542760
   -0.0526337290
   -0.0701119642
   -0.0641105960
   -0.0856226806
   -0.1039123480
   -0.1367704832
   -0.1609077335
   -0.1016478453
   -0.0746882268
   -0.0690641531
   -0.0627223053
   -0.0980871002
   -0.1280974802
   -0.1835503016
   -0.0745149741
   -0.0672895813
   -0.1140768200
   -0.1600394176
   -0.0777094130
   -0.0723283541
   -0.0654592825
   -0.1018091745
   -0.1319638591
   -0.1802156547
   -0.0765303581
   -0.0778093009
   -0.0703334285
   -0.1129493767
   -0.1463228056
   -0.1787605826
   -0.0799431832
   -0.0882201132
   -0.0846285669
   -0.0760749631
   -0.0681911125
   -0.0997374569
   -0.1221937116
   -0.1511480463
   -0.1595196032
   -0.1180315195
   -0.1112145689
   -0.0958951029
   -0.0835049095
   -0.0737447281
   -0.1066471759
   -0.1279139001
   -0.1472203467
   -0.1303335892
   -0.1803158306
   -0.1459450829
   -0.1140402458
   -0.0939781970
   -0.0806711598
   -0.1121637240
   -0.1307756443
   -0.2056027914
   -0.1422817606
   -0.1088110280
   -0.0895961943
   -0.1167543935
   -0.1318931114
   -0.1821163019
   -0.1288502288
   -0.1009836075
   -0.1048752727
   -0.1217624661
   -0.1367091170
   -0.2122461859
   -0.1528391306
   -0.1147345243
   -0.1097360406
   -0.1292017530
   -0.1587145596
   -0.2118946133
   -0.1748803325
   -0.1736751592
   -0.1295751821
   -0.1154833063
   -0.1404544891
   -0.1872357226
   -0.2519351596
   -0.1824569086
   -0.1426617375
   -0.1119040571
   -0.1221265508
   -0.1532903202
   -0.2086107164
   -0.2599287748
   -0.2222934007
   -0.1866294833
   -0.1511852943
   -0.1202850500
   -0.1283769856
   -0.1617687089
   -0.2064605830
   -0.2220334944
   -0.1896996412
   -0.1547894047
   -0.1260244169
   -0.1037389798
   -0.1318088618
   -0.1600404646
   -0.1830291824
   -0.1776571713
   -0.1530724249
   -0.1283318074
   -0.1075282115
   -0.1303831469
   -0.1486582877
   -0.1552296772
   -0.1447747192
   -0.1268271985
   -0.1090207997
   -0.1241558120
   -0.1331335166
   -0.1318388458
   -0.1215850747
   -0.1079959412
   -0.1150020782
   -0.1178391752
   -0.1136103974
   -0.0594639557
   -0.0615477691
   -0.0633454982
   -0.0646606050
   -0.0584411079
   -0.0612792778
   -0.0637818630
   -0.0661021583
   -0.0680617923
   -0.0693551593
   -0.0595484624
   -0.0629734235
   -0.0659309487
   -0.0687324723
   -0.0714655053
   -0.0735347934
   -0.0747411347
   -0.0644209971
   -0.0680130138
   -0.0706988567
   -0.0739666072
   -0.0776969948
   -0.0799714134
   -0.0809171304
   -0.0784328324
   -0.0727969441
   -0.0654565900
   -0.0699054390
   -0.0720922822
   -0.0671203441
   -0.0773682137
   -0.0848126276
   -0.0878789513
   -0.0876137317
   -0.0815723200
   -0.0729860986
   -0.0659808187
   -0.0660178951
   -0.0711687252
   -0.0743397185
   -0.0481521407
   -0.0844041293
   -0.0938115417
   -0.0977363635
   -0.0932641537
   -0.0813966051
   -0.0709093654
   -0.0650214696
   -0.0720148720
   -0.0749097001
   -0.0503940238
   -0.0969574986
   -0.1065356305
   -0.1079444738
   -0.0935396896
   -0.0740759261
   -0.0678664275
   -0.0643143912
   -0.0724086663
   -0.0774088166
   -0.0822614729
   -0.1114943816
   -0.1217220522
   -0.1093669041
   -0.0737637062
   -0.0550150670
   -0.0673397531
   -0.0637611030
   -0.0799167275
   -0.0732523021
   -0.1120109446
   -0.1248910773
   -0.1116855365
   -0.0806225282
   -0.0558152293
   -0.0683004930
   -0.0628660486
   -0.0797266771
   -0.0893757042
   -0.1116762878
   -0.0721139457
   -0.0676744888
   -0.0615869413
   -0.0900907979
   -0.1056657126
   -0.1192522111
   -0.0606032657
   -0.0732624821
   -0.0660586238
   -0.0863993081
   -0.1043109617
   -0.1334019030
   -0.1308771701
   -0.0295710681
   -0.0753810294
   -0.0708958124
   -0.0642711054
   -0.0972310521
   -0.1222688493
   -0.1569871849
   -0.0750076581
   -0.0688010056
   -0.1092493611
   -0.1390865021
   -0.1485644154
   -0.0746001220
   -0.0736163973
   -0.0668247003
   -0.0982764047
   -0.1202093586
   -0.1462208148
   -0.1244353007
   -0.0775797234
   -0.0694106894
   -0.0768343930
   -0.0790836260
   -0.0718354919
   -0.1062038493
   -0.1272900370
   -0.1420034638
   -0.1071673704
   -0.1374246684
   -0.1185596985
   -0.0987587448
   -0.0874298976
   -0.0779573334
   -0.1124751797
   -0.1299276958
   -0.1246364410
   -0.1152277207
   -0.2006484482
   -0.1690097051
   -0.1267654317
   -0.1013829341
   -0.0861370147
   -0.1170471520
   -0.1277056060
   -0.2369544406
   -0.1668913031
   -0.1215939608
   -0.0973475620
   -0.0823536956
   -0.1057389700
   -0.1209188645
   -0.1076374848
   -0.2174444560
   -0.1487356352
   -0.1119933477
   -0.1105103491
   -0.1260484804
   -0.1244893431
   -0.1737081273
   -0.2190542399
   -0.1790614353
   -0.1295423978
   -0.1162904705
   -0.1375752925
   -0.1782293213
   -0.1977018357
   -0.1474492429
   -0.1133394910
   -0.1049247571
   -0.1239904542
   -0.1555527503
   -0.2163421865
   -0.1993191702
   -0.1610257441
   -0.1245089911
   -0.1100412885
   -0.1330020670
   -0.1724965838
   -0.2328393453
   -0.2502653189
   -0.2074297611
   -0.1679857748
   -0.1332599210
   -0.1074686534
   -0.1150275955
   -0.1404781674
   -0.1787265589
   -0.2143457213
   -0.2047086519
   -0.1695699155
   -0.1381782528
   -0.1131650345
   -0.1185583831
   -0.1426352354
   -0.1695003698
   -0.1798708353
   -0.1633976153
   -0.1386927747
   -0.1163795959
   -0.1191391237
   -0.1377993913
   -0.1512188257
   -0.1491704111
   -0.1344174661
   -0.1166401329
   -0.1161164126
   -0.1278644099
   -0.1320158241
   -0.1259725953
   -0.1138741171
   -0.1160135140
   -0.1153246219
   -0.1085410002
   -0.0578162191
   -0.0600292292
   -0.0620776625
   -0.0638580625
   -0.0592983541
   -0.0618865162
   -0.0643447166
   -0.0667344261
   -0.0687178959
   -0.0606034684
   -0.0636680570
   -0.0664269767
   -0.0695269048
   -0.0722797243
   -0.0745063435
   -0.0616145490
   -0.0653257019
   -0.0682289039
   -0.0711784207
   -0.0758440209
   -0.0788178536
   -0.0817064101
   -0.0820208816
   -0.0778019711
   -0.0622413769
   -0.0666107235
   -0.0701466070
   -0.0676971124
   -0.0720473439
   -0.0824994489
   -0.0870201697
   -0.0911370700
   -0.0887400096
   -0.0800908662
   -0.0709634557
   -0.0641629417
   -0.0673937361
   -0.0715611217
   -0.0645833490
   -0.0664378197
   -0.0896986405
   -0.0993664990
   -0.1032003025
   -0.0935179870
   -0.0792326562
   -0.0696006492
   -0.0634105701
   -0.0677911750
   -0.0722278970
   -0.0634535093
   -0.0741562213
   -0.1023440446
   -0.1196843447
   -0.1150135329
   -0.0917516970
   -0.0747660325
   -0.0681455165
   -0.0625759200
   -0.0734830340
   -0.0653873723
   -0.0924789410
   -0.1283686283
   -0.1447957427
   -0.1147023175
   -0.0756421888
   -0.0708830663
   -0.0673034523
   -0.0615874593
   -0.0740112355
   -0.0776896484
   -0.1068863406
   -0.1352088238
   -0.0787896211
   -0.0532050029
   -0.0719095114
   -0.0663094720
   -0.0816517736
   -0.0783059633
   -0.0715186570
   -0.0718341085
   -0.0647937077
   -0.0807619323
   -0.0919083542
   -0.0961801224
   -0.0863255872
   -0.0699597003
   -0.0773234618
   -0.0696737383
   -0.0630584594
   -0.0903189641
   -0.1067591428
   -0.1236154700
   -0.0546627601
   -0.0740103148
   -0.0674441974
   -0.1017127677
   -0.1229168645
   -0.1216620185
   -0.0679397814
   -0.0716924888
   -0.0654484833
   -0.0944104301
   -0.1131658495
   -0.1311414052
   -0.0797911639
   -0.0746270606
   -0.0699273798
   -0.1029299050
   -0.1213400382
   -0.1267311086
   -0.0706005306
   -0.0858612809
   -0.0815025932
   -0.0770469281
   -0.0749001480
   -0.1099306890
   -0.1244597110
   -0.1204412101
   -0.1558590544
   -0.1299937011
   -0.1035728881
   -0.0884250363
   -0.0814045110
   -0.0731068286
   -0.1147987665
   -0.1245006214
   -0.1047005810
   -0.1926039298
   -0.1873481630
   -0.1409211125
   -0.1091772030
   -0.0913508228
   -0.0796072089
   -0.1048753804
   -0.1182968167
   -0.1142654461
   -0.1881860393
   -0.2436817048
   -0.1902029489
   -0.1357482167
   -0.1056473257
   -0.0880537687
   -0.1094687395
   -0.1212595274
   -0.1466744020
   -0.2429804774
   -0.1698631861
   -0.1240688835
   -0.0987812225
   -0.1146815873
   -0.1284463991
   -0.1531847641
   -0.2104280382
   -0.2045501218
   -0.1454640641
   -0.1115004809
   -0.1050948505
   -0.1221264282
   -0.1482713484
   -0.2032121723
   -0.2219802509
   -0.1656991882
   -0.1250608331
   -0.1106994838
   -0.1326293873
   -0.1718205855
   -0.2364529394
   -0.2624950920
   -0.2270204399
   -0.1788885485
   -0.1372453802
   -0.1089829433
   -0.1169781156
   -0.1438306632
   -0.1880967402
   -0.2351527637
   -0.2266327288
   -0.1839256849
   -0.1455967645
   -0.1167498976
   -0.1226935413
   -0.1508970693
   -0.1864183669
   -0.2023639287
   -0.1803853330
   -0.1488199653
   -0.1220760231
   -0.1257829267
   -0.1495995082
   -0.1686823550
   -0.1661835583
   -0.1463162400
   -0.1241159400
   -0.1246133438
   -0.1403582464
   -0.1463800613
   -0.1381647888
   -0.1225206615
   -0.1062405898
   -0.1192291636
   -0.1272452008
   -0.1264162283
   -0.1175348229
   -0.1138098567
   -0.1101422281
   -0.0582701474
   -0.0603675894
   -0.0624132663
   -0.0641775702
   -0.0571971438
   -0.0598298129
   -0.0621620270
   -0.0645988498
   -0.0671102865
   -0.0691806782
   -0.0581686701
   -0.0613077907
   -0.0639026970
   -0.0663247448
   -0.0696219697
   -0.0727968002
   -0.0753165937
   -0.0625690180
   -0.0657694916
   -0.0671857077
   -0.0699360043
   -0.0757311058
   -0.0800030071
   -0.0831513959
   -0.0817549018
   -0.0634316730
   -0.0675085357
   -0.0687597537
   -0.0540306540
   -0.0727320436
   -0.0830510418
   -0.0901880642
   -0.0932274737
   -0.0873764388
   -0.0772321719
   -0.0684443634
   -0.0638643353
   -0.0684857586
   -0.0719681015
   -0.0794849386
   -0.0936775642
   -0.1063045737
   -0.1048694704
   -0.0903252341
   -0.0764341956
   -0.0674978140
   -0.0690034051
   -0.0723429964
   -0.0527578099
   -0.0869034878
   -0.1152447508
   -0.1313668405
   -0.1135115482
   -0.0882673060
   -0.0742193722
   -0.0662884061
   -0.0692590034
   -0.0734613628
   -0.0429137333
   -0.1011211529
   -0.1573931586
   -0.1573533406
   -0.1101066454
   -0.0824374963
   -0.0722485246
   -0.0649709311
   -0.0752000948
   -0.0707208199
   -0.1462225933
   -0.1522627781
   -0.0939249169
   -0.0790615305
   -0.0705577408
   -0.0634523824
   -0.0752302749
   -0.0818583314
   -0.0646811889
   -0.1091700826
   -0.0852869645
   -0.0772925486
   -0.0684425540
   -0.0830225282
   -0.0919115029
   -0.0985251151
   -0.0748082630
   -0.0820907892
   -0.0737628292
   -0.0662054919
   -0.0807679434
   -0.0927431707
   -0.1070291329
   -0.1234827555
   -0.0795820716
   -0.0754159856
   -0.0706185005
   -0.0641368279
   -0.0889250393
   -0.1036544636
   -0.1186918649
   -0.1107495549
   -0.0843168123
   -0.0733867818
   -0.0683718580
   -0.0974336115
   -0.1126129527
   -0.1173848762
   -0.0764607110
   -0.0766316493
   -0.0584833052
   -0.0705797469
   -0.0725218680
   -0.1049036365
   -0.1165512592
   -0.1089893565
   -0.0737075443
   -0.1128473582
   -0.0983728997
   -0.0717664868
   -0.0711679374
   -0.0769018543
   -0.0709585197
   -0.0969736756
   -0.1101960634
   -0.1171226111
   -0.1097843817
   -0.1466855637
   -0.1410038244
   -0.1156334838
   -0.0927427627
   -0.0841145987
   -0.0764947070
   -0.1022734848
   -0.1138246275
   -0.1189513168
   -0.1189852483
   -0.1125813204
   -0.1654720175
   -0.1860325240
   -0.1526829903
   -0.1186174836
   -0.0968727756
   -0.0838682987
   -0.1068301834
   -0.1174717447
   -0.1222960675
   -0.1439331690
   -0.1841764725
   -0.2249317360
   -0.1997874190
   -0.1487209685
   -0.1143753732
   -0.0938870120
   -0.1115868065
   -0.1230547805
   -0.1425333448
   -0.1899334278
   -0.2407187928
   -0.2450095572
   -0.1854266217
   -0.1358304997
   -0.1065595217
   -0.1036541952
   -0.1180514254
   -0.1376752355
   -0.1805374601
   -0.2389439925
   -0.2645895111
   -0.2199059118
   -0.1596184887
   -0.1211690258
   -0.1091949296
   -0.1280571226
   -0.1610875269
   -0.2178122985
   -0.2615951504
   -0.2378395955
   -0.1804221581
   -0.1360260812
   -0.1077900528
   -0.1159544578
   -0.1408900922
   -0.1831359708
   -0.2335366462
   -0.2361750948
   -0.1919407037
   -0.1482748980
   -0.1173748348
   -0.1232042512
   -0.1521272861
   -0.1915270467
   -0.2136692103
   -0.1915828720
   -0.1551450546
   -0.1249882965
   -0.1288290601
   -0.1559294018
   -0.1800983596
   -0.1787928258
   -0.1552006218
   -0.1292473039
   -0.1077512967
   -0.1303284316
   -0.1497797901
   -0.1581706761
   -0.1482732152
   -0.1293720191
   -0.1105203392
   -0.1266446656
   -0.1370236003
   -0.1362796666
   -0.1253286461
   -0.1106356213
   -0.1189412741
   -0.1225037427
   -0.1180095303
   -0.1080928155
   -0.0564233494
   -0.0584877439
   -0.0605445299
   -0.0626194384
   -0.0577261099
   -0.0600145662
   -0.0621462489
   -0.0647428120
   -0.0674226973
   -0.0588882801
   -0.0615903421
   -0.0634639691
   -0.0658885485
   -0.0698234368
   -0.0734165492
   -0.0597809429
   -0.0631717037
   -0.0651708096
   -0.0639018773
   -0.0698164839
   -0.0763339019
   -0.0813686215
   -0.0831929443
   -0.0795919419
   -0.0603051568
   -0.0643894883
   -0.0678537620
   -0.0591930371
   -0.0460551017
   -0.0759413840
   -0.0853402549
   -0.0926757316
   -0.0920438039
   -0.0834531834
   -0.0734071713
   -0.0650388926
   -0.0698044863
   -0.0682983110
   -0.0844223189
   -0.1001988579
   -0.1089331653
   -0.1002942383
   -0.0847378030
   -0.0726753227
   -0.0652327114
   -0.0703442520
   -0.0754373353
   -0.0704094776
   -0.0979038744
   -0.1280058607
   -0.1291038363
   -0.1038741658
   -0.0829776910
   -0.0710478856
   -0.0705980937
   -0.0754751084
   -0.0711772626
   -0.0678260764
   -0.1334663336
   -0.1704856781
   -0.1422719793
   -0.0998390956
   -0.0796444862
   -0.0691048985
   -0.0704658593
   -0.0764882125
   -0.0778593951
   -0.1320795807
   -0.0920283514
   -0.0762568500
   -0.0670102597
   -0.0769003542
   -0.0837029504
   -0.0891298076
   -0.1785443485
   -0.1094533081
   -0.0852181268
   -0.0728584233
   -0.0648636432
   -0.0757497351
   -0.0848355115
   -0.0957995668
   -0.1194405125
   -0.1265422743
   -0.0930554807
   -0.0788850182
   -0.0696880039
   -0.0830051309
   -0.0946429849
   -0.1116822072
   -0.1495245859
   -0.1186136539
   -0.0920836930
   -0.0801431463
   -0.0740616446
   -0.0670914349
   -0.0910330601
   -0.1045669654
   -0.1218529036
   -0.1335133865
   -0.0957509221
   -0.1097522686
   -0.0927631216
   -0.0680790611
   -0.0752848115
   -0.0712576547
   -0.0987483720
   -0.1108494035
   -0.1162487359
   -0.1029122856
   -0.1084937768
   -0.1167977933
   -0.0994651490
   -0.0772198658
   -0.0725002492
   -0.0748852499
   -0.0691571367
   -0.0927931999
   -0.1046499329
   -0.1119421559
   -0.1083321167
   -0.1263140963
   -0.1188699000
   -0.1022314935
   -0.0825746807
   -0.0792562306
   -0.0738681682
   -0.0983395877
   -0.1084430252
   -0.1127117939
   -0.1089828264
   -0.1166855215
   -0.1441823716
   -0.1261454941
   -0.1040477231
   -0.0886324702
   -0.0798302640
   -0.1029458486
   -0.1120056739
   -0.1185384267
   -0.1218245831
   -0.1336798175
   -0.1676188558
   -0.1558140447
   -0.1273690989
   -0.1036650731
   -0.0883237727
   -0.1074269701
   -0.1178831489
   -0.1320601142
   -0.1550858000
   -0.1873595691
   -0.1888526689
   -0.1553581229
   -0.1223731122
   -0.0998072617
   -0.1009640357
   -0.1131389256
   -0.1286912213
   -0.1558582676
   -0.1948251604
   -0.2155242007
   -0.1864225208
   -0.1441937314
   -0.1137534343
   -0.1061574405
   -0.1216340509
   -0.1463472468
   -0.1862537745
   -0.2230107058
   -0.2113549983
   -0.1667040941
   -0.1291032725
   -0.1126325776
   -0.1334709352
   -0.1671561403
   -0.2086333908
   -0.2186970126
   -0.1839092687
   -0.1437065040
   -0.1145745251
   -0.1202808413
   -0.1460857447
   -0.1815958212
   -0.2054366296
   -0.1894028166
   -0.1542721491
   -0.1240145901
   -0.1275294947
   -0.1541337745
   -0.1796457413
   -0.1811799170
   -0.1578592324
   -0.1305936872
   -0.1082665092
   -0.1121855426
   -0.1316902901
   -0.1528575717
   -0.1633262099
   -0.1534668277
   -0.1329130747
   -0.1125550626
   -0.1142609286
   -0.1306234816
   -0.1429125388
   -0.1427108660
   -0.1304833484
   -0.1140978935
   -0.1132614255
   -0.1244717530
   -0.1289977960
   -0.1239721205
   -0.1126357125
   -0.1152715084
   -0.1149697960
   -0.0566112499
   -0.0585724938
   -0.0606687625
   -0.0579580810
   -0.0599531661
   -0.0621833656
   -0.0649999338
   -0.0592795518
   -0.0613871336
   -0.0629533660
   -0.0662535515
   -0.0703988566
   -0.0604324134
   -0.0631914316
   -0.0633709577
   -0.0644116114
   -0.0715388388
   -0.0775490298
   -0.0816474646
   -0.0811091169
   -0.0612090707
   -0.0649941233
   -0.0660377841
   -0.0530926539
   -0.0660101355
   -0.0790091280
   -0.0877890244
   -0.0919695216
   -0.0874698457
   -0.0615365595
   -0.0660802868
   -0.0703095614
   -0.0521007073
   -0.0748894630
   -0.0900933584
   -0.1035835218
   -0.1041744337
   -0.0919110078
   -0.0783497970
   -0.0664436482
   -0.0720718720
   -0.0741424755
   -0.0519287632
   -0.0843165870
   -0.1105208814
   -0.1271482165
   -0.1146932191
   -0.0923930501
   -0.0767512985
   -0.0669275362
   -0.0663121991
   -0.0722050131
   -0.0796111765
   -0.0708771155
   -0.0712786513
   -0.0999623636
   -0.1487256516
   -0.1536896585
   -0.1166302081
   -0.0888814797
   -0.0741301771
   -0.0719595676
   -0.0792875727
   -0.0880409516
   -0.0821899383
   -0.0751711166
   -0.0555893646
   -0.1456776700
   -0.1621478892
   -0.1079739761
   -0.0836108549
   -0.0711938209
   -0.0711361714
   -0.0787335428
   -0.0887484324
   -0.1029449311
   -0.1138430613
   -0.0919891115
   -0.1392251992
   -0.0961009792
   -0.0783401778
   -0.0683176034
   -0.0774897296
   -0.0871864039
   -0.1025005215
   -0.1348517242
   -0.1261894543
   -0.1736423726
   -0.1108802148
   -0.0860662171
   -0.0737789808
   -0.0657252018
   -0.0847770583
   -0.0971692140
   -0.1197065217
   -0.1501035075
   -0.1121461556
   -0.1304331556
   -0.1246463708
   -0.0924778601
   -0.0788136700
   -0.0703040481
   -0.0924721671
   -0.1063946928
   -0.1265613517
   -0.1280130256
   -0.1108923351
   -0.1526211783
   -0.1616184774
   -0.1305950714
   -0.0981758965
   -0.0822908715
   -0.0746454664
   -0.0676589596
   -0.0992195002
   -0.1107380197
   -0.1175302152
   -0.1052711422
   -0.1053971053
   -0.1414317715
   -0.1304403646
   -0.1065464344
   -0.0872439966
   -0.0787914009
   -0.0720832457
   -0.0937204398
   -0.1037677468
   -0.1104364065
   -0.1091358893
   -0.1178718547
   -0.1322835072
   -0.1173060180
   -0.0985133817
   -0.0850318335
   -0.0770871629
   -0.0984905525
   -0.1068295353
   -0.1117079520
   -0.1064419767
   -0.1049646734
   -0.1372163858
   -0.1317658179
   -0.1135700589
   -0.0958475180
   -0.0838082971
   -0.0748791417
   -0.1026950077
   -0.1110453243
   -0.1186699187
   -0.1248318317
   -0.1448028759
   -0.1490121505
   -0.1316776131
   -0.1102434759
   -0.0932426199
   -0.0812406464
   -0.1075767806
   -0.1187938629
   -0.1335503210
   -0.1534328559
   -0.1657730473
   -0.1523416943
   -0.1272196759
   -0.1051995447
   -0.1021491857
   -0.1144814156
   -0.1312797049
   -0.1547119438
   -0.1759945561
   -0.1718664189
   -0.1457283862
   -0.1189034329
   -0.1079452418
   -0.1241322132
   -0.1474423459
   -0.1743313922
   -0.1832142479
   -0.1624855900
   -0.1330318312
   -0.1089805589
   -0.1150308000
   -0.1355210867
   -0.1620539409
   -0.1809585362
   -0.1720691503
   -0.1450959516
   -0.1190575731
   -0.1225602275
   -0.1451171842
   -0.1669846222
   -0.1705125439
   -0.1518543134
   -0.1272337936
   -0.1283809808
   -0.1481746334
   -0.1590351381
   -0.1511295357
   -0.1317397417
   -0.1117732618
   -0.1137294495
   -0.1299814772
   -0.1427758976
   -0.1434382602
   -0.1314813882
   -0.1148044285
   -0.1143974119
   -0.1263355528
   -0.1315966901
   -0.1266423572
   -0.1147374599
   -0.1186559354
   -0.1185943156
   -0.1116376265
   -0.0579740820
   -0.0599446659
   -0.0624305536
   -0.0593380422
   -0.0610925130
   -0.0633209470
   -0.0670336924
   -0.0707472900
   -0.0607195954
   -0.0626662584
   -0.0632700972
   -0.0672606636
   -0.0730644849
   -0.0780069533
   -0.0799459931
   -0.0618188328
   -0.0648777608
   -0.0641246549
   -0.0639038308
   -0.0731603103
   -0.0813908892
   -0.0877444922
   -0.0877316878
   -0.0811409614
   -0.0624042086
   -0.0667007362
   -0.0687262309
   -0.0593623784
   -0.0688982876
   -0.0816386409
   -0.0937693224
   -0.1004350878
   -0.0949382542
   -0.0830530378
   -0.0674805397
   -0.0726948456
   -0.0702050961
   -0.0627824309
   -0.0787785194
   -0.0943562497
   -0.1128467992
   -0.1144259225
   -0.0988490708
   -0.0823577322
   -0.0674824504
   -0.0737159529
   -0.0799707153
   -0.0764588533
   -0.0791715094
   -0.0876360438
   -0.1178074224
   -0.1382055935
   -0.1235859383
   -0.0973389730
   -0.0795840791
   -0.0734202826
   -0.0815720620
   -0.0893751193
   -0.0921046223
   -0.0849454137
   -0.1069282015
   -0.1535704863
   -0.1582501164
   -0.1205326948
   -0.0915878180
   -0.0758885123
   -0.0725209848
   -0.0806461633
   -0.0916636711
   -0.1053095448
   -0.1042540434
   -0.0911674751
   -0.1476873222
   -0.1790628565
   -0.1536122523
   -0.1079316333
   -0.0847009741
   -0.0721699812
   -0.0789900120
   -0.0894153023
   -0.1054934790
   -0.1228065640
   -0.1054471753
   -0.1240348659
   -0.1763193522
   -0.1770793492
   -0.1280667848
   -0.0949005747
   -0.0786218014
   -0.0688843449
   -0.0862245710
   -0.0992150845
   -0.1184052186
   -0.1231596873
   -0.1135054716
   -0.1545432321
   -0.1741090730
   -0.1440765752
   -0.1054582884
   -0.0852515807
   -0.0739900946
   -0.0828594011
   -0.0934582728
   -0.1070338064
   -0.1191358376
   -0.1150434240
   -0.1261372251
   -0.1542091029
   -0.1456379260
   -0.1144500288
   -0.0919182312
   -0.0791430637
   -0.0706309022
   -0.0887712644
   -0.0992378838
   -0.1093272403
   -0.1126208597
   -0.1119140873
   -0.1296368319
   -0.1371894575
   -0.1202089099
   -0.0994560661
   -0.0848254249
   -0.0754358818
   -0.0938645126
   -0.1027763961
   -0.1087813679
   -0.1090852273
   -0.1147024486
   -0.1292123403
   -0.1243832901
   -0.1082566111
   -0.0923895346
   -0.0810722295
   -0.0980281585
   -0.1055860132
   -0.1106719926
   -0.1135757650
   -0.1259953021
   -0.1297268790
   -0.1184023220
   -0.1023133114
   -0.0884272948
   -0.0780945628
   -0.1020948014
   -0.1102153520
   -0.1180063462
   -0.1281693804
   -0.1364961374
   -0.1299890965
   -0.1141040686
   -0.0978063620
   -0.0848449431
   -0.1073436900
   -0.1182428088
   -0.1310558615
   -0.1427588245
   -0.1418124481
   -0.1271318856
   -0.1087707500
   -0.1026174993
   -0.1146297986
   -0.1295062805
   -0.1450393724
   -0.1508666328
   -0.1398382743
   -0.1204958463
   -0.1086637362
   -0.1236858752
   -0.1412195772
   -0.1534867415
   -0.1492037350
   -0.1314618651
   -0.1115575057
   -0.1154635197
   -0.1325290996
   -0.1483636887
   -0.1519196465
   -0.1392940351
   -0.1199999673
   -0.1216255715
   -0.1377262831
   -0.1469744389
   -0.1416616325
   -0.1258498376
   -0.1082423256
   -0.1250076170
   -0.1365538036
   -0.1378633195
   -0.1276985050
   -0.1124397994
   -0.1125557131
   -0.1239816429
   -0.1293785823
   -0.1251156024
   -0.1138156514
   -0.1186667205
   -0.1189187576
   -0.1121144750
   -0.0579458006
   -0.0600828012
   -0.0592375656
   -0.0612022572
   -0.0640183756
   -0.0674513227
   -0.0606725465
   -0.0624279627
   -0.0646914509
   -0.0689841343
   -0.0736417101
   -0.0620400932
   -0.0643779984
   -0.0653362592
   -0.0692990744
   -0.0756099724
   -0.0817825342
   -0.0845775306
   -0.0815405604
   -0.0629497585
   -0.0666130123
   -0.0679750227
   -0.0693080075
   -0.0760050264
   -0.0847048991
   -0.0925217746
   -0.0928295873
   -0.0851784284
   -0.0632525649
   -0.0680074108
   -0.0719439414
   -0.0726513958
   -0.0764892292
   -0.0848574689
   -0.0978394373
   -0.1054769751
   -0.0993764187
   -0.0861506211
   -0.0683427871
   -0.0741390305
   -0.0786152827
   -0.0807553224
   -0.0847028661
   -0.0979135140
   -0.1158688362
   -0.1172058210
   -0.1012422452
   -0.0842218795
   -0.0679193536
   -0.0743932096
   -0.0816596760
   -0.0876196078
   -0.0895908618
   -0.0946647847
   -0.1183365135
   -0.1342025568
   -0.1211204312
   -0.0974863651
   -0.0804311658
   -0.0735717037
   -0.0816027110
   -0.0910165902
   -0.0981242552
   -0.0970336153
   -0.1120080693
   -0.1408749257
   -0.1413570290
   -0.1142015131
   -0.0906073252
   -0.0761374405
   -0.0800004570
   -0.0899524029
   -0.1014580308
   -0.1054364708
   -0.1068689726
   -0.1334458700
   -0.1501998565
   -0.1309343129
   -0.1022423106
   -0.0836433850
   -0.0721963494
   -0.0777376297
   -0.0869121480
   -0.0982979126
   -0.1080800785
   -0.1084909770
   -0.1203123460
   -0.1430654728
   -0.1392432596
   -0.1133132257
   -0.0916199552
   -0.0779999961
   -0.0835222122
   -0.0933620649
   -0.1036802356
   -0.1087286072
   -0.1122630045
   -0.1279442640
   -0.1355909096
   -0.1203407302
   -0.0994085980
   -0.0841045549
   -0.0738031224
   -0.0888799018
   -0.0980519559
   -0.1052051802
   -0.1085011260
   -0.1162060794
   -0.1264401580
   -0.1221358580
   -0.1062720162
   -0.0906571253
   -0.0791279216
   -0.0933175864
   -0.1009588997
   -0.1061135687
   -0.1106995780
   -0.1192200228
   -0.1216264236
   -0.1120893036
   -0.0978584972
   -0.0852256229
   -0.0970409382
   -0.1038618297
   -0.1094214440
   -0.1162463332
   -0.1218360995
   -0.1176276778
   -0.1056936367
   -0.0924195420
   -0.1010096191
   -0.1085780624
   -0.1162211579
   -0.1233506430
   -0.1233625353
   -0.1140372601
   -0.1006358366
   -0.1061881963
   -0.1156832350
   -0.1247685186
   -0.1285463445
   -0.1223676997
   -0.1127932816
   -0.1238989499
   -0.1314078842
   -0.1293413125
   -0.1180613994
   -0.1077417976
   -0.1198415568
   -0.1303278760
   -0.1330231007
   -0.1250558654
   -0.1110845138
   -0.1133029094
   -0.1251888064
   -0.1320125248
   -0.1287330321
   -0.1170797390
   -0.1173065831
   -0.1265347633
   -0.1279732267
   -0.1202274727
   -0.1181816152
   -0.1230318900
   -0.1197466087
   -0.1153135742
   -0.1158093787
   -0.0591801116
   -0.0614807656
   -0.0605232667
   -0.0626920010
   -0.0656974859
   -0.0619424474
   -0.0642357074
   -0.0668207698
   -0.0710429233
   -0.0630952782
   -0.0662201302
   -0.0685587561
   -0.0722108174
   -0.0779228858
   -0.0843263656
   -0.0873841594
   -0.0841284142
   -0.0636719374
   -0.0679040784
   -0.0712562026
   -0.0742112665
   -0.0790643851
   -0.0869024938
   -0.0944663204
   -0.0946330744
   -0.0867815092
   -0.0686575523
   -0.0735858683
   -0.0775129678
   -0.0811204309
   -0.0875936951
   -0.0985899341
   -0.1048939533
   -0.0990096578
   -0.0864949110
   -0.0684955168
   -0.0744625270
   -0.0803318529
   -0.0848044209
   -0.0887369007
   -0.0988503980
   -0.1115975480
   -0.1117299016
   -0.0985260307
   -0.0836288047
   -0.0740123217
   -0.0811185396
   -0.0878997927
   -0.0920155513
   -0.0977343567
   -0.1121662932
   -0.1207422656
   -0.1112074800
   -0.0937969832
   -0.0794870465
   -0.0800879370
   -0.0882347426
   -0.0948684714
   -0.0984706935
   -0.1083855537
   -0.1220842973
   -0.1206059787
   -0.1042426652
   -0.0874417514
   -0.0862671056
   -0.0944682443
   -0.0996073702
   -0.1048628912
   -0.1168842932
   -0.1228576262
   -0.1123703379
   -0.0954433688
   -0.0815454147
   -0.0916160357
   -0.0984371932
   -0.1028378622
   -0.1104029497
   -0.1188471504
   -0.1158309294
   -0.1022905040
   -0.0879584318
   -0.0954295764
   -0.1008051073
   -0.1059512805
   -0.1131647497
   -0.1152315598
   -0.1070543408
   -0.0941722756
   -0.0823792592
   -0.0982645041
   -0.1033680693
   -0.1091182837
   -0.1133415331
   -0.1100210757
   -0.0999450754
   -0.0882965268
   -0.0953597263
   -0.1014421174
   -0.1070997415
   -0.1121330910
   -0.1122569825
   -0.1052947201
   -0.0991399726
   -0.1057966213
   -0.1117397786
   -0.1143346275
   -0.1103119206
   -0.1037537987
   -0.1110451656
   -0.1158338683
   -0.1146992284
   -0.1088858442
   -0.1157492313
   -0.1176126866
   -0.1133484914
   -0.1180544679
   -0.1160062771
   -0.1155601936
   -0.1167731948
   -0.1144474906
   -0.1120582324
   -0.0628760831
   -0.0617101285
   -0.0642741820
   -0.0673583004
   -0.0629112379
   -0.0658749541
   -0.0688834019
   -0.0728059449
   -0.0674264710
   -0.0707530201
   -0.0744111462
   -0.0793840317
   -0.0850306600
   -0.0876093607
   -0.0843411131
   -0.0683974132
   -0.0726249844
   -0.0764258163
   -0.0808227144
   -0.0872390434
   -0.0931181794
   -0.0927934557
   -0.0856875659
   -0.0685333545
   -0.0737200899
   -0.0784638619
   -0.0826166113
   -0.0881526200
   -0.0959592495
   -0.0998442467
   -0.0947923873
   -0.0844235386
   -0.0736870484
   -0.0795124498
   -0.0844939843
   -0.0890154180
   -0.0962230869
   -0.1035560549
   -0.1026488323
   -0.0930006058
   -0.0791238138
   -0.0852437266
   -0.0900370155
   -0.0954817357
   -0.1034729663
   -0.1070584166
   -0.1005621905
   -0.0886524774
   -0.0843474887
   -0.0901253395
   -0.0948339622
   -0.1012813928
   -0.1072741084
   -0.1053001600
   -0.0953206584
   -0.0887414091
   -0.0938882259
   -0.0989492311
   -0.1048745949
   -0.1065662461
   -0.1002049956
   -0.0894435753
   -0.0970129814
   -0.1020911104
   -0.1055436584
   -0.1029219048
   -0.0944702246
   -0.0999515210
   -0.1039742912
   -0.1041062744
   -0.0984837899
   -0.0982587959
   -0.1027314291
   -0.0667365357
   -0.0700285110
   -0.0714545850
   -0.0751572078
   -0.0855060453
   -0.0724616567
   -0.0765226524
   -0.0894276745
   -0.0886041903
   -0.0774081262
   -0.0913090261
   -0.0931472867
   -0.0890467119
   -0.0915214833
   -0.0953122204
   -0.0938958617
   -0.0870183005
   -0.0953670938
   -0.0964832947
   -0.0918618084
   -0.0969789533
   -0.0949654372
   -0.0964083841
