   -0.0189202700
   -0.0176233147
   -0.0211254158
   -0.0221141433
   -0.0183968037
   -0.0215018788
   -0.0250224561
   -0.0236475090
   -0.0174112422
   -0.0253991843
   -0.0269901052
   -0.0226800345
   -0.0234297447
   -0.0273709811
   -0.0260323488
   -0.0194688936
   -0.0251006395
   -0.0264988597
   -0.0224832498
   -0.0244125162
   -0.0231248689
   -0.0073832574
   -0.0041379667
   -0.0181718288
   -0.0167190811
   -0.0115127922
   -0.0060454811
   -0.0027682561
   -0.0215407182
   -0.0227999691
   -0.0182147307
   -0.0105052879
   -0.0045984046
   -0.0012296679
   -0.0231356850
   -0.0279943436
   -0.0263272851
   -0.0179371834
   -0.0088512332
   -0.0029882966
   -0.0224223431
   -0.0302218742
   -0.0331345882
   -0.0268926354
   -0.0157694607
   -0.0066935378
   -0.0010544922
   -0.0287735007
   -0.0358061228
   -0.0342470221
   -0.0239150961
   -0.0123191661
   -0.0041147966
    0.0010924455
   -0.0248204244
   -0.0336308092
   -0.0370050849
   -0.0305226205
   -0.0186893397
   -0.0083954548
   -0.0013573449
   -0.0284245624
   -0.0346548517
   -0.0331209936
   -0.0238720703
   -0.0130237515
   -0.0045930331
    0.0012592739
   -0.0225850311
   -0.0292224375
   -0.0313593355
   -0.0262185167
   -0.0168457844
   -0.0079856984
   -0.0012529408
   -0.0231748879
   -0.0268844194
   -0.0254196347
   -0.0189169407
   -0.0108580375
   -0.0038976666
   -0.0224714201
   -0.0076626409
   -0.0054462323
   -0.0042079634
   -0.0120597890
   -0.0098467542
   -0.0061804443
   -0.0038848334
   -0.0030682480
   -0.0014559337
   -0.0134357456
   -0.0154839739
   -0.0141012020
   -0.0089802313
   -0.0041402005
   -0.0024529910
   -0.0015182916
    0.0007790105
   -0.0148598007
   -0.0192548805
   -0.0204564859
   -0.0153882188
   -0.0070745365
   -0.0023856986
   -0.0009745847
    0.0007170502
   -0.0220559683
   -0.0275192402
   -0.0254973256
   -0.0150957137
   -0.0051889821
   -0.0010835369
    0.0009808704
   -0.0226550281
   -0.0324901200
   -0.0367608479
   -0.0282055579
   -0.0133674443
   -0.0038423857
    0.0004948595
    0.0032626662
   -0.0209386163
   -0.0329360821
   -0.0442466835
   -0.0425251763
   -0.0265897224
   -0.0108186546
   -0.0021484681
    0.0025574574
    0.0054277162
   -0.0291581120
   -0.0440985822
   -0.0513767083
   -0.0405638956
   -0.0213429896
   -0.0075698257
    0.0002263710
    0.0047181820
    0.0073974495
   -0.0236046015
   -0.0375339548
   -0.0504928818
   -0.0488188183
   -0.0320956161
   -0.0148823802
   -0.0039061576
    0.0028661268
    0.0067419106
    0.0091608987
   -0.0290397300
   -0.0421731410
   -0.0479026662
   -0.0386109069
   -0.0220472463
   -0.0089158630
   -0.0002481449
    0.0053348745
    0.0084653959
    0.0103619518
   -0.0216592022
   -0.0320216472
   -0.0403855377
   -0.0385819948
   -0.0267519057
   -0.0136032736
   -0.0039130307
    0.0029711308
    0.0072708574
    0.0095165877
    0.0106825012
   -0.0234928082
   -0.0311083305
   -0.0336351629
   -0.0276517626
   -0.0169857707
   -0.0073119341
    0.0000511320
    0.0053411760
    0.0082923646
    0.0097306580
   -0.0231055309
   -0.0269380322
   -0.0252991558
   -0.0183628763
   -0.0099521678
   -0.0027635499
    0.0028585315
    0.0065806353
    0.0084499858
    0.0093218078
   -0.0213362801
    0.0044697149
    0.0069014723
    0.0081238497
    0.0051576956
    0.0067692942
   -0.0037049056
   -0.0012842989
   -0.0064581855
   -0.0049773235
   -0.0027582538
    0.0000828405
   -0.0080550947
   -0.0064741095
   -0.0054945415
   -0.0042537827
   -0.0014093132
    0.0018432662
   -0.0100472524
   -0.0088606459
   -0.0062424813
   -0.0047805518
   -0.0047941359
   -0.0030893531
    0.0006544496
    0.0038275819
   -0.0101253424
   -0.0119083947
   -0.0111503693
   -0.0070990486
   -0.0034062808
   -0.0034715232
   -0.0038289125
   -0.0007722195
    0.0032169066
   -0.0112446425
   -0.0146239388
   -0.0156422934
   -0.0111147307
   -0.0033203653
   -0.0008385482
   -0.0024105321
   -0.0014334534
    0.0024476297
   -0.0121651873
   -0.0175458644
   -0.0221678453
   -0.0199967511
   -0.0085999575
    0.0008399833
    0.0004426392
   -0.0002981579
    0.0021970559
    0.0055366953
   -0.0123920602
   -0.0194169331
   -0.0288737002
   -0.0333094672
   -0.0230268734
   -0.0043972914
    0.0018618024
    0.0017094689
    0.0029876740
    0.0055745880
   -0.0117510177
   -0.0192487305
   -0.0323525282
   -0.0466992048
   -0.0448235082
   -0.0224134664
   -0.0032788126
    0.0016819623
    0.0039857991
    0.0060090732
    0.0082221638
   -0.0172521907
   -0.0306501248
   -0.0524209683
   -0.0652191691
   -0.0485749895
   -0.0189318352
   -0.0032807874
    0.0030964216
    0.0063884414
    0.0083246216
    0.0107317776
   -0.0144708226
   -0.0255028628
   -0.0469726370
   -0.0721091175
   -0.0709126754
   -0.0405575843
   -0.0139398543
   -0.0013503981
    0.0054516996
    0.0083642137
    0.0106820870
    0.0130039173
   -0.0198186031
   -0.0360045782
   -0.0621788833
   -0.0761808141
   -0.0585846828
   -0.0274281438
   -0.0085750459
    0.0018845912
    0.0077062450
    0.0104381372
    0.0129490101
    0.0141136718
   -0.0259385274
   -0.0450394067
   -0.0649309682
   -0.0628062311
   -0.0387034057
   -0.0162189110
   -0.0033826496
    0.0052992394
    0.0099528333
    0.0123259225
    0.0140420709
   -0.0308817127
   -0.0470413896
   -0.0543687311
   -0.0426801526
   -0.0226312479
   -0.0082480843
    0.0014252890
    0.0083934031
    0.0115458260
    0.0130705706
    0.0135955584
   -0.0213794393
   -0.0322626079
   -0.0412154063
   -0.0390771049
   -0.0260779079
   -0.0122519343
   -0.0024285441
    0.0052912946
    0.0101654440
    0.0117283592
    0.0125591327
   -0.0222895344
   -0.0295305711
   -0.0317691862
   -0.0256580776
   -0.0150476361
   -0.0056335545
    0.0017687230
    0.0074732615
    0.0101027378
    0.0110327425
    0.0113624675
   -0.0210380345
   -0.0242895828
   -0.0225386716
   -0.0159610158
   -0.0080518245
   -0.0012252553
    0.0043096289
    0.0078815133
    0.0093467704
    0.0100477963
    0.0015773281
    0.0053964249
    0.0075363681
    0.0085800492
    0.0031407061
    0.0056649497
    0.0070897253
   -0.0038155548
   -0.0011622306
    0.0010999250
   -0.0094449446
   -0.0079318290
   -0.0056229132
   -0.0027953253
    0.0001639717
    0.0025544005
   -0.0096761175
   -0.0085446636
   -0.0070098040
   -0.0049569628
   -0.0016084351
    0.0018792890
    0.0041343182
   -0.0095171946
   -0.0081769508
   -0.0068914243
   -0.0066629789
   -0.0043194531
    0.0002876834
    0.0039495120
   -0.0071842082
   -0.0091246056
   -0.0097103005
   -0.0076275741
   -0.0050274487
   -0.0059140157
   -0.0069751405
   -0.0024802262
    0.0030092505
    0.0059682347
   -0.0055791930
   -0.0072276213
   -0.0096707641
   -0.0110766000
   -0.0085518207
   -0.0027722865
   -0.0018139331
   -0.0064665015
   -0.0055959248
    0.0011545044
    0.0058320939
   -0.0059423929
   -0.0077968163
   -0.0110132731
   -0.0141937718
   -0.0129198669
   -0.0031956462
    0.0046454514
   -0.0007791551
   -0.0056161005
   -0.0008369845
    0.0051866881
    0.0081410902
   -0.0062665735
   -0.0085866620
   -0.0128673950
   -0.0190689582
   -0.0220767842
   -0.0124068814
    0.0109262750
    0.0085781901
   -0.0002308455
   -0.0005088019
    0.0046558495
    0.0083090691
   -0.0089660531
   -0.0142264051
   -0.0240032864
   -0.0356331273
   -0.0333946185
   -0.0040537646
    0.0201647625
    0.0065081730
    0.0032581875
    0.0054075550
    0.0083396993
    0.0108866724
   -0.0086535176
   -0.0141009223
   -0.0258490421
   -0.0477238526
   -0.0621861568
   -0.0418916751
    0.0032549024
    0.0089413518
    0.0067070068
    0.0075728119
    0.0086660427
    0.0112926580
    0.0134135804
   -0.0126313225
   -0.0235116194
   -0.0491022033
   -0.0826462383
   -0.0830537488
   -0.0392101578
   -0.0029290721
    0.0050795409
    0.0095033136
    0.0096048202
    0.0112244639
    0.0147691173
    0.0151907787
   -0.0106973305
   -0.0190475576
   -0.0397367152
   -0.0843224780
   -0.0827136159
   -0.0278435475
   -0.0036891895
    0.0078533064
    0.0109024076
    0.0112907828
    0.0151145806
    0.0174230242
   -0.0147463596
   -0.0284947831
   -0.0618158577
   -0.1010122794
   -0.0975844260
   -0.0552633610
   -0.0161646846
   -0.0004855234
    0.0100002373
    0.0120890255
    0.0146346311
    0.0183353627
    0.0175981731
   -0.0200156735
   -0.0394171334
   -0.0754409957
   -0.0920686835
   -0.0702835765
   -0.0284997183
   -0.0082962228
    0.0039998694
    0.0122483237
    0.0147573544
    0.0174089370
    0.0185071160
   -0.0254860844
   -0.0461893304
   -0.0686454430
   -0.0656381612
   -0.0377497984
   -0.0135383003
   -0.0019576806
    0.0089622794
    0.0158867675
    0.0160671586
    0.0174290386
    0.0164055517
   -0.0289255478
   -0.0442258733
   -0.0509013734
   -0.0389344834
   -0.0188733797
   -0.0057216643
    0.0038543278
    0.0135267977
    0.0156851352
    0.0152159377
    0.0155088309
   -0.0192214365
   -0.0286016270
   -0.0360104896
   -0.0336626516
   -0.0217073220
   -0.0091458757
   -0.0002348953
    0.0079240982
    0.0134501142
    0.0131189006
    0.0135759110
    0.0131560314
   -0.0249933853
   -0.0264155969
   -0.0209642964
   -0.0117043066
   -0.0033585559
    0.0034835247
    0.0090245293
    0.0109527543
    0.0114423782
    0.0118121361
   -0.0198985716
   -0.0181472786
   -0.0056824404
    0.0003842041
    0.0053283416
    0.0083615672
    0.0095052460
    0.0102010925
    0.0025962751
    0.0058647362
    0.0076680609
    0.0086259985
    0.0090200992
    0.0037084605
    0.0058665919
    0.0071306275
   -0.0036735195
   -0.0008775329
    0.0011657506
   -0.0093271132
   -0.0058316093
   -0.0022877218
    0.0004936152
    0.0025850665
   -0.0120550474
   -0.0112017881
   -0.0083197961
   -0.0046347132
   -0.0010406421
    0.0021096173
    0.0041628373
   -0.0117287265
   -0.0117962884
   -0.0098597965
   -0.0075123476
   -0.0039708911
    0.0005794905
    0.0041866889
    0.0056951243
   -0.0055187319
   -0.0080990699
   -0.0105502030
   -0.0109877134
   -0.0091398994
   -0.0086642226
   -0.0083734648
   -0.0028292516
    0.0032585199
    0.0063454079
   -0.0034274507
   -0.0042296467
   -0.0064982184
   -0.0091822532
   -0.0097136228
   -0.0065930152
   -0.0052571207
   -0.0111098494
   -0.0092092222
    0.0004997984
    0.0063803626
    0.0080230717
   -0.0035131272
   -0.0036454002
   -0.0053048789
   -0.0082358174
   -0.0094065250
   -0.0043935083
    0.0018004217
   -0.0053768046
   -0.0154483810
   -0.0051349604
    0.0051909351
    0.0087846213
   -0.0040171317
   -0.0041681490
   -0.0052199228
   -0.0084449637
   -0.0110309447
   -0.0060066835
    0.0124659108
    0.0089389476
   -0.0098753370
   -0.0108711729
    0.0027995429
    0.0088458933
    0.0104503407
   -0.0052820388
   -0.0067289616
   -0.0106661730
   -0.0158166920
   -0.0148560196
    0.0167557233
    0.0076351421
   -0.0063026058
    0.0016175333
    0.0084742207
    0.0112783091
   -0.0060001700
   -0.0085910368
   -0.0142635488
   -0.0249564281
   -0.0327624645
   -0.0142265325
    0.0379758386
    0.0071500262
    0.0057410161
    0.0089520413
    0.0114442516
    0.0137738120
   -0.0060596321
   -0.0091040802
   -0.0162724425
   -0.0332694843
   -0.0561538570
   -0.0571234180
    0.0029489211
    0.0163935034
    0.0129912592
    0.0112086235
    0.0108880819
    0.0152797268
    0.0162378000
   -0.0084458895
   -0.0150447167
   -0.0329718582
   -0.0754927546
   -0.0754895967
   -0.0003207441
    0.0149275122
    0.0210762436
    0.0154444730
    0.0104196096
    0.0154963371
    0.0199439673
    0.0172593187
   -0.0074536907
   -0.0123659394
   -0.0259009204
   -0.0687609994
   -0.0624990168
   -0.0033703948
    0.0174108195
    0.0266644838
    0.0124391025
    0.0142561906
    0.0229529876
    0.0217791729
   -0.0099708808
   -0.0185672252
   -0.0443609900
   -0.1080633928
   -0.1014923333
   -0.0279108946
    0.0001103026
    0.0241376395
    0.0175842835
    0.0147132068
    0.0225579575
    0.0257523159
    0.0199341088
   -0.0135216103
   -0.0273458638
   -0.0649975438
   -0.0529792313
   -0.0047573742
    0.0016200253
    0.0162688502
    0.0208860960
    0.0205970247
    0.0257271843
    0.0226864432
   -0.0179716563
   -0.0359711410
   -0.0696914592
   -0.0860083693
   -0.0620964682
   -0.0167686344
   -0.0027899218
    0.0066011486
    0.0265294767
    0.0262698067
    0.0219144700
    0.0225195917
    0.0181942396
   -0.0220768585
   -0.0390486344
   -0.0566102128
   -0.0533009359
   -0.0283838292
   -0.0067505694
    0.0010393603
    0.0155798338
    0.0362636871
    0.0197371128
    0.0193260727
    0.0179810796
   -0.0239167301
   -0.0350824810
   -0.0393357090
   -0.0295203972
   -0.0130691359
   -0.0022668964
    0.0064991074
    0.0204223910
    0.0197449190
    0.0154436986
    0.0160411098
    0.0143062900
   -0.0227053709
   -0.0275534040
   -0.0252612698
   -0.0158858993
   -0.0056945100
    0.0020108547
    0.0093618412
    0.0142210196
    0.0126248238
    0.0134008826
    0.0132171520
   -0.0193246163
   -0.0198676717
   -0.0154717636
   -0.0081203865
   -0.0010866775
    0.0047543673
    0.0091021921
    0.0103940646
    0.0110797986
    0.0116276439
   -0.0033631975
    0.0018095372
    0.0058469067
    0.0081845554
    0.0092490961
    0.0099881801
    0.0099547451
    0.0033612852
    0.0060187685
    0.0075578671
    0.0084608308
    0.0087994936
    0.0040488336
    0.0058732014
    0.0070058970
   -0.0035516739
   -0.0007137654
    0.0011082897
   -0.0102172945
   -0.0057794950
   -0.0016545104
    0.0008276374
    0.0024936745
   -0.0141729548
   -0.0134964419
   -0.0091692209
   -0.0035690850
    0.0000493515
    0.0023774943
    0.0040083407
   -0.0144737652
   -0.0159204974
   -0.0129863738
   -0.0070868312
   -0.0018687233
    0.0014241687
    0.0043211668
    0.0055485287
   -0.0129975499
   -0.0162918907
   -0.0153236247
   -0.0109437540
   -0.0060883187
   -0.0011374850
    0.0037775332
    0.0065885185
    0.0068302791
   -0.0023535145
   -0.0030346793
   -0.0057125845
   -0.0101055296
   -0.0143051515
   -0.0146183912
   -0.0111447578
   -0.0115695667
   -0.0072258373
    0.0014163264
    0.0073221708
    0.0083919902
   -0.0019029797
   -0.0012179634
   -0.0025089961
   -0.0064294942
   -0.0109503092
   -0.0114643155
   -0.0057150751
   -0.0095078353
   -0.0197260951
   -0.0053579016
    0.0066349520
    0.0100019398
    0.0094333815
   -0.0021711297
   -0.0006359039
    0.0004306069
   -0.0024540865
   -0.0071645385
   -0.0084277879
    0.0012679116
    0.0065912123
   -0.0232514998
   -0.0225558328
    0.0024375946
    0.0107214241
    0.0112118850
   -0.0027697146
   -0.0016279026
    0.0012409164
    0.0010859993
   -0.0029998747
   -0.0069016690
    0.0069577693
    0.0288224046
    0.0039098542
   -0.0320652656
   -0.0063867381
    0.0097406768
    0.0123993430
    0.0120528034
   -0.0030683347
   -0.0014885281
    0.0014318717
   -0.0009278954
   -0.0035179829
    0.0019141958
    0.0478165617
   -0.0042849634
   -0.0073024703
    0.0095211584
    0.0124550320
    0.0138375435
   -0.0039383869
   -0.0043993088
   -0.0042426831
   -0.0051633766
   -0.0021830047
   -0.0060445435
    0.0314661821
    0.0104989589
    0.0160023109
    0.0119306865
    0.0148327107
    0.0160139341
   -0.0042205215
   -0.0054189523
   -0.0083241020
   -0.0135793764
   -0.0186535236
   -0.0106006446
    0.0285020499
    0.0245301831
    0.0118525062
    0.0136446545
    0.0199335500
    0.0177137906
   -0.0054084895
   -0.0082828352
   -0.0163214038
   -0.0372136200
   -0.0113881520
    0.0466077419
    0.0131052812
    0.0087884328
    0.0245681860
    0.0241518226
    0.0175878309
   -0.0072663661
   -0.0131153388
   -0.0337865870
   -0.0016087377
    0.0276132381
    0.0059914229
    0.0259559382
    0.0343437427
    0.0235423975
   -0.0064377348
   -0.0101387380
   -0.0222557856
   -0.0706260676
   -0.0565523062
    0.0149162903
    0.0215975398
    0.0425702345
    0.0315135809
    0.0199333215
   -0.0083365923
   -0.0149788780
   -0.0377878522
   -0.0978889030
   -0.0857826594
    0.0316354183
    0.0328926725
    0.0295918190
    0.0356552516
    0.0365701256
    0.0241137999
   -0.0111076586
   -0.0218987715
   -0.0503784394
   -0.0877162410
   -0.0816906091
   -0.0283778149
    0.0059138767
    0.0273300612
    0.0319378994
    0.0315971401
    0.0259808068
    0.0182001020
   -0.0145218793
   -0.0275317096
   -0.0491089610
   -0.0601303361
   -0.0411797273
   -0.0045135436
    0.0037796515
    0.0105800626
    0.0232668309
    0.0234466543
    0.0189152991
   -0.0172891764
   -0.0283743967
   -0.0384384511
   -0.0354751825
   -0.0184526610
   -0.0027161867
    0.0042937070
    0.0201770518
    0.0193350385
    0.0183751032
    0.0177132825
   -0.0180874527
   -0.0248129746
   -0.0267164569
   -0.0198385002
   -0.0083148126
    0.0006256465
    0.0080451442
    0.0181526227
    0.0162399956
    0.0139421138
    0.0152544955
    0.0139117053
   -0.0193774605
   -0.0173254407
   -0.0106034856
   -0.0026899505
    0.0039648153
    0.0092737058
    0.0117511211
    0.0114616041
    0.0127392077
    0.0126551564
   -0.0049681640
    0.0009034359
    0.0056732340
    0.0086811935
    0.0097892661
    0.0107337985
    0.0111516676
   -0.0014089734
    0.0029105570
    0.0060840386
    0.0079410758
    0.0090176333
    0.0096426724
    0.0038159327
    0.0059718009
    0.0073407699
    0.0081646752
    0.0057094591
    0.0067283009
   -0.0036396474
   -0.0008814535
   -0.0057882886
   -0.0015327339
    0.0008099256
    0.0021936877
   -0.0150683058
   -0.0144817936
   -0.0095082751
   -0.0028325522
    0.0008314919
    0.0024364401
    0.0036183027
   -0.0163196734
   -0.0185917404
   -0.0150406499
   -0.0061593220
    0.0009373425
    0.0024946021
    0.0041855435
    0.0050844426
   -0.0154878800
   -0.0210345535
   -0.0210862747
   -0.0126003912
   -0.0006827100
    0.0025041141
    0.0042095691
    0.0063206632
    0.0063912746
   -0.0033156944
   -0.0065257294
   -0.0124070812
   -0.0201456406
   -0.0248412509
   -0.0193650759
   -0.0077296363
    0.0017538778
    0.0031370876
    0.0077528571
    0.0082834969
   -0.0013910652
   -0.0009572247
   -0.0026447255
   -0.0076607595
   -0.0157037189
   -0.0235151524
   -0.0213602334
   -0.0128165940
   -0.0075819879
    0.0021313623
    0.0095269206
    0.0112362602
    0.0094047642
   -0.0011948506
    0.0006392751
    0.0017067383
   -0.0018043956
   -0.0090917571
   -0.0174331113
   -0.0164200854
   -0.0014088209
   -0.0184222226
   -0.0095621927
    0.0098811799
    0.0159071178
    0.0122705277
    0.0099134018
   -0.0015643393
    0.0006278518
    0.0054365255
    0.0058239435
   -0.0010188045
   -0.0101537082
   -0.0088547753
    0.0200688764
    0.0124626062
   -0.0354632586
   -0.0001281395
    0.0176976406
    0.0155385200
    0.0123095140
   -0.0006610888
    0.0048837969
    0.0167713473
    0.0094843196
    0.0003627313
   -0.0054709221
    0.0315271238
    0.0135634291
    0.0167385567
    0.0145931684
   -0.0019583822
    0.0006674699
    0.0158991237
    0.0271989514
    0.0208364960
    0.0046270647
    0.0433389778
    0.0644718235
    0.0246729085
    0.0165030635
    0.0154811682
    0.0152864198
   -0.0027161816
   -0.0021764731
    0.0016323941
    0.0263409715
    0.0354772773
    0.0329691790
    0.0462202659
    0.0248001408
    0.0133151997
    0.0179868752
    0.0167407561
   -0.0032143873
   -0.0035571366
   -0.0001892153
    0.0260340132
    0.0603621324
    0.0418861326
    0.0050775936
    0.0199213755
    0.0226283070
    0.0173138818
   -0.0035482598
   -0.0041252203
   -0.0055041316
    0.0002663131
    0.0380674787
   -0.0077401352
    0.0179611123
    0.0353315976
    0.0242827183
   -0.0042137779
   -0.0048970038
   -0.0045702377
   -0.0175749336
    0.0006750743
   -0.0042223538
    0.0086982213
    0.0697227507
    0.0386205616
    0.0218488684
   -0.0042511892
   -0.0050170372
   -0.0054939707
   -0.0172755513
    0.0288179260
    0.0133973762
    0.0679923328
    0.0301729585
    0.0180601280
   -0.0050977928
   -0.0065324507
   -0.0123134549
   -0.0468572060
    0.0448653165
    0.0539179159
    0.0764389517
    0.0395436945
    0.0221480249
   -0.0064551742
   -0.0103017313
   -0.0248278339
   -0.0600920462
   -0.0768046212
   -0.0507226799
    0.0213318288
    0.0464768767
    0.0395261448
    0.0252209557
   -0.0086076730
   -0.0155920465
   -0.0317515438
   -0.0507298067
   -0.0475030023
   -0.0149257890
    0.0213842904
    0.0096128147
    0.0507119063
    0.0292116886
    0.0247623356
    0.0180371267
   -0.0111051468
   -0.0190646182
   -0.0301261090
   -0.0347275949
   -0.0240197852
   -0.0046970428
    0.0043959475
    0.0132156573
    0.0212184997
    0.0208921929
    0.0178284337
   -0.0191369983
   -0.0239374247
   -0.0215386919
   -0.0114796499
   -0.0006688422
    0.0074806721
    0.0164297808
    0.0282581947
    0.0172408839
    0.0167615079
    0.0162610630
    0.0137435400
   -0.0166383013
   -0.0170897988
   -0.0124618951
   -0.0045650504
    0.0034188462
    0.0096822844
    0.0135926525
    0.0134109085
    0.0140897114
    0.0142443014
    0.0129928698
   -0.0064787481
   -0.0001947021
    0.0057463558
    0.0092746739
    0.0107444732
    0.0116855083
    0.0123594804
    0.0118502199
   -0.0025288414
    0.0023439974
    0.0061794241
    0.0083250990
    0.0095723647
    0.0104876995
    0.0105348550
   -0.0000287710
    0.0034798853
    0.0059795995
    0.0075733826
    0.0086469134
    0.0091155214
    0.0038986148
    0.0056872170
    0.0069265391
    0.0076672235
   -0.0058787611
   -0.0020091604
    0.0003356967
   -0.0139660794
   -0.0094364771
   -0.0032480329
    0.0004709918
    0.0020312478
    0.0030167849
   -0.0164469369
   -0.0187055959
   -0.0152659596
   -0.0061750785
    0.0013612272
    0.0027623394
    0.0037061470
    0.0043664618
   -0.0165952392
   -0.0226831341
   -0.0231929964
   -0.0132746735
    0.0030310110
    0.0057439959
    0.0044438336
    0.0055461408
    0.0056265999
   -0.0143369091
   -0.0237823564
   -0.0310200606
   -0.0252040444
   -0.0024864103
    0.0198138467
    0.0058401388
    0.0070220322
    0.0074205939
   -0.0019047611
   -0.0041589864
   -0.0099000351
   -0.0204460815
   -0.0343915564
   -0.0380914972
   -0.0183113392
    0.0255318742
    0.0179963374
    0.0097594833
    0.0106623894
    0.0087423588
    0.0000001224
   -0.0000951495
   -0.0040543469
   -0.0132391759
   -0.0294221149
   -0.0436991280
   -0.0282395573
   -0.0015618507
    0.0235185570
    0.0213625115
    0.0124468790
    0.0093661011
    0.0008679681
    0.0039470569
    0.0031635980
   -0.0040773969
   -0.0179190870
   -0.0356731776
   -0.0174346900
    0.0123396985
    0.0176312677
    0.0210670802
    0.0123367750
    0.0004387855
    0.0059157699
    0.0146526076
    0.0073362630
   -0.0046816054
   -0.0200936291
   -0.0014696227
    0.0380042132
    0.0163969190
    0.0121269069
   -0.0006032453
    0.0037522313
    0.0267322774
    0.0407551356
    0.0128602873
   -0.0078286052
    0.0084111555
    0.0343637713
    0.0197817096
    0.0149116899
   -0.0014974751
    0.0005384101
    0.0140929931
    0.0491758955
    0.0336673460
    0.0146090243
    0.0410814741
    0.0182826320
    0.0170459890
    0.0153169053
   -0.0012747944
    0.0016886468
    0.0141158197
    0.0161799783
    0.0192761620
   -0.0021030959
   -0.0013570145
    0.0029736251
    0.0921476940
    0.0114788530
    0.0054780261
    0.0256298829
    0.0216916607
   -0.0021628654
   -0.0006966413
    0.0247719859
    0.0730032874
   -0.0006320669
   -0.0226132186
    0.0470344170
    0.0344351576
    0.0212739321
   -0.0026948717
   -0.0016405602
    0.0117160120
    0.0077727242
    0.0317155216
    0.0186663448
   -0.0027591466
    0.0009158288
    0.0146051115
    0.0080875679
    0.0081781845
    0.0544072760
    0.0246464296
   -0.0028396329
    0.0021004047
    0.0025853101
   -0.0355970022
   -0.0364127809
    0.0319476595
    0.0188322753
   -0.0039622208
   -0.0040510915
   -0.0060725367
   -0.0242118950
   -0.0489243439
   -0.0480071460
   -0.0028677650
    0.0535310334
    0.0602621384
    0.0355667338
    0.0217137595
   -0.0050642533
   -0.0073228658
   -0.0153186401
   -0.0305892602
   -0.0388542667
   -0.0252595305
    0.0092867874
    0.0166590348
    0.0295504211
    0.0495972606
    0.0301929085
    0.0226788383
   -0.0067356545
   -0.0109643651
   -0.0190636105
   -0.0266448427
   -0.0244314212
   -0.0105019801
    0.0038378761
    0.0159943995
    0.0396250513
    0.0249429613
    0.0209874347
    0.0166112688
   -0.0128868540
   -0.0180715097
   -0.0194707417
   -0.0136103850
   -0.0031509220
    0.0088297821
    0.0236328610
    0.0364087369
    0.0322085123
    0.0184712780
    0.0159850756
   -0.0146706576
   -0.0127221128
   -0.0064782561
    0.0022104960
    0.0145234297
    0.0168760665
    0.0194586193
    0.0254500446
    0.0172772667
    0.0147332992
   -0.0016809039
    0.0058018859
    0.0114952547
    0.0120269097
    0.0138114186
    0.0149033527
    0.0133416599
    0.0118940352
    0.0013843605
    0.0063801358
    0.0087637260
    0.0100547660
    0.0114793988
    0.0116851537
    0.0108919057
    0.0028996619
    0.0058898134
    0.0076224742
    0.0089472713
    0.0097698252
    0.0096820080
    0.0034778562
    0.0054980858
    0.0069265284
    0.0079353835
    0.0083357039
   -0.0089326503
   -0.0040625205
   -0.0005662294
    0.0012515379
   -0.0168113250
   -0.0140177957
   -0.0069546090
   -0.0006231169
    0.0017680102
    0.0028681654
   -0.0159659822
   -0.0210780899
   -0.0214222446
   -0.0132216009
   -0.0003882355
    0.0039418059
    0.0038355377
    0.0045009785
   -0.0148400113
   -0.0235328768
   -0.0301069213
   -0.0251365434
   -0.0038030996
    0.0167050917
    0.0066199278
    0.0058730869
    0.0061299448
   -0.0222692916
   -0.0366616978
   -0.0423140287
   -0.0211763555
    0.0342595782
    0.0080963396
    0.0084884534
    0.0074926083
   -0.0012395543
   -0.0023510226
   -0.0066706908
   -0.0166786139
   -0.0360529025
   -0.0580039638
   -0.0496198400
    0.0175828789
    0.0240230256
    0.0150647922
    0.0106840245
    0.0083424057
   -0.0000293881
    0.0008988061
   -0.0009878379
   -0.0082590640
   -0.0259349571
   -0.0600978192
   -0.0620784140
   -0.0227989228
    0.0202586475
    0.0113500720
    0.0002952059
    0.0032276470
    0.0055963708
    0.0011312316
   -0.0107012266
   -0.0414244074
    0.0572055711
    0.0171079504
    0.0112834706
   -0.0001145434
    0.0033698475
    0.0130749579
    0.0155200842
    0.0043353537
   -0.0140527946
   -0.0409843143
    0.0301566810
    0.0145776131
   -0.0007653608
    0.0017047150
    0.0131051484
    0.0271634305
    0.0100836055
   -0.0055886685
    0.0390419351
    0.0179037750
    0.0140352248
    0.0000413303
    0.0052151445
    0.0501430592
    0.0278585027
    0.0179510635
    0.0169618150
   -0.0009919553
    0.0008687608
    0.0158061721
    0.0458642569
    0.0093070703
    0.0190683206
    0.0183358915
   -0.0006327884
    0.0016929778
   -0.0199095251
    0.0177906741
    0.0249992014
    0.0189164339
   -0.0014263459
    0.0002142973
    0.0162069569
    0.0238193103
    0.0440511272
    0.0271080365
   -0.0009097905
    0.0061105950
    0.0338796404
    0.0473825066
    0.0240429446
   -0.0019141847
    0.0006519736
    0.0299828265
    0.0509925064
    0.0131915214
    0.0118939807
    0.0340461505
    0.0195816831
   -0.0017704884
    0.0028839010
    0.0295487692
    0.0109362546
   -0.0034086880
   -0.0113723149
   -0.0033214895
    0.0692318989
    0.0462824700
    0.0241361538
   -0.0019970791
    0.0009948372
   -0.0010787618
   -0.0177030126
   -0.0256231124
   -0.0194131002
    0.0151223576
    0.0438984846
    0.0273272782
    0.0180328446
   -0.0034082210
   -0.0052663047
   -0.0135625163
   -0.0224891480
   -0.0219585900
   -0.0081938712
    0.0109466817
    0.0444674089
    0.0334450146
    0.0262849713
    0.0194145070
   -0.0058192959
   -0.0101005957
   -0.0163903026
   -0.0189107710
   -0.0130249410
   -0.0012076058
    0.0183257895
    0.0231932118
    0.0192114731
   -0.0079116130
   -0.0118015147
   -0.0146781457
   -0.0129355519
   -0.0058206427
    0.0056757889
    0.0290218989
    0.0179376376
    0.0148138357
   -0.0111434899
   -0.0074528383
   -0.0003534268
    0.0169305188
    0.0231571552
    0.0376864027
    0.0170310716
    0.0141860564
   -0.0031370369
    0.0039294212
    0.0162418376
    0.0152560209
    0.0146140845
    0.0204636032
    0.0159635040
    0.0132367871
   -0.0000017468
    0.0056809274
    0.0096712933
    0.0100608100
    0.0119566858
    0.0130679969
    0.0120030335
    0.0018956445
    0.0054720788
    0.0074200535
    0.0088180020
    0.0101374552
    0.0103922749
    0.0027941063
    0.0050826937
    0.0066491748
    0.0079060790
    0.0086462618
    0.0048494715
   -0.0071770091
   -0.0023553690
    0.0004320881
    0.0018804520
   -0.0177996301
   -0.0178346275
   -0.0122451135
   -0.0039802345
    0.0008120113
    0.0024638929
    0.0033539936
   -0.0205597115
   -0.0250233302
   -0.0213635324
   -0.0082885972
    0.0031912437
    0.0040143259
    0.0044237715
    0.0047862195
   -0.0208536863
   -0.0316359298
   -0.0354109909
   -0.0208523260
    0.0117285188
    0.0133899103
    0.0063637414
    0.0064016956
    0.0060620354
   -0.0176411713
   -0.0339837607
   -0.0516491308
   -0.0471235944
    0.0044253120
    0.0160219322
    0.0092802072
    0.0082471817
    0.0070306933
   -0.0014481019
   -0.0040473942
   -0.0113789371
   -0.0286992589
   -0.0608593988
   -0.0794174884
   -0.0431483158
    0.0226800935
    0.0129047131
    0.0094295077
    0.0006157513
    0.0003617599
   -0.0038738488
   -0.0165226185
   -0.0525458315
    0.0412454666
    0.0139999526
    0.0098951986
    0.0016130410
    0.0042526665
    0.0035456272
   -0.0028107998
   -0.0254139996
    0.0293684135
    0.0131806083
    0.0013730315
    0.0061155907
    0.0129899616
    0.0086394734
    0.0028828144
   -0.0336924420
    0.0179984578
    0.0126689389
    0.0005051104
    0.0045062858
    0.0229614849
    0.0347312449
    0.0210113969
    0.0366596927
    0.0075416059
    0.0222927492
    0.0155016979
   -0.0003320241
    0.0019560504
    0.0133192280
    0.0651578560
    0.0466446464
    0.0179894471
    0.0172615530
    0.0157381122
    0.0003692703
    0.0037119011
    0.0051565475
    0.0146198019
    0.0193049956
    0.0162932083
   -0.0005486065
    0.0011319958
    0.0116969656
    0.0744236880
   -0.0211118543
   -0.0005510540
    0.0235087797
    0.0215605107
    0.0000974208
    0.0041893877
    0.0337161197
   -0.0465552471
    0.0367796142
    0.0311596822
    0.0211962180
   -0.0008405499
    0.0018822170
    0.0329358142
    0.0442091729
   -0.0199069399
    0.0582424508
    0.0295787045
    0.0187748211
   -0.0001546108
    0.0073425713
    0.0356464008
   -0.0099589208
    0.0426683228
    0.0239967742
   -0.0014703778
    0.0008287308
    0.0126628076
    0.0349818755
    0.0074349760
    0.0086672549
   -0.0106977418
    0.0134973205
    0.0517275072
    0.0292224149
    0.0188716317
   -0.0015074924
    0.0008160664
    0.0049876653
   -0.0020210696
   -0.0080796164
   -0.0115180856
   -0.0063542222
    0.0335066596
    0.0373949566
    0.0301333858
    0.0213686422
   -0.0020481931
   -0.0015764087
   -0.0041658991
   -0.0100725752
   -0.0129655071
   -0.0100465490
    0.0005841723
    0.0358978619
    0.0257590236
    0.0220383993
   -0.0032765073
   -0.0048265592
   -0.0085352254
   -0.0117494775
   -0.0108702341
   -0.0046279962
    0.0071284841
    0.0323508465
    0.0208068050
    0.0168542201
   -0.0047461720
   -0.0069867154
   -0.0095644544
   -0.0100457748
   -0.0065930269
    0.0006229715
    0.0203769538
    0.0164390533
   -0.0085207553
   -0.0069878282
   -0.0024325961
    0.0073443157
    0.0284026917
    0.0231634191
    0.0156351212
   -0.0038653888
    0.0011235570
    0.0120111992
    0.0253381089
    0.0134575454
    0.0191084063
    0.0200954096
    0.0147197077
    0.0124862953
   -0.0012201096
    0.0034966949
    0.0092210889
    0.0098523582
    0.0109266092
    0.0135017693
    0.0130558988
    0.0115889202
    0.0007094654
    0.0042889502
    0.0068305750
    0.0081323728
    0.0097940495
    0.0107473060
    0.0103783182
    0.0018847163
    0.0043386944
    0.0060683105
    0.0074746321
    0.0085918272
    0.0089372345
    0.0042951310
    0.0056959584
   -0.0105218608
   -0.0052068960
   -0.0011193038
    0.0011066001
   -0.0193310151
   -0.0168346432
   -0.0093047617
   -0.0020138784
    0.0014023260
    0.0028683752
   -0.0177360920
   -0.0245349967
   -0.0262425135
   -0.0178857344
   -0.0040454306
    0.0025994172
    0.0039173791
    0.0045889473
   -0.0163677561
   -0.0275839915
   -0.0377223171
   -0.0343420928
   -0.0120925955
    0.0093234280
    0.0067940525
    0.0062800276
    0.0061593101
   -0.0124849301
   -0.0259661320
   -0.0467657272
   -0.0599092280
   -0.0378305856
    0.0266677098
    0.0104461157
    0.0084892738
    0.0074055220
   -0.0011795758
   -0.0025099230
   -0.0070398857
   -0.0188239850
   -0.0461416086
   -0.0815781650
   -0.0852661528
   -0.0123816625
    0.0140633515
    0.0101139093
    0.0082151786
    0.0000182510
    0.0003525898
   -0.0015309166
   -0.0085503457
   -0.0314537778
   -0.0839434278
   -0.0709017131
    0.0501779337
    0.0159018442
    0.0107746412
    0.0004695869
    0.0021808434
    0.0029982357
    0.0007212260
   -0.0089046441
   -0.0578114861
    0.0402579231
    0.0146431539
    0.0109431167
    0.0003086658
    0.0025348563
    0.0060006328
    0.0070557807
    0.0082042905
    0.0022595489
    0.0204812397
    0.0136342479
   -0.0001288023
    0.0017679032
    0.0060011717
    0.0135768905
    0.0157913427
    0.0415121247
    0.0220775606
    0.0159206697
    0.0136284926
    0.0007698266
    0.0036441728
    0.0152345404
    0.0376510875
    0.0451839940
    0.0463857625
    0.0158918503
    0.0156174520
    0.0162640704
   -0.0000365149
    0.0017561500
    0.0075771657
    0.0206895969
    0.0065763641
    0.0094890460
    0.0183322234
    0.0175827134
    0.0006461718
    0.0030512646
    0.0698656113
    0.0228141121
   -0.0072790613
   -0.0092760027
    0.0188190907
    0.0226807066
    0.0180037880
   -0.0001903814
    0.0017090153
    0.0104377352
    0.0201765639
    0.0679302351
   -0.0036046524
   -0.0305113966
    0.0357195069
    0.0318485975
    0.0239814150
    0.0005552890
    0.0048555164
    0.0092124645
   -0.0349615999
    0.0736583910
    0.0332289735
    0.0218497995
   -0.0005545042
    0.0018878018
    0.0128250185
    0.0296974036
    0.0231775277
   -0.0231493777
    0.0143409988
    0.0292581463
    0.0466639911
    0.0277479055
    0.0184569499
   -0.0001704768
    0.0033669035
    0.0125131813
    0.0076467575
    0.0069310725
   -0.0039601545
   -0.0045093544
    0.0612219776
    0.0316396243
    0.0218575075
   -0.0000808641
    0.0025043435
    0.0022571784
   -0.0018034196
   -0.0039249857
   -0.0064309390
    0.0196048941
    0.0561664135
    0.0287794464
    0.0238605413
   -0.0008616475
   -0.0009017657
   -0.0036631252
   -0.0061111982
   -0.0067312465
   -0.0018534510
    0.0166493449
    0.0259527673
    0.0232085035
    0.0184081457
   -0.0024451671
   -0.0040108008
   -0.0063062698
   -0.0071003210
   -0.0046779043
    0.0014364032
    0.0297427335
    0.0217450873
    0.0184092165
   -0.0040102081
   -0.0056557481
   -0.0067050636
   -0.0055596401
   -0.0015375863
    0.0072025954
    0.0514218338
    0.0249459340
    0.0176545470
    0.0146125864
   -0.0030885430
    0.0017662276
    0.0203092086
    0.0224930847
    0.0297481317
    0.0282957867
    0.0170191644
    0.0141695389
   -0.0006049686
    0.0048429216
    0.0171747192
    0.0132832157
    0.0130108016
    0.0184538406
    0.0159229950
    0.0133825408
    0.0014394121
    0.0059117240
    0.0086728242
    0.0089832619
    0.0118374578
    0.0132267907
    0.0122268841
    0.0027185731
    0.0054998855
    0.0070147799
    0.0087243263
    0.0103446584
    0.0106365675
    0.0033130469
    0.0052017297
    0.0066897616
    0.0080788286
    0.0088784571
    0.0035757126
    0.0050626667
   -0.0083617788
   -0.0034907821
   -0.0002120396
    0.0015864862
   -0.0182913272
   -0.0188551950
   -0.0140514510
   -0.0064577847
   -0.0008738689
    0.0018418453
    0.0030692644
   -0.0209731516
   -0.0260858477
   -0.0236278607
   -0.0129192650
   -0.0023895738
    0.0022611532
    0.0039202957
    0.0044649708
   -0.0210973619
   -0.0325108101
   -0.0377494781
   -0.0268147503
   -0.0070609265
    0.0031909116
    0.0053921291
    0.0058098839
    0.0056627524
   -0.0176741027
   -0.0344171010
   -0.0533930236
   -0.0529513854
   -0.0229172533
    0.0056517649
    0.0096657477
    0.0080410186
    0.0073332354
   -0.0017886626
   -0.0043360367
   -0.0113111757
   -0.0285620043
   -0.0611367743
   -0.0859396572
   -0.0611491627
   -0.0012735786
    0.0334121604
    0.0148213269
    0.0097882606
    0.0083922769
   -0.0000509285
   -0.0007208542
   -0.0042167468
   -0.0157855780
   -0.0513629564
   -0.0336673953
    0.0143466241
    0.0107726104
    0.0090424202
    0.0008697152
    0.0017735924
    0.0013043759
   -0.0021630371
   -0.0220860059
   -0.0821611467
    0.0311599948
    0.0135317887
    0.0112200337
    0.0009971921
    0.0028399149
    0.0043637412
    0.0061146847
    0.0088366229
   -0.0255266884
    0.0094491086
    0.0154171317
    0.0133208495
    0.0115713634
    0.0006390723
    0.0026125082
    0.0053328664
    0.0092740437
    0.0211474856
   -0.0093290869
    0.0337323641
    0.0157549849
    0.0140725650
    0.0137959060
    0.0001318035
    0.0017697929
    0.0045411643
    0.0134529565
    0.0302797820
    0.0682463356
    0.0077260029
    0.0267246729
    0.0115662349
    0.0139065399
    0.0125919650
    0.0156573886
    0.0146415030
    0.0009020270
    0.0029989727
    0.0125776793
    0.0628827496
    0.0327770773
    0.0499057476
    0.0036155462
    0.0036231473
    0.0081069120
    0.0167124841
    0.0180446133
    0.0001700792
    0.0017773731
    0.0057794320
    0.0485208906
    0.0101077498
    0.0339071295
    0.0423361442
    0.0043645667
   -0.0017959319
    0.0178339908
    0.0232591008
    0.0194846612
    0.0008370483
    0.0029499751
    0.0166118672
   -0.0025459795
   -0.0309357294
    0.0128448224
   -0.0062277275
    0.0344741706
    0.0397058176
    0.0264282965
    0.0189783738
   -0.0000247523
    0.0017621995
    0.0052231177
    0.0238435759
    0.0114254612
   -0.0362519172
   -0.0079522370
    0.0250970006
    0.0416948964
    0.0246715460
    0.0004938158
    0.0029911299
    0.0069348053
    0.0103770139
    0.0112176256
   -0.0090197131
   -0.0117471939
    0.0370202398
    0.0319478798
    0.0209237034
    0.0009575457
    0.0034670746
    0.0037601082
    0.0032821254
    0.0006325105
   -0.0069374070
    0.0389550206
    0.0245318507
   -0.0005045043
    0.0008340847
    0.0016715498
    0.0001627188
   -0.0008110403
   -0.0033562036
    0.0078787909
    0.0723621362
    0.0384698185
    0.0260660141
    0.0192110149
   -0.0007916756
   -0.0002860295
   -0.0010152599
   -0.0024836983
   -0.0034023951
   -0.0018750985
    0.0131465077
    0.0399425869
    0.0604302065
    0.0326610807
    0.0247539854
    0.0200479901
   -0.0015014282
   -0.0018974819
   -0.0030678788
   -0.0039640629
   -0.0033386110
    0.0003457095
    0.0068345500
    0.0326106469
    0.0230748981
    0.0195450393
    0.0158390989
   -0.0032004888
   -0.0040390913
   -0.0038904431
   -0.0018185286
    0.0020370460
    0.0121275621
    0.0256451295
    0.0235124046
    0.0184841130
    0.0156402469
   -0.0027541376
    0.0000510523
    0.0043532434
    0.0167286837
    0.0163200979
    0.0156781445
    0.0196854803
    0.0174478161
    0.0149263860
   -0.0012213206
    0.0018562615
    0.0060640716
    0.0084607145
    0.0087774967
    0.0133891459
    0.0152050232
    0.0138499726
    0.0002760582
    0.0032074425
    0.0058369511
    0.0068531668
    0.0095379064
    0.0120012975
    0.0122730285
    0.0112732562
    0.0014832610
    0.0038812716
    0.0056548453
    0.0073154600
    0.0092752430
    0.0103159749
    0.0023026341
    0.0041690488
    0.0057161933
    0.0072244748
    0.0084022598
    0.0043090733
    0.0056356773
   -0.0061187854
   -0.0020708089
    0.0005065631
   -0.0181200097
   -0.0163923808
   -0.0105407960
   -0.0041185436
    0.0000831316
    0.0021876028
   -0.0163645189
   -0.0223479653
   -0.0241773898
   -0.0183799348
   -0.0084653569
   -0.0010031588
    0.0025190776
    0.0038315360
   -0.0149977542
   -0.0245080916
   -0.0328331336
   -0.0311455554
   -0.0177660498
   -0.0041014615
    0.0028106001
    0.0048485495
    0.0052688034
   -0.0227117390
   -0.0387095633
   -0.0484024873
   -0.0359273810
   -0.0124635806
    0.0029378837
    0.0065574370
    0.0066929090
    0.0064110365
   -0.0028599998
   -0.0067913992
   -0.0165035261
   -0.0368551089
   -0.0627744400
   -0.0658534893
   -0.0312757969
    0.0047516245
    0.0131364503
    0.0087360242
    0.0079922757
    0.0072593668
   -0.0005762246
   -0.0022615641
   -0.0079238879
   -0.0250407170
   -0.0621182031
   -0.0882657871
   -0.0662799816
    0.0008112557
    0.0150136245
    0.0097161698
    0.0088979501
    0.0001214755
    0.0008553200
    0.0010252288
   -0.0003767514
   -0.0078718594
   -0.0396894010
   -0.0807217023
   -0.0300791207
    0.0112982068
    0.0105724138
    0.0095564822
    0.0013987702
    0.0027585990
    0.0041145780
    0.0054570033
   -0.0026476086
   -0.0558465890
   -0.0510391034
    0.0166950411
    0.0115573408
    0.0113850444
    0.0012752845
    0.0031494768
    0.0061210317
    0.0116081336
    0.0218407745
    0.0127448889
   -0.0504544225
   -0.0400601926
   -0.0068084589
    0.0239220172
    0.0114621762
    0.0130248508
    0.0121559899
    0.0008227354
    0.0026446315
    0.0064073414
    0.0201504841
    0.0269630806
    0.0544458357
    0.0135137153
   -0.0221119434
   -0.0006831631
    0.0025219321
    0.0114311062
    0.0109296359
    0.0142662564
    0.0146250951
    0.0002945857
    0.0017998840
    0.0047514638
    0.0286032737
    0.0377592154
    0.0454668280
    0.0004410389
    0.0062126821
    0.0089048394
    0.0043152522
    0.0087154406
    0.0154341788
    0.0178943070
    0.0158319885
    0.0009792070
    0.0029496469
    0.0127146214
    0.0170039540
   -0.0032566533
    0.0023351205
    0.0200941728
    0.0210307958
    0.0067814732
    0.0173489171
    0.0241541108
    0.0205835458
    0.0002595640
    0.0017541270
    0.0044579672
    0.0378103356
    0.0134027974
   -0.0167061084
   -0.0104576027
    0.0114944589
    0.0211188161
    0.0203447881
    0.0449295305
    0.0301450641
    0.0207356821
    0.0007830716
    0.0025085100
    0.0058240877
    0.0274951901
    0.0164990044
   -0.0082685897
   -0.0168155884
    0.0098312190
    0.0207506317
    0.0611417758
    0.0283041172
    0.0188775536
    0.0012852095
    0.0028874348
    0.0046345545
    0.0077662472
    0.0013303748
   -0.0098232678
    0.0278021443
    0.0419999534
    0.0234708302
    0.0001612542
    0.0014882795
    0.0023323597
    0.0024356655
    0.0021415215
   -0.0026363252
    0.0104728447
    0.0527030986
    0.0391104189
    0.0596659645
    0.0281887402
    0.0190191188
    0.0001529219
    0.0010042812
    0.0009294776
    0.0004642623
   -0.0007532502
    0.0003256423
    0.0462006010
    0.0502025673
    0.0305169827
    0.0210924627
   -0.0002600601
   -0.0001322547
   -0.0006860312
   -0.0012801135
   -0.0011780809
    0.0047142529
    0.0239060545
    0.0412970900
    0.0335677488
    0.0280794341
    0.0216634056
   -0.0010239080
   -0.0013900279
   -0.0019338430
   -0.0019141792
   -0.0000977732
    0.0043451518
    0.0092713836
    0.0288397997
    0.0235345873
    0.0205731686
    0.0168764087
   -0.0022761118
   -0.0014258558
    0.0010445549
    0.0037367377
    0.0093626622
    0.0318390414
    0.0192914234
    0.0185977179
    0.0163119124
   -0.0003930337
    0.0021076850
    0.0041802931
    0.0063498332
    0.0141628542
    0.0149444440
    0.0162187777
    0.0151708012
    0.0132098478
    0.0007676928
    0.0031163208
    0.0045344189
    0.0060122487
    0.0104279943
    0.0132728896
    0.0135891266
    0.0124352341
    0.0018302443
    0.0038757790
    0.0052487689
    0.0075245104
    0.0103232736
    0.0115953299
    0.0113105918
    0.0026490157
    0.0043948865
    0.0059983532
    0.0079750007
    0.0094966569
    0.0099135198
    0.0032005442
    0.0047378439
    0.0062456622
    0.0076279477
    0.0048756947
   -0.0041028563
   -0.0009127027
   -0.0128259796
   -0.0071981515
   -0.0022072867
    0.0008643083
   -0.0174412641
   -0.0211300327
   -0.0196124611
   -0.0126923776
   -0.0048475878
    0.0003305033
    0.0027450690
   -0.0172309783
   -0.0249779359
   -0.0281734423
   -0.0218745190
   -0.0102685024
   -0.0011158868
    0.0031101930
    0.0044617818
   -0.0144618207
   -0.0254677245
   -0.0360812144
   -0.0353107271
   -0.0205387854
   -0.0045951781
    0.0035973199
    0.0054933524
    0.0058472059
   -0.0210322260
   -0.0385553004
   -0.0499742352
   -0.0375598862
   -0.0119512159
    0.0070044861
    0.0074408865
    0.0071138356
    0.0069066428
   -0.0014388556
   -0.0043254562
   -0.0125330833
   -0.0315140982
   -0.0562624320
   -0.0587480973
   -0.0270959060
    0.0212279599
    0.0192490617
    0.0087486031
    0.0082451740
    0.0002160143
    0.0005607146
    0.0000128848
   -0.0033694665
   -0.0160655488
   -0.0458676263
   -0.0679038872
   -0.0475282562
    0.0069694900
    0.0140440671
    0.0094772895
    0.0091734075
    0.0005366179
    0.0015892279
    0.0027177403
    0.0032562338
    0.0000392663
   -0.0196850043
   -0.0548981790
   -0.0564679889
   -0.0189065205
    0.0321167334
    0.0105431390
    0.0105944086
    0.0017864982
    0.0038764116
    0.0071530577
    0.0096571880
    0.0067899971
   -0.0218008470
   -0.0443581376
   -0.0258538759
    0.0029697633
    0.0250041793
    0.0117807759
    0.0117808446
    0.0118110898
    0.0014552656
    0.0037094266
    0.0093812247
    0.0162012150
    0.0177324592
    0.0098983636
   -0.0184945279
   -0.0191666948
   -0.0041332751
    0.0070258335
    0.0109431279
    0.0128213388
    0.0139659476
    0.0009162643
    0.0027812147
    0.0080263127
    0.0270226943
    0.0233033740
    0.0173499961
    0.0009506167
   -0.0087346037
   -0.0010606978
    0.0047987190
    0.0086973266
    0.0138326314
    0.0169635695
    0.0159110147
    0.0017745767
    0.0047756044
    0.0212156132
    0.0422543667
    0.0157489686
    0.0024168295
   -0.0050382972
   -0.0004666976
    0.0117431854
    0.0102675559
    0.0147322378
    0.0221956251
    0.0209391332
    0.0167364510
    0.0009227032
    0.0027063401
    0.0079151263
    0.0316499205
    0.0198259335
    0.0013472968
   -0.0075110905
   -0.0039464480
    0.0132410831
    0.0255455698
    0.0158423213
    0.0306643947
    0.0311322154
    0.0221321664
    0.0014721049
    0.0034302725
    0.0092247499
    0.0150191153
    0.0043747904
   -0.0062920823
   -0.0035551226
    0.0018078069
    0.0198763539
    0.0339742715
    0.0515545681
    0.0316924932
    0.0204546332
    0.0005333075
    0.0018230327
    0.0034008748
    0.0059442660
    0.0048083239
   -0.0016376045
   -0.0007157648
    0.0186716445
    0.0171409282
    0.0227432614
    0.0264124127
    0.0614420824
    0.0472140802
    0.0261394671
    0.0176731445
    0.0007014598
    0.0017227248
    0.0024819441
    0.0028107436
    0.0008107743
   -0.0001606372
    0.0229253455
    0.0214987360
    0.0226143446
    0.0403342366
    0.0532603176
    0.0320598438
    0.0206957935
    0.0005657412
    0.0010845623
    0.0011724202
    0.0007266069
    0.0000744942
    0.0062447600
    0.0308421348
    0.0177596598
    0.0349018656
    0.0384536617
    0.0332731467
    0.0228796955
    0.0000749130
    0.0001296304
   -0.0000804294
   -0.0002447755
    0.0013607086
    0.0082993520
    0.0103519014
    0.0301762811
    0.0280841772
    0.0229614820
    0.0176169591
   -0.0006158396
   -0.0007714325
   -0.0008264338
   -0.0000947441
    0.0024408150
    0.0051251796
    0.0105315002
    0.0223410608
    0.0208601457
    0.0175458161
    0.0005855391
    0.0027793689
    0.0042070842
    0.0158135523
    0.0191477106
    0.0178481024
    0.0164730861
    0.0013588486
    0.0031465911
    0.0042537196
    0.0110997165
    0.0144453541
    0.0147641118
    0.0147716936
    0.0134103843
    0.0021266429
    0.0036637333
    0.0051192182
    0.0087571393
    0.0116217294
    0.0127239124
    0.0123155393
    0.0028347218
    0.0043428140
    0.0062221658
    0.0088008259
    0.0105242863
    0.0109059498
    0.0034294679
    0.0049705943
    0.0067696290
    0.0084583089
    0.0038706800
    0.0053133541
    0.0067353116
   -0.0091734049
   -0.0044392475
   -0.0007629461
   -0.0167911032
   -0.0177940195
   -0.0142407925
   -0.0078988654
   -0.0021962468
    0.0012354988
   -0.0177619785
   -0.0222516173
   -0.0210326083
   -0.0136369943
   -0.0049757198
    0.0007290001
    0.0032321968
   -0.0162674833
   -0.0245590530
   -0.0283540050
   -0.0221830593
   -0.0100956390
   -0.0003525809
    0.0037002886
    0.0049180506
   -0.0122473560
   -0.0227127747
   -0.0330089568
   -0.0325094320
   -0.0185923547
   -0.0023093984
    0.0049285586
    0.0059107793
    0.0062136330
   -0.0163037754
   -0.0310421190
   -0.0400920200
   -0.0299272921
   -0.0076323415
    0.0095806140
    0.0079205129
    0.0073098422
    0.0072274303
    0.0000975283
   -0.0000536843
   -0.0017404863
   -0.0075202877
   -0.0212905704
   -0.0383856317
   -0.0389498672
   -0.0179365789
    0.0112346449
    0.0138650469
    0.0086508102
    0.0084186958
    0.0007099791
    0.0015470694
    0.0019684063
    0.0002390379
   -0.0077146873
   -0.0255185302
   -0.0377566275
   -0.0260691299
   -0.0013729094
    0.0175390980
    0.0106489120
    0.0095846362
    0.0094561623
    0.0008214737
    0.0021672167
    0.0041105331
    0.0053919371
    0.0031852763
   -0.0077570846
   -0.0249026997
   -0.0256847663
   -0.0097730389
    0.0074083970
    0.0113932984
    0.0106463342
    0.0109955463
    0.0020249776
    0.0046570528
    0.0086431933
    0.0092827931
    0.0048653134
   -0.0082663586
   -0.0172320413
   -0.0104233807
    0.0008374469
    0.0086090789
    0.0113530187
    0.0127473892
    0.0014954970
    0.0038362429
    0.0093042037
    0.0137875119
    0.0099205021
    0.0020212037
   -0.0075743583
   -0.0073091689
    0.0001064512
    0.0065122844
    0.0114775158
    0.0149154870
    0.0151789121
    0.0008857639
    0.0025925633
    0.0066249645
    0.0149769274
    0.0129331610
    0.0050636155
   -0.0026048597
   -0.0047640176
    0.0003252648
    0.0070370962
    0.0115190154
    0.0174948346
    0.0193482439
    0.0167116298
    0.0015376044
    0.0038089274
    0.0093863094
    0.0134131319
    0.0065166519
   -0.0009846803
   -0.0037685715
   -0.0017625725
    0.0075025506
    0.0120725602
    0.0193173888
    0.0253845719
    0.0218917594
    0.0021078353
    0.0045883618
    0.0084407943
    0.0068909546
    0.0008469646
   -0.0024508018
   -0.0020481747
    0.0024246338
    0.0118954708
    0.0184951770
    0.0303840106
    0.0294029539
    0.0211523477
    0.0010242593
    0.0023442638
    0.0041406245
    0.0049805583
    0.0023015173
   -0.0005756059
    0.0013658936
    0.0010497747
    0.0074041509
    0.0154028232
    0.0281500996
    0.0356714884
    0.0266238895
    0.0185520005
    0.0011024043
    0.0020515303
    0.0027814047
    0.0022548332
    0.0006848457
    0.0023674534
    0.0066675609
    0.0051249117
    0.0127958052
    0.0220546861
    0.0329816796
    0.0304320597
    0.0215878753
    0.0008671700
    0.0013304322
    0.0013848893
    0.0008961449
    0.0015641673
    0.0059653718
    0.0063830234
    0.0120100508
    0.0244107994
    0.0259035149
    0.0286799811
    0.0232265465
    0.0003727165
    0.0004947965
    0.0004496100
    0.0008228741
    0.0030403645
    0.0055709824
    0.0080790499
    0.0356676869
    0.0288548781
    0.0236841490
    0.0222607201
    0.0180311680
    0.0013988418
    0.0035149052
    0.0051274964
    0.0166603409
    0.0409889638
    0.0209234212
    0.0194615407
    0.0174517671
    0.0019952071
    0.0036697415
    0.0060864567
    0.0193781668
    0.0194273034
    0.0164351096
    0.0158664791
    0.0025265844
    0.0040502901
    0.0070762573
    0.0125526275
    0.0134612802
    0.0138055729
    0.0131287995
    0.0015412374
    0.0030724999
    0.0046635068
    0.0073748931
    0.0101992271
    0.0115693980
    0.0117490964
    0.0021440138
    0.0036332610
    0.0053244797
    0.0075184830
    0.0093414987
    0.0101542124
    0.0026919924
    0.0041369755
    0.0057484098
    0.0073927001
    0.0044821718
    0.0058474392
   -0.0094664052
   -0.0044060778
   -0.0004875174
   -0.0163833644
   -0.0176235229
   -0.0141516142
   -0.0076855190
   -0.0018086675
    0.0016517260
   -0.0161987485
   -0.0206291326
   -0.0196168342
   -0.0125941646
   -0.0041372357
    0.0013389628
    0.0036410559
   -0.0135871735
   -0.0208765620
   -0.0241712572
   -0.0188398655
   -0.0080635533
    0.0007624309
    0.0041740338
    0.0052251566
   -0.0173280404
   -0.0251497110
   -0.0245353202
   -0.0138036881
   -0.0008371796
    0.0051271632
    0.0060878184
    0.0064506480
   -0.0107863100
   -0.0207830136
   -0.0262763340
   -0.0195251081
   -0.0051591041
    0.0057715389
    0.0072347027
    0.0074102257
    0.0010114782
    0.0001602130
   -0.0036807313
   -0.0122491987
   -0.0217748263
   -0.0216632139
   -0.0103761742
    0.0029656359
    0.0080832808
    0.0083809034
    0.0086090590
    0.0021475182
    0.0030029994
    0.0018364337
   -0.0033114868
   -0.0126501146
   -0.0181801624
   -0.0126627915
   -0.0015457792
    0.0067542306
    0.0090657858
    0.0098117305
    0.0023566895
    0.0043798040
    0.0053516284
    0.0029403640
   -0.0035466756
   -0.0109532609
   -0.0109899081
   -0.0037569896
    0.0042046685
    0.0089493683
    0.0110075346
    0.0019516041
    0.0042489632
    0.0070067633
    0.0064853605
    0.0021779283
   -0.0041368055
   -0.0071860215
   -0.0036419478
    0.0027715512
    0.0082837500
    0.0120683115
    0.0135125885
    0.0013314442
    0.0031916982
    0.0063542900
    0.0080690005
    0.0049976020
   -0.0000826348
   -0.0037651887
   -0.0028778518
    0.0022123388
    0.0077351107
    0.0127733482
    0.0159889872
    0.0020507586
    0.0043553598
    0.0071022533
    0.0061667648
    0.0020099106
   -0.0015503867
   -0.0021919633
    0.0010542250
    0.0069963697
    0.0127254509
    0.0182030970
    0.0191694450
    0.0025997751
    0.0046726968
    0.0055351734
    0.0031468965
    0.0000511075
   -0.0010119554
   -0.0000838304
    0.0049912685
    0.0115166524
    0.0186078731
    0.0226094246
    0.0198855308
    0.0014103738
    0.0026820506
    0.0037909693
    0.0032121096
    0.0012164208
    0.0003997642
    0.0007800073
    0.0028706313
    0.0091998425
    0.0166147092
    0.0234170165
    0.0231827592
    0.0183123143
    0.0014040671
    0.0022107499
    0.0024279456
    0.0016339977
    0.0011672219
    0.0022287197
    0.0029393889
    0.0070381776
    0.0139467355
    0.0208193027
    0.0239470961
    0.0205361979
    0.0011057293
    0.0014571816
    0.0013603309
    0.0012435312
    0.0023147828
    0.0037444831
    0.0057823965
    0.0124769779
    0.0180262577
    0.0215843864
    0.0209604356
    0.0016995243
    0.0033294636
    0.0049133509
    0.0100848935
    0.0178908241
    0.0187221384
    0.0193174686
    0.0173108512
    0.0023402895
    0.0039470914
    0.0066717337
    0.0147049927
    0.0172792920
    0.0168444952
    0.0162546008
    0.0028844006
    0.0046407932
    0.0085559287
    0.0139745993
    0.0144470465
    0.0144696169
    0.0034137817
    0.0054195640
    0.0089992370
    0.0116165116
    0.0124120941
    0.0024469037
    0.0039641811
    0.0060289402
    0.0085781033
    0.0102230385
    0.0108180760
    0.0029525943
    0.0044732900
    0.0063302901
    0.0081100286
    0.0091788268
    0.0048399726
    0.0063588339
   -0.0038797187
   -0.0000646115
   -0.0155240065
   -0.0124234924
   -0.0065410979
   -0.0011236282
    0.0020671992
   -0.0168046973
   -0.0159124206
   -0.0100720373
   -0.0028915343
    0.0018554608
    0.0039319111
   -0.0155376799
   -0.0177903835
   -0.0137582619
   -0.0056491696
    0.0012411701
    0.0043040706
    0.0054067291
   -0.0116743761
   -0.0166511816
   -0.0160020418
   -0.0089534601
   -0.0003931353
    0.0044680696
    0.0060453489
   -0.0123980028
   -0.0152508837
   -0.0112358260
   -0.0030031836
    0.0037695268
    0.0065240343
    0.0074514995
    0.0015067047
    0.0010380594
   -0.0066389796
   -0.0114415051
   -0.0110760913
   -0.0050983338
    0.0020569860
    0.0064555751
    0.0082252258
    0.0021667528
    0.0029140181
    0.0019216697
   -0.0062848461
   -0.0085319024
   -0.0055249802
    0.0004543785
    0.0057319780
    0.0087559985
    0.0020823702
    0.0035440778
    0.0039512373
    0.0019484371
   -0.0018458798
   -0.0050253333
   -0.0044875607
   -0.0002693180
    0.0048662378
    0.0089290463
    0.0031360795
    0.0045045144
    0.0038332843
    0.0010397197
   -0.0020082242
   -0.0028932399
   -0.0003987148
    0.0041696932
    0.0087507890
    0.0022711534
    0.0038145315
    0.0043190003
    0.0026220397
    0.0000552269
   -0.0013576632
   -0.0003372423
    0.0033700577
    0.0081565067
    0.0126609022
    0.0152231063
    0.0026548259
    0.0036507309
    0.0031440348
   -0.0000431068
    0.0000843742
    0.0024357622
    0.0070058966
    0.0121002007
    0.0161922916
    0.0168533904
    0.0025358865
    0.0027870143
    0.0019152285
    0.0009130976
    0.0008842149
    0.0020498556
    0.0055656337
    0.0106648491
    0.0156313921
    0.0180542754
    0.0020046276
    0.0018515741
    0.0014919318
    0.0023498706
    0.0045345043
    0.0089803838
    0.0139376772
    0.0175269129
    0.0176413228
    0.0015898839
    0.0025361557
    0.0040461989
    0.0074542869
    0.0121702751
    0.0157700508
    0.0171917684
    0.0022305242
    0.0035993716
    0.0059918989
    0.0103895397
    0.0139486706
    0.0156266019
    0.0029249941
    0.0046885930
    0.0079843552
    0.0119936435
    0.0137538794
    0.0142068107
    0.0036025873
    0.0057769721
    0.0091888130
    0.0116796564
    0.0125459651
    0.0042648316
    0.0065794141
    0.0091926364
    0.0106726743
    0.0031935096
    0.0048323665
    0.0068907885
    0.0086795092
    0.0052095863
    0.0068437833
   -0.0049239523
   -0.0003996515
   -0.0071310110
   -0.0017056120
    0.0021673168
   -0.0117294025
   -0.0034501666
    0.0015234458
    0.0042851768
   -0.0100731852
   -0.0094418970
   -0.0050723672
    0.0003687089
    0.0041591581
   -0.0082465430
   -0.0009061560
    0.0035924007
    0.0062657580
    0.0027934507
    0.0062486619
    0.0025267721
   -0.0012197062
    0.0017280295
    0.0026877034
   -0.0005003321
    0.0014780040
    0.0049364337
    0.0002830216
    0.0014068505
    0.0042190027
    0.0079708081
    0.0009547281
    0.0015849410
    0.0035787080
    0.0069707811
    0.0107100187
    0.0018338148
    0.0032056662
    0.0059310294
    0.0095252388
    0.0126876889
    0.0018841201
    0.0029750235
    0.0050234657
    0.0082153175
    0.0114059234
    0.0134325006
    0.0026481805
    0.0042266762
    0.0068415624
    0.0099442680
    0.0121532905
    0.0034723646
    0.0054730753
    0.0082634904
    0.0106330913
    0.0118302981
    0.0042823452
    0.0064882729
    0.0088738271
    0.0103827386
    0.0049764192
    0.0070271671
    0.0087540214
    0.0054389017
    0.0070971149
    0.0026015834
    0.0024319081
    0.0046310348
    0.0023450191
    0.0040657279
    0.0065794104
    0.0035729968
    0.0056946922
    0.0082036348
    0.0048209694
    0.0070912578
    0.0059162749
    0.0079914370
    0.0066605533
