    0.0073819125
    0.0020833877
    0.0052263842
    0.0078473766
    0.0024847089
    0.0058842793
    0.0079166419
   -0.0001100093
    0.0031623130
    0.0063950404
    0.0074795833
   -0.0020122285
    0.0004877229
    0.0040688346
    0.0065483374
   -0.0015077963
    0.0016241882
    0.0049604477
    0.0063334405
   -0.0026390643
   -0.0003374592
    0.0030948404
    0.0055398359
   -0.0015673962
    0.0013531250
    0.0043996932
    0.0055966667
    0.0000285854
    0.0030311856
    0.0050316742
   -0.0007687399
    0.0017020568
    0.0040715101
    0.0029028882
    0.0066709390
    0.0099673165
    0.0110345325
    0.0034508599
    0.0075870779
    0.0107091812
    0.0107124547
    0.0002030943
    0.0039580326
    0.0086274940
    0.0109362517
    0.0097031624
   -0.0023390999
    0.0001562580
    0.0048018215
    0.0094715289
    0.0101955337
   -0.0027717636
    0.0005524021
    0.0059796320
    0.0094228658
    0.0087326976
   -0.0044363971
   -0.0027119132
    0.0017610950
    0.0069849727
    0.0085332314
    0.0071985435
   -0.0044948786
   -0.0016310142
    0.0036901744
    0.0074419843
    0.0073798161
   -0.0050328777
   -0.0035736699
    0.0006623795
    0.0056893650
    0.0072942214
    0.0062430885
   -0.0042383611
   -0.0014299913
    0.0035691967
    0.0068612088
    0.0065709509
   -0.0041007100
   -0.0024603888
    0.0014756287
    0.0057389928
    0.0067163427
   -0.0026942406
   -0.0000470582
    0.0039173254
    0.0062168158
    0.0057574819
   -0.0008313720
    0.0021411014
    0.0049166287
    0.0055258524
    0.0009419856
    0.0033775932
    0.0047353873
    0.0095420945
    0.0132008200
    0.0135618057
    0.0056897091
    0.0109538846
    0.0141234466
    0.0131150947
    0.0013970639
    0.0065635284
    0.0125189418
    0.0145886420
    0.0118758819
   -0.0021929967
    0.0013034384
    0.0078531950
    0.0143488376
    0.0137821555
    0.0099728981
   -0.0045052153
   -0.0030958613
    0.0014741895
    0.0100719302
    0.0146320178
    0.0114703170
   -0.0057411352
   -0.0038481730
    0.0027559460
    0.0116806610
    0.0123194577
    0.0088739663
   -0.0067420273
   -0.0067999685
   -0.0034486852
    0.0052339798
    0.0110539777
    0.0095224437
    0.0068488106
   -0.0076582922
   -0.0067912135
   -0.0008243780
    0.0076987707
    0.0096073146
    0.0074064274
   -0.0072494233
   -0.0076441427
   -0.0045668761
    0.0037429099
    0.0092706586
    0.0081086876
    0.0058931160
   -0.0070910424
   -0.0058734980
    0.0001480986
    0.0083256555
    0.0091260839
    0.0065940349
   -0.0059693315
   -0.0056648989
   -0.0021309094
    0.0056109834
    0.0097357977
    0.0075556253
   -0.0048137302
   -0.0029231115
    0.0023167405
    0.0081402179
    0.0081610335
    0.0058319617
   -0.0028277257
    0.0003018472
    0.0050896356
    0.0073935350
    0.0061527202
   -0.0005283084
    0.0027000027
    0.0055214248
    0.0058046258
    0.0013565013
    0.0037051253
    0.0048481899
    0.0132811806
    0.0171290192
    0.0161629987
    0.0089716244
    0.0156132235
    0.0180186369
    0.0153593834
    0.0035017894
    0.0107323022
    0.0174111366
    0.0180921938
    0.0137552387
   -0.0013693617
    0.0038889451
    0.0126515857
    0.0198818282
    0.0171830929
    0.0115083582
   -0.0046855585
   -0.0024161923
    0.0042299809
    0.0172330504
    0.0220834414
    0.0144012359
    0.0090731169
   -0.0063737198
   -0.0065252724
   -0.0039764591
    0.0065073271
    0.0243925469
    0.0186819360
    0.0107381081
   -0.0083094116
   -0.0089365396
   -0.0048530642
    0.0123764851
    0.0212503106
    0.0126922629
    0.0078004728
   -0.0084546813
   -0.0105648403
   -0.0110480116
   -0.0021674571
    0.0142861006
    0.0137808508
    0.0086586256
   -0.0101528461
   -0.0124502231
   -0.0101253921
    0.0042082336
    0.0128687610
    0.0096171802
    0.0063726579
   -0.0088017167
   -0.0113442754
   -0.0121172975
   -0.0034923420
    0.0117548603
    0.0114617562
    0.0072474960
   -0.0093848959
   -0.0109043070
   -0.0073737851
    0.0087931955
    0.0159204520
    0.0091843041
    0.0056324674
   -0.0073155227
   -0.0087639188
   -0.0076436210
    0.0018991430
    0.0177366886
    0.0125666682
    0.0068076302
   -0.0066267654
   -0.0063878378
   -0.0018616874
    0.0098250006
    0.0139638627
    0.0083341160
    0.0050982385
   -0.0048704283
   -0.0026184156
    0.0035390883
    0.0100837489
    0.0088914847
    0.0057422526
   -0.0023391690
    0.0010329367
    0.0057182629
    0.0075526271
    0.0059736258
    0.0001582049
    0.0031873758
    0.0054904140
    0.0055046861
    0.0018824137
    0.0038186945
    0.0045963534
    0.0126387329
    0.0177208088
    0.0095045384
    0.0174596966
    0.0213355716
    0.0048361019
    0.0132782234
    0.0218914847
    0.0226334723
    0.0174276579
    0.0003110311
    0.0065255481
    0.0170869960
    0.0241380826
    0.0216239888
    0.0152541767
    0.0001031121
    0.0082970823
    0.0199054466
    0.0248285442
    0.0194825644
    0.0126112932
   -0.0043779768
   -0.0004085459
    0.0098564042
    0.0242551446
    0.0264082173
    0.0162871710
    0.0099044519
   -0.0068183817
   -0.0064051757
   -0.0016568056
    0.0140807720
    0.0421257963
    0.0245030205
    0.0121878192
   -0.0093407967
   -0.0097021872
   -0.0026854840
    0.0424592425
    0.0511963231
    0.0163468266
    0.0086034903
   -0.0100187668
   -0.0129339152
   -0.0142433162
    0.0050392978
    0.0242229129
    0.0099082982
    0.0062224136
   -0.0129708233
   -0.0176691835
   -0.0154569386
    0.0178222344
    0.0267684920
    0.0114273778
    0.0066010064
   -0.0115107150
   -0.0163331297
   -0.0212587868
   -0.0059647264
    0.0195604449
    0.0133154105
    0.0072004636
    0.0049503683
   -0.0136004025
   -0.0188062942
   -0.0161786844
    0.0153335712
    0.0215912749
    0.0091610233
    0.0053609181
   -0.0106187774
   -0.0147449474
   -0.0167534166
    0.0027887537
    0.0173073430
    0.0067182075
    0.0043331834
   -0.0108857592
   -0.0132087970
   -0.0074001095
    0.0381463228
    0.0379110984
    0.0102292361
    0.0050828508
   -0.0077035283
   -0.0094185790
   -0.0077833714
    0.0060050836
    0.0315693323
    0.0150618353
    0.0064617251
   -0.0064281321
   -0.0058655314
   -0.0005045048
    0.0114497578
    0.0143224369
    0.0078503307
    0.0046296644
   -0.0043049742
   -0.0040438468
   -0.0013745414
    0.0043780922
    0.0092341624
    0.0078998381
    0.0051512815
   -0.0026973195
   -0.0011962561
    0.0020719753
    0.0056123366
    0.0065970799
    0.0052528387
   -0.0008691007
    0.0011371703
    0.0036167467
    0.0050671628
    0.0048569909
    0.0024391466
    0.0135848383
    0.0185477717
    0.0181494165
    0.0114402659
    0.0204780997
    0.0240445144
    0.0196994448
    0.0068702628
    0.0178189951
    0.0286031107
    0.0269893025
    0.0188890896
    0.0016969747
    0.0103300738
    0.0261188107
    0.0337157845
    0.0256324526
    0.0163998924
   -0.0023866480
    0.0020679605
    0.0148688177
    0.0325301989
    0.0322845733
    0.0216729323
    0.0133564724
   -0.0037535299
    0.0024508423
    0.0196250640
    0.0334639987
    0.0281709099
    0.0172198479
    0.0104301700
   -0.0069514338
   -0.0056944983
    0.0034602294
    0.0240319293
    0.0384572166
    0.0241744032
    0.0128452195
   -0.0082587943
   -0.0097869681
   -0.0083376573
    0.0055957976
    0.0579148115
    0.0174383697
    0.0090800712
   -0.0111427903
   -0.0139824178
   -0.0122939915
    0.0310716063
    0.0370754655
    0.0105711980
    0.0064455566
   -0.0107768998
   -0.0150899145
   -0.0206741432
   -0.0042109544
    0.0134460014
    0.0065909957
   -0.0139187759
   -0.0205458449
   -0.0274209773
    0.0186222090
    0.0065054195
    0.0046913635
   -0.0117445013
   -0.0177280991
   -0.0272154931
   -0.0199493776
    0.0268670523
    0.0069312487
    0.0044337405
   -0.0142223507
   -0.0218544372
   -0.0280855951
    0.0139383088
    0.0047531552
    0.0036806886
   -0.0106977689
   -0.0164162873
   -0.0238302463
   -0.0053308943
    0.0083519614
    0.0039984027
   -0.0115878573
   -0.0168936448
   -0.0176639449
    0.0287458675
    0.0245714414
    0.0055576684
    0.0035340249
   -0.0078618657
   -0.0111250977
   -0.0132685186
   -0.0040375483
    0.0419115297
    0.0089713332
    0.0042309612
   -0.0071114548
   -0.0084369943
   -0.0055453321
    0.0070374416
    0.0214812020
    0.0115695652
    0.0053454502
   -0.0051776427
   -0.0038183947
    0.0018079996
    0.0091726078
    0.0100423925
    0.0062094987
    0.0039722417
   -0.0032016666
   -0.0023674434
    0.0007154713
    0.0051774435
    0.0073807021
    0.0061855764
    0.0043467257
   -0.0014634076
    0.0003660987
    0.0032988615
    0.0054276507
    0.0055122347
    0.0044395920
    0.0021469169
    0.0039850276
    0.0046426729
    0.0168390519
    0.0119014320
    0.0202882575
    0.0231169692
    0.0186722535
    0.0018772816
    0.0083748673
    0.0202590431
    0.0312047547
    0.0280168335
    0.0187542970
    0.0032582078
    0.0141177526
    0.0346683578
    0.0419976089
    0.0281649935
   -0.0014078128
    0.0046934179
    0.0240187299
    0.0533228355
    0.0426679814
    0.0237479835
   -0.0045370092
   -0.0027450847
    0.0060566021
    0.0389113216
    0.0561167715
    0.0334494242
    0.0181215362
   -0.0068334967
   -0.0053898446
    0.0097342790
    0.0464586641
    0.0427811175
    0.0240242082
    0.0131897038
   -0.0085966472
   -0.0101719193
   -0.0073532795
    0.0195269542
    0.0462986818
    0.0347015838
    0.0165275451
    0.0093272803
   -0.0119227044
   -0.0141692394
   -0.0042955629
    0.0416365932
    0.0266293624
    0.0104297938
    0.0066110963
   -0.0118638904
   -0.0163634927
   -0.0191576670
    0.0125024271
    0.0064632425
   -0.0106354760
   -0.0157784025
   -0.0227118265
   -0.0195205389
    0.0259468416
    0.0053969591
    0.0044311979
   -0.0136856339
   -0.0208381250
   -0.0305921666
    0.0034753411
    0.0032674058
   -0.0110162304
   -0.0174358291
   -0.0270759872
   -0.0319728691
    0.0059344532
    0.0015078782
    0.0027812959
   -0.0134743667
   -0.0218747922
   -0.0332483040
    0.0010973512
    0.0019572566
   -0.0097903786
   -0.0160250697
   -0.0262884014
   -0.0231316807
    0.0157468747
    0.0019612192
    0.0024246702
   -0.0109069427
   -0.0177810638
   -0.0254001449
    0.0053614426
    0.0026042981
   -0.0072003813
   -0.0111255819
   -0.0164309048
   -0.0130806493
    0.0254163896
    0.0140369480
    0.0037887315
    0.0027980073
   -0.0068386193
   -0.0094939425
   -0.0099031336
    0.0017363134
    0.0192077184
    0.0157279660
    0.0057775853
    0.0033247482
   -0.0054567387
   -0.0055511904
   -0.0007040099
    0.0084577104
    0.0109744074
    0.0070234563
    0.0040930453
   -0.0030598019
   -0.0005358738
    0.0050990546
    0.0081762202
    0.0069534907
    0.0047162745
   -0.0017709344
   -0.0003059632
    0.0030408884
    0.0061274490
    0.0062864049
    0.0049357397
    0.0018082814
    0.0042471999
    0.0052805948
    0.0047595165
    0.0028265442
    0.0041009276
    0.0105812238
    0.0169582955
    0.0189353498
    0.0021794043
    0.0085769864
    0.0187660337
    0.0269198241
    0.0241808397
   -0.0004884498
    0.0044916903
    0.0157744605
    0.0343293092
    0.0395174832
    0.0262818705
   -0.0027725645
   -0.0001520060
    0.0077563300
    0.0308026053
    0.0644374499
    0.0461613615
    0.0235897398
   -0.0037896392
   -0.0007069651
    0.0122959973
    0.0718658644
    0.0914920275
    0.0383631867
    0.0183583616
   -0.0058860555
   -0.0061176550
   -0.0041225167
    0.0240070024
    0.0645920792
    0.0259319631
    0.0133464488
   -0.0086128244
   -0.0106498230
   -0.0100128675
    0.0550755861
    0.0853307271
    0.0355798474
    0.0166326704
    0.0094797170
   -0.0092141859
   -0.0125954835
   -0.0165022654
    0.0017633990
    0.0709581231
    0.0479274317
    0.0202595342
    0.0104175949
    0.0067740077
   -0.0127154825
   -0.0173564166
   -0.0149866889
    0.0343272139
    0.0103547538
    0.0065148066
   -0.0115365362
   -0.0171868240
   -0.0223498066
    0.0134220437
    0.0046740574
    0.0043893088
   -0.0152402026
   -0.0229915345
   -0.0252724619
    0.0001140708
    0.0025284629
    0.0034006456
   -0.0124087425
   -0.0199883174
   -0.0291865707
   -0.0096723457
   -0.0007059935
   -0.0013646632
    0.0020877309
   -0.0158088992
   -0.0257484040
   -0.0317983354
   -0.0069498227
   -0.0001152510
   -0.0116491098
   -0.0200353476
   -0.0325134881
   -0.0112786814
   -0.0041441414
   -0.0029043825
    0.0011198830
   -0.0139726731
   -0.0250074890
   -0.0339472058
   -0.0040303648
    0.0000431904
   -0.0092211598
   -0.0160297906
   -0.0275309096
    0.0038060420
   -0.0002047871
    0.0015411725
   -0.0096641435
   -0.0161990411
   -0.0186846659
    0.0171594775
    0.0015400570
    0.0016241448
   -0.0058498957
   -0.0088119928
   -0.0119278545
   -0.0000381915
    0.0255160239
    0.0155539758
    0.0047805885
    0.0024105239
    0.0023246386
   -0.0049273475
   -0.0059817269
   -0.0027606123
    0.0143237168
    0.0140799880
    0.0070762207
    0.0036931471
    0.0027251814
   -0.0031245979
   -0.0015120745
    0.0057660908
    0.0121548870
    0.0082353204
    0.0048903308
    0.0033157474
   -0.0007632761
    0.0025826828
    0.0076609328
    0.0080265609
    0.0056051761
    0.0038850432
    0.0013751494
    0.0044142076
    0.0063483188
    0.0056026060
    0.0042302180
    0.0026343947
    0.0044460531
    0.0048925962
    0.0080348214
    0.0017773144
    0.0072636880
    0.0145697086
    0.0195155348
    0.0179978827
   -0.0003577004
    0.0046809313
    0.0141732979
    0.0260396900
    0.0287345952
    0.0207044788
   -0.0024598036
    0.0008655658
    0.0095006788
    0.0280507613
    0.0473653065
    0.0363135741
    0.0201752827
   -0.0028146895
    0.0021144285
    0.0181276208
    0.0674828774
    0.0788026857
    0.0347799409
    0.0168451154
   -0.0053177932
   -0.0043157762
    0.0017187144
    0.0443090733
    0.0753696425
    0.0255010569
    0.0127881310
   -0.0064439230
   -0.0079799640
   -0.0088712677
   -0.0024265442
    0.0406300203
    0.0166213786
   -0.0091941726
   -0.0127738456
   -0.0190484454
    0.0646564301
    0.0206376755
    0.0105749783
   -0.0088701002
   -0.0133899345
   -0.0190234704
   -0.0184384663
    0.1041549896
    0.0246606238
    0.0105249050
    0.0067906407
   -0.0122238061
   -0.0185466282
   -0.0209207879
    0.0530374752
    0.0080144228
    0.0050859327
    0.0046193626
   -0.0102685000
   -0.0165791312
   -0.0239158271
    0.0012167859
    0.0225284484
   -0.0003103307
    0.0026678456
   -0.0134634170
   -0.0221000533
   -0.0284665442
   -0.0065598888
   -0.0020750150
    0.0019686678
   -0.0103413151
   -0.0175963385
   -0.0287506290
   -0.0200538059
   -0.0111012192
   -0.0011160179
    0.0020042869
   -0.0130009744
   -0.0230271242
   -0.0328697809
    0.0164978695
   -0.0196995542
   -0.0063057980
    0.0002521264
   -0.0092222263
   -0.0163887181
   -0.0299914089
   -0.0266772765
   -0.0126829583
   -0.0022304611
   -0.0109061963
   -0.0206024649
   -0.0360517545
   -0.0116680485
   -0.0049180598
    0.0002175013
   -0.0071079151
   -0.0124976134
   -0.0242854933
    0.0080011517
   -0.0061210657
   -0.0007231938
   -0.0074369651
   -0.0130497532
   -0.0209376912
    0.0220984095
   -0.0034498397
   -0.0008888044
    0.0012275635
   -0.0069540060
   -0.0107333329
   -0.0044860726
    0.0349188748
    0.0023758160
    0.0002866627
    0.0013331296
   -0.0039166961
   -0.0051203897
   -0.0042294303
    0.0245384200
    0.0092045812
    0.0026440904
    0.0019733994
   -0.0026557671
   -0.0018847011
    0.0044891873
    0.0237606463
    0.0145432270
    0.0053402175
    0.0030321778
   -0.0008843088
    0.0017246678
    0.0084653057
    0.0120301307
    0.0071980809
    0.0041574493
    0.0009391076
    0.0039981052
    0.0074206273
    0.0070665370
    0.0048864337
    0.0022493834
    0.0044777381
    0.0056001892
    0.0048873335
    0.0048464149
    0.0096953247
    0.0126523310
    0.0035143135
    0.0104424181
    0.0170633196
    0.0184037367
    0.0009403667
    0.0087029862
    0.0203552804
    0.0283109426
    0.0236319687
    0.0151671511
   -0.0021516769
    0.0039374757
    0.0181253376
    0.0401065130
    0.0428644243
    0.0249720779
    0.0137754502
   -0.0046812411
   -0.0020201054
    0.0083114624
    0.0400387098
    0.0904615503
    0.0489873814
    0.0209683224
   -0.0060521935
   -0.0065430767
   -0.0034554774
    0.0169576744
    0.0349512270
    0.0150210332
   -0.0085949465
   -0.0109922157
   -0.0076064514
    0.0717806375
    0.0193849414
    0.0101843400
   -0.0086928357
   -0.0134025024
   -0.0183482121
    0.0219186866
    0.0106401503
    0.0069331863
   -0.0077985730
   -0.0125752870
   -0.0203996345
   -0.0194470611
    0.0338023462
    0.0082769905
    0.0058654821
    0.0049277773
   -0.0105381693
   -0.0180817696
   -0.0246981534
    0.0267514246
    0.0061738608
    0.0017975696
    0.0034068001
   -0.0084075249
   -0.0142975356
   -0.0242285442
   -0.0177420917
   -0.0069133944
   -0.0006339031
    0.0024168920
   -0.0107749025
   -0.0190526087
   -0.0298871596
   -0.0038702387
   -0.0093007515
   -0.0006348838
   -0.0137759414
   -0.0251368756
   -0.0268726032
   -0.0218877665
   -0.0064258408
    0.0002400472
   -0.0096968316
   -0.0177360416
   -0.0316584170
    0.0036796611
    0.1417686908
   -0.0233512138
   -0.0156037136
   -0.0030218735
   -0.0118075421
   -0.0231406887
   -0.0290506555
   -0.0237271651
   -0.0076181787
   -0.0005103554
   -0.0077194969
   -0.0143917656
   -0.0287713108
   -0.0121111661
   -0.0124410644
   -0.0025579878
   -0.0085568757
   -0.0168324170
   -0.0256895094
   -0.0141508766
   -0.0043968550
    0.0002030805
   -0.0051873988
   -0.0087996181
   -0.0162444465
   -0.0088490890
   -0.0049214556
   -0.0003777588
   -0.0047890260
   -0.0074580708
   -0.0082932987
    0.0051550665
   -0.0029319156
   -0.0002747667
   -0.0035952966
   -0.0036928296
    0.0093407298
    0.0344138832
    0.0017702048
    0.0008146074
    0.0016215656
   -0.0015059411
    0.0019631296
    0.0225102285
    0.0352198945
    0.0079600310
    0.0027685002
    0.0021991074
   -0.0006959382
    0.0010465619
    0.0064531004
    0.0151373756
    0.0107213704
    0.0048819062
    0.0030546306
    0.0006700101
    0.0031138292
    0.0071504096
    0.0086654651
    0.0059965898
    0.0038807071
    0.0039984080
    0.0058940603
    0.0056616626
    0.0043048923
    0.0012403842
    0.0059170351
    0.0097813010
    0.0108300509
   -0.0002852766
    0.0056785947
    0.0125358717
    0.0159505134
    0.0141976103
   -0.0024408724
    0.0034565603
    0.0138163471
    0.0227189404
    0.0227071980
    0.0159288357
   -0.0045121292
   -0.0007403839
    0.0105692305
    0.0279769911
    0.0371589882
    0.0265511232
    0.0149573785
   -0.0058047918
   -0.0050251570
    0.0018950627
    0.0247712028
    0.0562575047
    0.0501404804
    0.0231526421
    0.0120692415
   -0.0075619843
   -0.0070944396
    0.0099101843
    0.0712098463
    0.0385830112
    0.0155733480
    0.0090061516
   -0.0081262888
   -0.0117453880
   -0.0094477124
    0.0161878449
    0.0096472787
   -0.0074977172
   -0.0120366343
   -0.0201982211
    0.0122250951
    0.0069730234
    0.0061133983
   -0.0103028589
   -0.0192773935
   -0.0262969842
   -0.0009406544
    0.0032338777
    0.0041003709
   -0.0082553622
   -0.0148111102
   -0.0282648884
   -0.0030802964
    0.0142307357
   -0.0034542185
    0.0012775692
    0.0030843056
   -0.0108373132
   -0.0207460683
   -0.0292741961
   -0.0105317337
   -0.0049411648
    0.0007194170
   -0.0079203317
   -0.0141094870
   -0.0266072227
   -0.0157036010
   -0.0040070632
    0.0009892448
   -0.0096409778
   -0.0180316128
   -0.0277682050
   -0.0244083708
   -0.0121036263
   -0.0020949844
   -0.0067026106
   -0.0116980716
   -0.0228586165
   -0.0022634812
    0.1152579923
   -0.0129536548
   -0.0224487508
   -0.0069672591
   -0.0002675210
   -0.0076282998
   -0.0144175035
   -0.0226402147
   -0.0280152994
   -0.0134363428
   -0.0028515149
   -0.0050864024
   -0.0086432399
   -0.0174089803
   -0.0123354404
   -0.0198530665
   -0.0059812639
   -0.0001718968
   -0.0052654347
   -0.0094628731
   -0.0167422303
   -0.0214960144
   -0.0088594188
   -0.0014884636
   -0.0050761088
   -0.0088668472
   -0.0071089849
   -0.0048098627
   -0.0097499573
   -0.0024109716
    0.0008571583
   -0.0029532216
   -0.0040780342
   -0.0051018759
    0.0133384076
   -0.0061316712
   -0.0022463432
    0.0006407434
   -0.0020952075
   -0.0019034723
    0.0019222430
    0.0036967911
   -0.0003882077
    0.0009511512
   -0.0007573486
    0.0012079563
    0.0097065835
    0.0348715635
    0.0147420111
    0.0030503957
    0.0019072852
    0.0008754459
    0.0041931889
    0.0115200759
    0.0136051898
    0.0063617728
    0.0032963648
    0.0023725298
    0.0056359078
    0.0086703353
    0.0072184134
    0.0045012208
    0.0032851194
    0.0054159341
    0.0060869240
    0.0049067723
    0.0015673341
   -0.0024993124
    0.0013910888
    0.0055815019
    0.0077983683
   -0.0038850412
    0.0004488979
    0.0071813771
    0.0114348835
    0.0115808096
    0.0093610693
   -0.0052666297
   -0.0018242500
    0.0076598491
    0.0168839379
    0.0179949009
    0.0141273176
    0.0096803031
   -0.0061447095
   -0.0048407069
    0.0038928146
    0.0236522219
    0.0286676229
    0.0223075970
    0.0138734174
    0.0087622926
   -0.0070186203
   -0.0035717948
    0.0207319113
    0.0513358445
    0.0371104869
    0.0197630524
    0.0110811031
   -0.0076314580
   -0.0090149345
    0.0008651912
    0.0280271379
    0.0116083524
    0.0079363954
   -0.0071225832
   -0.0104289468
   -0.0142619096
    0.0029631046
    0.0058893855
    0.0057216809
   -0.0093761846
   -0.0173539523
   -0.0108770554
   -0.0041290328
    0.0035978190
   -0.0076921772
   -0.0139950261
   -0.0301844318
   -0.0151368232
   -0.0021583649
    0.0025371561
   -0.0061519236
   -0.0102457537
   -0.0218687415
   -0.0268362866
   -0.0096903507
   -0.0015304962
    0.0020666027
   -0.0074897873
   -0.0139167855
   -0.0277505770
   -0.0027128887
   -0.0084687664
   -0.0010796931
   -0.0055618327
   -0.0091308805
   -0.0176408547
   -0.0178291182
   -0.0166986956
   -0.0065564886
   -0.0002174987
   -0.0062490182
   -0.0107228072
   -0.0196676631
   -0.0172885502
   -0.0142174857
   -0.0039694995
    0.0007858437
   -0.0068249463
   -0.0122843999
   -0.0125157417
    0.0018584190
   -0.0210588383
   -0.0093740289
   -0.0015015765
   -0.0045803091
   -0.0073473485
   -0.0133459497
   -0.0244952294
   -0.0161078095
   -0.0046779741
    0.0003968545
   -0.0045486726
   -0.0078626464
   -0.0026235938
   -0.0236906906
   -0.0085779224
   -0.0012032536
   -0.0030151790
   -0.0042627346
   -0.0068518798
   -0.0210220636
   -0.0125154478
   -0.0029218122
   -0.0025313097
   -0.0032557026
   -0.0016671128
    0.0371531428
   -0.0134388467
   -0.0041836193
    0.0002721831
   -0.0016400685
   -0.0009690852
    0.0050350585
    0.0359127216
   -0.0067050036
   -0.0038877673
    0.0000104767
   -0.0002396255
    0.0022602768
    0.0113456193
    0.0360845319
    0.0082300501
   -0.0009066703
    0.0005088382
   -0.0000944161
    0.0015059736
    0.0054494026
    0.0146925773
    0.0156748958
    0.0042425413
    0.0019572339
    0.0021912303
    0.0031834801
    0.0073378580
    0.0112815589
    0.0077204641
    0.0039031774
    0.0028645679
    0.0042879585
    0.0070979695
    0.0075085238
    0.0052400106
    0.0036318801
    0.0045453206
    0.0058098845
    0.0053304258
    0.0001014410
   -0.0037148192
    0.0001674411
    0.0032187674
    0.0045880168
   -0.0051228004
    0.0004045275
    0.0056694187
    0.0069370288
    0.0065379040
   -0.0068061632
   -0.0005738547
    0.0114690802
    0.0126861584
    0.0096933830
    0.0073901502
   -0.0079886016
   -0.0043235275
    0.0180797750
    0.0337364779
    0.0163471914
    0.0099106512
    0.0069516523
   -0.0080396431
   -0.0082386464
    0.0077227224
    0.0435868670
    0.0132432515
    0.0075427524
    0.0058493365
   -0.0072100529
   -0.0094005668
   -0.0076589721
    0.0302218660
    0.0045774923
    0.0048498391
   -0.0061219409
   -0.0084204424
   -0.0126219031
    0.0060199138
    0.0002472690
   -0.0010068340
    0.0034773823
   -0.0069325791
   -0.0111627687
   -0.0200685948
   -0.0144835564
   -0.0008750568
    0.0030346515
   -0.0056565404
   -0.0085620796
   -0.0179835900
   -0.0083136015
   -0.0086885063
    0.0003378043
   -0.0046238852
   -0.0065601501
   -0.0119049180
   -0.0211019602
    0.0570335210
   -0.0110505242
   -0.0039940084
    0.0010977825
   -0.0050524950
   -0.0080167830
   -0.0149492503
    0.0049993958
   -0.0087299940
   -0.0018969306
    0.0016462949
   -0.0039359392
   -0.0055325957
   -0.0091237238
   -0.0110996714
   -0.0127714804
   -0.0061074459
   -0.0004731547
   -0.0039756230
   -0.0056039279
   -0.0083170228
    0.0037204256
   -0.0073851827
   -0.0111574752
   -0.0035769075
    0.0007372708
   -0.0037126086
   -0.0048122029
   -0.0055924269
   -0.0164766371
   -0.0077750874
   -0.0013317576
   -0.0030336672
   -0.0036349282
    0.0097007003
   -0.0161872766
   -0.0141987912
   -0.0042350506
    0.0005295883
   -0.0021742810
   -0.0020603638
   -0.0001959925
   -0.0232086653
   -0.0084298199
   -0.0010416622
   -0.0013873680
   -0.0003797781
    0.0188672142
   -0.0183829542
   -0.0133426110
   -0.0029413363
    0.0011066759
   -0.0002330688
    0.0033234647
    0.0361223205
    0.0046402550
   -0.0133446904
   -0.0045347749
    0.0004260356
   -0.0003170552
    0.0014418825
    0.0072594630
    0.0195335012
    0.0151683982
   -0.0040401738
   -0.0039854367
    0.0001250003
    0.0007005686
    0.0032881764
    0.0085051368
    0.0133507634
    0.0076041333
    0.0001285883
    0.0007881604
    0.0021329492
    0.0018054368
    0.0047118345
    0.0087914211
    0.0105583436
    0.0055089102
    0.0026377512
    0.0025776379
    0.0027864183
    0.0055249779
    0.0082229341
    0.0076734887
    0.0047517282
    0.0033890855
    0.0034691918
    0.0056301283
    0.0067867160
    0.0057205561
    0.0041943553
    0.0051195728
    0.0053494149
    0.0045293609
   -0.0049437748
   -0.0086406053
   -0.0065030482
   -0.0031000247
   -0.0003037832
   -0.0098624502
   -0.0080614928
   -0.0028739286
    0.0001839126
    0.0017149191
    0.0028548643
   -0.0102924938
   -0.0099281466
   -0.0010936088
    0.0059187110
    0.0031585261
    0.0030436181
    0.0035154697
   -0.0096405653
   -0.0114233851
   -0.0026326369
    0.0326608891
    0.0140665085
    0.0036652710
    0.0033226858
   -0.0110324061
   -0.0093695370
    0.0088064158
    0.0020186037
    0.0029832914
   -0.0089870633
   -0.0117888140
    0.0086593085
   -0.0003699366
    0.0002190122
    0.0027637340
   -0.0068301688
   -0.0092485393
   -0.0107829837
   -0.0065525794
    0.0001076470
   -0.0053641278
   -0.0064707563
   -0.0094674167
    0.0106409602
   -0.0108442859
   -0.0053550645
    0.0011628687
   -0.0044020109
   -0.0051785657
   -0.0060113268
   -0.0057864384
   -0.0108994134
   -0.0016289376
    0.0022112819
   -0.0043459408
   -0.0054343759
   -0.0046530858
   -0.0074714458
   -0.0039233207
    0.0009100075
   -0.0035835353
   -0.0044762946
   -0.0058815200
    0.0204509053
    0.0129409515
   -0.0036998009
   -0.0000687277
    0.0022282947
   -0.0034035344
   -0.0043865257
   -0.0001915183
   -0.0009601733
   -0.0002923565
    0.0016504196
   -0.0026749422
   -0.0028107341
   -0.0015592682
    0.0116501529
   -0.0014705411
    0.0012230249
    0.0024859499
   -0.0020808975
   -0.0010889321
    0.0045321828
    0.0187836027
   -0.0054114805
   -0.0005497848
    0.0019441276
    0.0030240570
   -0.0010089865
    0.0016214764
    0.0086864068
   -0.0072700782
    0.0004340991
    0.0026483271
    0.0004547609
    0.0043891861
    0.0367200016
   -0.0132856795
   -0.0038665184
    0.0018374861
    0.0031799506
    0.0021645176
    0.0109647432
   -0.0013003482
   -0.0092744986
   -0.0000015991
    0.0028445919
    0.0008880913
    0.0045080851
    0.0231991346
    0.0137992612
   -0.0075058363
   -0.0020710123
    0.0022270412
    0.0021307965
    0.0071270962
    0.0201980946
    0.0175310955
    0.0017008001
   -0.0013418717
    0.0017016547
    0.0031962076
    0.0033823186
    0.0080775054
    0.0121410416
    0.0083452100
    0.0027945996
    0.0022444882
    0.0031661815
    0.0042649298
    0.0075492693
    0.0088548576
    0.0064759134
    0.0039863815
    0.0035242182
    0.0046510093
    0.0067810828
    0.0071393047
    0.0055467456
    0.0042284798
    0.0046656812
    0.0059430717
    0.0058105619
    0.0047827572
    0.0050519975
   -0.0103133703
   -0.0078328691
   -0.0132176382
   -0.0112756526
   -0.0072903519
   -0.0031129508
   -0.0155064541
   -0.0147031567
   -0.0104177659
   -0.0058026914
   -0.0016192839
   -0.0162863242
   -0.0177214166
   -0.0112695875
   -0.0077141894
   -0.0040259737
   -0.0002574677
   -0.0148307867
   -0.0197294890
   -0.0095967487
    0.0014043148
   -0.0061028104
   -0.0025656641
    0.0007652098
   -0.0116195869
   -0.0180621996
   -0.0156991787
    0.0038703494
   -0.0061176506
   -0.0014499801
    0.0015430155
   -0.0082469037
   -0.0124716953
   -0.0187435424
   -0.0074232672
   -0.0056201519
   -0.0003100286
   -0.0058946893
   -0.0069688046
   -0.0094122125
   -0.0064549771
   -0.0113012136
   -0.0037539589
    0.0010507258
   -0.0045453980
   -0.0044857200
    0.0005305989
    0.0050531505
   -0.0090101893
   -0.0086465870
   -0.0008056741
   -0.0037594480
   -0.0005087788
   -0.0128496969
   -0.0023262804
    0.0018644860
   -0.0032840189
   -0.0026672549
    0.0071144380
   -0.0101397141
   -0.0005536623
    0.0025144724
    0.0035378808
   -0.0027293599
   -0.0022466315
    0.0254149698
    0.0092246007
    0.0069314162
    0.0047726153
   -0.0023444831
   -0.0020903563
    0.0015709743
    0.0312075008
    0.0188669433
    0.0084065248
    0.0053837821
   -0.0015445071
    0.0002992788
    0.0455973518
    0.0337773425
    0.0151198894
    0.0076053301
    0.0053288156
   -0.0013975752
    0.0000591589
    0.0080192065
    0.0395827233
    0.0451874429
    0.0259042528
    0.0191426541
    0.0108992208
    0.0066554839
    0.0050436721
   -0.0003824775
    0.0027837946
    0.0142286116
    0.0291802720
    0.0270225656
    0.0106965054
    0.0123589608
    0.0086219923
    0.0058403937
    0.0009934817
    0.0055469581
    0.0163185460
    0.0049216562
    0.0071882813
    0.0100698836
    0.0069092141
    0.0051353779
    0.0024933293
    0.0081081327
    0.0338807477
    0.0151032246
    0.0007306333
    0.0078110384
    0.0076838325
    0.0056409283
    0.0040161244
    0.0119517478
    0.0442529992
    0.0312663511
    0.0025916737
    0.0037244855
    0.0068372338
    0.0059307915
    0.0047964085
    0.0055523860
    0.0138390207
    0.0209743903
    0.0087504409
    0.0035402529
    0.0050900101
    0.0056605466
    0.0049304325
    0.0027902101
    0.0065028737
    0.0112418791
    0.0105111985
    0.0061171444
    0.0047522578
    0.0051181975
    0.0048756592
    0.0034669202
    0.0064367860
    0.0084408931
    0.0074737870
    0.0056465120
    0.0049822322
    0.0047335740
    0.0038066903
    0.0058558333
    0.0067676196
    0.0061540997
    0.0052141201
    0.0052160577
    0.0056622174
    0.0052442187
   -0.0146903826
   -0.0138856606
   -0.0100148304
   -0.0177670117
   -0.0196157690
   -0.0163970803
   -0.0098823107
   -0.0191875422
   -0.0251477328
   -0.0250031997
   -0.0174905176
   -0.0084994600
   -0.0180858982
   -0.0281163496
   -0.0344381032
   -0.0284406145
   -0.0161395458
   -0.0062036602
   -0.0147784099
   -0.0260554038
   -0.0409973071
   -0.0403670840
   -0.0273434497
   -0.0126186140
   -0.0037348380
   -0.0107371557
   -0.0192468255
   -0.0379683767
   -0.0506786156
   -0.0363064650
   -0.0222706253
   -0.0083733609
   -0.0015724687
   -0.0074232631
   -0.0114350853
   -0.0234114901
   -0.0495143513
   -0.0400208833
   -0.0309640561
   -0.0151083036
   -0.0045898060
    0.0002653587
   -0.0062956787
   -0.0064324850
   -0.0199352304
   -0.0373408191
   -0.0257758271
   -0.0216953054
   -0.0085652844
   -0.0013424525
   -0.0041674769
    0.0004195243
    0.0079954329
    0.0066040254
   -0.0187172286
   -0.0125971520
   -0.0028262867
    0.0014389207
   -0.0033455237
   -0.0010481672
   -0.0140164844
   -0.0023533310
    0.0020203054
   -0.0020586417
    0.0049130152
    0.0125096147
    0.0056945760
    0.0063543887
    0.0051839405
   -0.0020993766
   -0.0008819695
    0.0110578986
    0.0424122411
    0.0240671243
    0.0104026247
    0.0065402373
   -0.0011369368
    0.0004153184
    0.0249822289
    0.0105765337
    0.0067226897
   -0.0011461271
    0.0004952462
    0.0152736193
    0.0550221507
    0.0586538630
    0.0187193897
    0.0094057533
    0.0063534951
    0.0001018537
    0.0047152026
    0.0294829490
    0.0510819663
    0.0754695935
    0.0311342700
    0.0142210655
    0.0080930692
    0.0057530961
    0.0020370057
    0.0109851509
    0.0383527468
    0.0277210235
    0.0191172037
    0.0323575614
    0.0357402208
    0.0234147959
    0.0109506846
    0.0068574044
    0.0006632297
    0.0042959643
    0.0128592709
    0.0240652464
    0.0344750388
    0.0134520412
    0.0214096608
    0.0316793385
    0.0162328065
    0.0083345044
    0.0057722405
    0.0018471835
    0.0060650530
    0.0141296620
    0.0334167466
    0.0230868925
    0.0102185011
    0.0207132584
    0.0206840693
    0.0102237298
    0.0065146502
    0.0029521661
    0.0075295232
    0.0170275006
    0.0251239730
    0.0109310944
    0.0100386589
    0.0153131325
    0.0112285985
    0.0071861467
    0.0052755406
    0.0039163648
    0.0086725619
    0.0150726125
    0.0129263915
    0.0081547137
    0.0091363619
    0.0096813692
    0.0074134708
    0.0055701461
    0.0046348824
    0.0085019764
    0.0106286348
    0.0086168767
    0.0072983662
    0.0075664150
    0.0069580622
    0.0056560617
    0.0048983439
    0.0073212632
    0.0078765975
    0.0070134002
    0.0065323231
    0.0062446771
    0.0054990038
    0.0047380516
    0.0061532587
    0.0064089653
    0.0060538491
    0.0056903556
    0.0051990528
   -0.0129552181
   -0.0168030772
   -0.0187041060
   -0.0160977810
   -0.0101503121
   -0.0189087674
   -0.0249133051
   -0.0256719614
   -0.0185817823
   -0.0093963864
   -0.0188558324
   -0.0293725763
   -0.0378570566
   -0.0332498872
   -0.0187614941
   -0.0074186504
   -0.0165084524
   -0.0293651930
   -0.0483077490
   -0.0555683667
   -0.0370298323
   -0.0156806523
   -0.0048939146
   -0.0128467628
   -0.0242107366
   -0.0493325517
   -0.0755885780
   -0.0668905112
   -0.0319181342
   -0.0107048265
   -0.0165436389
   -0.0373836089
   -0.0810293785
   -0.0584547254
   -0.0206927557
   -0.0060608398
   -0.0099301555
   -0.0199086879
   -0.0579070350
   -0.0343625073
   -0.0108928172
   -0.0024833353
   -0.0059880814
   -0.0072479469
   -0.0143695460
   -0.0655237238
   -0.0384769131
   -0.0147852591
   -0.0045273014
   -0.0041133422
   -0.0028517956
    0.0162338842
   -0.0153658433
   -0.0112831961
   -0.0112042158
   -0.0049848330
    0.0001021626
   -0.0022659792
    0.0083262798
    0.0102205116
   -0.0006108847
    0.0018731635
    0.0037070260
   -0.0021521893
    0.0007516058
    0.0735445649
    0.0199255440
    0.0100223289
    0.0073451034
    0.0059983080
   -0.0007519511
    0.0031594915
    0.0881722888
    0.0574450976
    0.0187821394
    0.0100170568
    0.0069595735
   -0.0010416188
    0.0006972688
    0.0098292333
    0.1218679521
    0.0677702070
    0.0193097432
    0.0102181800
    0.0069960139
    0.0002841832
    0.0042329951
    0.0410773314
    0.0160269460
    0.0093605913
    0.0065103929
   -0.0002475892
    0.0024348900
    0.0161311030
    0.0364409543
    0.0249794776
    0.0737012232
    0.0292760378
    0.0129373953
    0.0081760574
    0.0010355552
    0.0056821293
    0.0232872736
    0.0302169588
    0.0087734747
    0.0211979263
    0.0606471076
    0.0226598642
    0.0103500083
    0.0069102859
    0.0025526591
    0.0082134725
    0.0163307621
    0.0158262678
    0.0090539880
    0.0242683333
    0.0143587788
    0.0081855557
    0.0038926796
    0.0089287661
    0.0144113707
    0.0154240363
    0.0129091826
    0.0266626581
    0.0225065097
    0.0096679003
    0.0064850175
    0.0048138507
    0.0093983251
    0.0141534477
    0.0129585284
    0.0129740665
    0.0235288516
    0.0231598912
    0.0110898081
    0.0071476646
    0.0054387523
    0.0094452004
    0.0116339536
    0.0105104531
    0.0113314032
    0.0139528096
    0.0109477094
    0.0075602467
    0.0055571298
    0.0056997828
    0.0084143327
    0.0091093437
    0.0088561643
    0.0093588346
    0.0092173103
    0.0074744134
    0.0057368181
    0.0054883090
    0.0070800749
    0.0075116090
    0.0076293402
    0.0076471571
    0.0069252994
    0.0056939799
    0.0060347982
    0.0064383234
    0.0065248082
    0.0062090056
    0.0054378689
    0.0054734158
   -0.0152598439
   -0.0131229475
   -0.0163997559
   -0.0206243639
   -0.0208204612
   -0.0153094148
   -0.0080286341
   -0.0172111374
   -0.0252756237
   -0.0311911305
   -0.0273995755
   -0.0159072034
   -0.0064651729
   -0.0161275852
   -0.0270484797
   -0.0417769974
   -0.0474241686
   -0.0322694492
   -0.0138491213
   -0.0043776959
   -0.0246292366
   -0.0465967833
   -0.0718438144
   -0.0651511311
   -0.0305281164
   -0.0099092127
   -0.0024590086
   -0.0190685566
   -0.0409748459
   -0.0822745470
   -0.0662209669
   -0.0217223106
   -0.0060566740
   -0.0008738912
   -0.0129602884
   -0.0278723552
   -0.0724445286
   -0.0441475311
   -0.0123743045
   -0.0030540488
   -0.0082841941
   -0.0151106923
   -0.0412776809
   -0.0200676697
   -0.0061521477
   -0.0005952919
   -0.0073100779
   -0.0129968616
   -0.0490180799
   -0.0155119713
   -0.0082389419
   -0.0018796832
   -0.0040108246
   -0.0012783255
    0.0137507055
   -0.0074699942
   -0.0028410150
   -0.0022515948
    0.0016647258
   -0.0028327715
   -0.0003277086
    0.0236045726
    0.0188840719
    0.0000015612
    0.0029747884
    0.0044593805
   -0.0008987391
    0.0059626436
    0.0076522810
    0.0068209727
    0.0071872254
    0.0061905216
   -0.0011739905
    0.0013549493
    0.0122274030
    0.0199625091
    0.0133941071
    0.0092958848
    0.0068766840
    0.0003268639
    0.0036807548
    0.0343625165
    0.0297599718
    0.0148163523
    0.0096370773
    0.0067756887
   -0.0002726117
    0.0023066873
    0.0112086612
    0.0850717377
    0.0259545707
    0.0134295729
    0.0089749826
    0.0010980463
    0.0055914083
    0.0257955577
    0.0391692880
    0.0144243393
    0.0593244126
    0.0203418105
    0.0115983097
    0.0078001322
    0.0028151097
    0.0093791622
    0.0203250064
    0.0094311229
   -0.0059311769
    0.0604916066
    0.0153908394
    0.0095910789
    0.0065067341
    0.0011176581
    0.0044471811
    0.0100020076
    0.0115907746
    0.0040509159
    0.0139452189
    0.0630443388
    0.0367173356
    0.0114796853
    0.0076533503
    0.0020264632
    0.0053126617
    0.0088609693
    0.0096678355
    0.0102703173
    0.0227678636
    0.0147833497
    0.0086993306
    0.0060583192
    0.0055542374
    0.0083864738
    0.0101518566
    0.0131924103
    0.0204666304
    0.0444994550
    0.0181642595
    0.0095759049
    0.0066575979
    0.0056449977
    0.0081148037
    0.0099643963
    0.0118135910
    0.0146075264
    0.0146220469
    0.0099335098
    0.0070598681
    0.0055765399
    0.0075164680
    0.0089940096
    0.0100824907
    0.0106277081
    0.0093282103
    0.0071708011
    0.0054199475
    0.0052935292
    0.0067885081
    0.0079544731
    0.0086071505
    0.0082563799
    0.0069320010
    0.0054662862
    0.0060976182
    0.0069279113
    0.0070779200
    0.0063993399
    0.0053228681
    0.0054090017
    0.0058512735
    0.0056650861
   -0.0154933395
   -0.0150921697
   -0.0111534004
   -0.0060384195
   -0.0193620820
   -0.0223127092
   -0.0192239348
   -0.0113893748
   -0.0047169264
   -0.0217559879
   -0.0303506988
   -0.0323923087
   -0.0223023350
   -0.0095911161
   -0.0029473129
   -0.0214487090
   -0.0359694442
   -0.0505542386
   -0.0445659708
   -0.0211413046
   -0.0063237501
   -0.0014700221
   -0.0184275716
   -0.0353326706
   -0.0655904916
   -0.0830095746
   -0.0499630463
   -0.0148525913
   -0.0036964678
   -0.0004462371
   -0.0140323971
   -0.0282511051
   -0.0642847383
   -0.0376462684
   -0.0088452834
   -0.0021406101
   -0.0187999750
   -0.0463936062
   -0.0644930378
   -0.0196753114
   -0.0054591332
   -0.0007343689
   -0.0110732379
   -0.0246129930
   -0.0685222426
   -0.0245268775
   -0.0102294085
   -0.0027715254
   -0.0064114503
   -0.0102900155
   -0.0269295535
   -0.0081673995
   -0.0053568216
    0.0000504764
   -0.0040970460
   -0.0041049617
   -0.0032030060
   -0.0039864562
    0.0393532046
   -0.0058371613
   -0.0006523279
   -0.0022284724
    0.0016285219
    0.0171556493
    0.0018662014
   -0.0006434378
    0.0038796595
   -0.0017648929
    0.0009105709
    0.0109368652
    0.0606620429
    0.0275473961
   -0.0019008309
    0.0066439298
    0.0071715269
    0.0060552208
    0.0000735015
    0.0046879028
    0.0257772599
    0.0121297835
    0.0116262849
    0.0088131167
    0.0064432712
   -0.0005042030
    0.0023143774
    0.0098117889
    0.0543975514
    0.0379236474
    0.0204983297
    0.0132092208
    0.0090419667
    0.0009547794
    0.0051657392
    0.0179300750
    0.0589155179
    0.0479461651
    0.0199250608
    0.0127753141
    0.0082637435
    0.0000126485
    0.0026921192
    0.0086838359
    0.0197043470
    0.0244268819
    0.0474298642
    0.0174961015
    0.0109721736
    0.0070281737
    0.0010433778
    0.0044273807
    0.0100731907
    0.0113649393
   -0.0024157974
    0.0338397977
    0.0136869925
    0.0087614070
    0.0019986741
    0.0053037370
    0.0080100597
    0.0052118729
    0.0087357167
    0.0631345192
    0.0175313158
    0.0103249098
    0.0068497815
    0.0026047002
    0.0050365160
    0.0061198778
    0.0072933698
    0.0220030914
    0.0322636498
    0.0114219347
    0.0077826147
    0.0028026926
    0.0045679100
    0.0062153385
    0.0110046492
    0.0193442691
    0.0406136144
    0.0339834274
    0.0125458946
    0.0084077672
    0.0059508944
    0.0045399643
    0.0070484385
    0.0112259702
    0.0147474766
    0.0173563361
    0.0124232719
    0.0087134714
    0.0063320241
    0.0047591750
    0.0073400285
    0.0102453234
    0.0120574679
    0.0110826080
    0.0086645166
    0.0065048671
    0.0049044722
    0.0071349135
    0.0091762040
    0.0096200899
    0.0082310061
    0.0064577025
    0.0048748117
    0.0066046735
    0.0076931631
    0.0073603642
    0.0061614513
    0.0057777333
    0.0061271805
    0.0055941940
   -0.0077208659
   -0.0149996312
   -0.0126024464
   -0.0076150287
   -0.0032504804
   -0.0161601763
   -0.0202695115
   -0.0202141917
   -0.0138987683
   -0.0059971293
   -0.0017367478
   -0.0168919887
   -0.0247699835
   -0.0305865231
   -0.0258947334
   -0.0120612560
   -0.0029577935
   -0.0004368203
   -0.0157755869
   -0.0263187026
   -0.0410192788
   -0.0465795328
   -0.0273456515
   -0.0050440108
   -0.0005584844
    0.0002932830
   -0.0237725025
   -0.0450164751
   -0.0725524265
   -0.0622406526
   -0.0149672968
    0.0006461271
   -0.0000530771
    0.0007557682
   -0.0183941965
   -0.0385538217
   -0.0804619557
   -0.0506355967
   -0.0006124750
   -0.0006580404
    0.0000906976
   -0.0126528079
   -0.0261181543
   -0.0637289461
   -0.0176599971
   -0.0037494744
   -0.0015289788
    0.0007608460
   -0.0148227802
   -0.0355703435
   -0.0098035818
   -0.0052494037
   -0.0004003378
   -0.0077418856
   -0.0142365205
   -0.0282448992
    0.0276846749
   -0.0116732484
   -0.0026695988
    0.0015356504
   -0.0042803741
   -0.0044742345
   -0.0033505094
   -0.0094973573
   -0.0063346989
    0.0012045191
   -0.0014338216
    0.0038148602
    0.0328194007
    0.0437334645
   -0.0094884521
    0.0012127240
    0.0046561014
   -0.0009200895
    0.0034661776
    0.0196069473
   -0.0077574478
    0.0023162549
    0.0073337168
    0.0069881396
   -0.0010568651
    0.0018677840
    0.0106597637
    0.0072324566
    0.0132755833
    0.0110144817
    0.0080553163
    0.0005744583
    0.0053960539
    0.0234222744
    0.0319791244
    0.0186626853
    0.0124815514
    0.0079544840
    0.0024771583
    0.0094203456
    0.0394175497
    0.0402088855
    0.0217003259
    0.0116997004
    0.0070787682
    0.0007746782
    0.0042960705
    0.0115072113
    0.0241388343
    0.0347349618
    0.0183469418
    0.0095754277
    0.0017313304
    0.0051132227
    0.0084059698
    0.0063465186
    0.0337290158
    0.0126984904
    0.0074577963
    0.0022157905
    0.0042136802
    0.0037937481
    0.0065526399
    0.0154098106
    0.0089982001
    0.0020487127
    0.0026506156
    0.0029379511
    0.0162847357
    0.0552587340
    0.0175321407
    0.0100028001
    0.0066579026
    0.0015990378
    0.0021203822
    0.0054774809
    0.0171901245
    0.0464429484
    0.0210368348
    0.0102951511
    0.0072527286
    0.0014500313
    0.0028794899
    0.0075311244
    0.0156214625
    0.0340915295
    0.0198313529
    0.0104617447
    0.0075299418
    0.0054653250
    0.0017857710
    0.0040028054
    0.0083831410
    0.0148351301
    0.0166430404
    0.0106356604
    0.0076133839
    0.0056563118
    0.0048362477
    0.0085087482
    0.0115593421
    0.0101329284
    0.0075323390
    0.0056872349
    0.0051740016
    0.0076060454
    0.0083409352
    0.0070634256
    0.0055465517
    0.0049615186
    0.0061751500
    0.0060803000
    0.0051773182
   -0.0081490378
   -0.0050547242
   -0.0022732386
   -0.0131833982
   -0.0123521501
   -0.0084917723
   -0.0038501794
   -0.0010923633
   -0.0162670197
   -0.0179123807
   -0.0145359568
   -0.0069219685
   -0.0015532598
    0.0000604060
   -0.0181540208
   -0.0238493310
   -0.0241220321
   -0.0139225587
   -0.0013289619
    0.0007846491
    0.0007791471
   -0.0179314702
   -0.0277947153
   -0.0362208134
   -0.0289471541
    0.0005855205
    0.0064715522
    0.0015251591
    0.0011166821
   -0.0156116673
   -0.0271644405
   -0.0453902503
   -0.0520964727
   -0.0125411886
    0.0056104489
    0.0012219582
   -0.0220551561
   -0.0433353432
   -0.0698952084
   -0.0430861151
    0.0257802675
    0.0014136877
    0.0011914370
   -0.0153507881
   -0.0311312765
   -0.0599502024
    0.0212452858
    0.0011012047
    0.0004324935
    0.0016401126
   -0.0097243888
   -0.0178069186
   -0.0357095268
    0.0314891126
   -0.0046370927
   -0.0018562386
    0.0011988574
   -0.0088599218
   -0.0141060376
    0.0200246533
   -0.0167436375
   -0.0080346456
    0.0000525327
   -0.0043513178
   -0.0035343368
    0.0128827160
   -0.0215184065
   -0.0023475808
    0.0026962744
   -0.0025427768
   -0.0001247057
    0.0103089758
   -0.0219518366
   -0.0057492899
    0.0033413682
    0.0049132094
    0.0002360741
    0.0076079963
    0.0404947606
    0.0238932269
   -0.0044579362
    0.0057329744
    0.0074206085
    0.0063232239
   -0.0002880813
    0.0044186659
    0.0235402551
    0.0223631317
    0.0152536469
    0.0127726175
    0.0098586693
    0.0068091059
    0.0018878159
    0.0103477902
    0.0262512184
    0.0177793150
    0.0104531095
    0.0002944236
    0.0041870016
    0.0178782790
    0.0788752452
    0.0504143650
    0.0188388326
    0.0093288267
    0.0013149072
    0.0054782657
    0.0158000681
    0.0202729882
    0.0144007211
    0.0075559668
    0.0017140999
    0.0039381422
    0.0028649105
    0.0089166391
    0.0251083639
    0.0100105781
    0.0010558773
    0.0001984107
   -0.0031011025
    0.0339857641
    0.0414537007
    0.0124861557
    0.0071982738
   -0.0003119536
   -0.0022457148
    0.0006968112
    0.0354883926
    0.0132515476
    0.0082027038
   -0.0012749494
   -0.0015135004
    0.0061914278
    0.0307856963
    0.0127796910
    0.0085786584
    0.0059591407
   -0.0010612601
    0.0010754282
    0.0094328754
    0.0471471473
    0.0146785260
    0.0085852937
    0.0062522297
    0.0001150267
    0.0036403895
    0.0122481765
    0.0287735498
    0.0170124553
    0.0088626523
    0.0063488001
    0.0015565961
    0.0054222059
    0.0115726558
    0.0134285405
    0.0090326995
    0.0063464115
    0.0027075705
    0.0059238805
    0.0086276576
    0.0080333091
    0.0061361462
    0.0032863574
    0.0053335627
    0.0061798283
    0.0055164109
   -0.0076929618
   -0.0053060964
   -0.0025892065
   -0.0106437045
   -0.0082907793
   -0.0042238404
   -0.0011004709
    0.0001598042
   -0.0138660981
   -0.0126576654
   -0.0074402751
   -0.0013139381
    0.0006460370
    0.0008767859
   -0.0165709723
   -0.0178977043
   -0.0135282402
   -0.0011866573
    0.0034422906
    0.0017197696
    0.0012710130
   -0.0176592052
   -0.0227004793
   -0.0213718298
   -0.0035039514
    0.0250669528
    0.0056932492
    0.0018207002
   -0.0164192484
   -0.0248261559
   -0.0288044372
   -0.0115585929
    0.0033968329
    0.0016719883
   -0.0133920202
   -0.0221990016
   -0.0332250523
   -0.0173548318
    0.0105744590
    0.0017040247
    0.0017579225
   -0.0099132712
   -0.0163757245
   -0.0276808935
   -0.0258093436
    0.0009547104
    0.0015550717
   -0.0105686436
   -0.0170796145
   -0.0184284165
   -0.0019289222
    0.0005887314
    0.0021065423
   -0.0064835718
   -0.0085962284
   -0.0068094898
   -0.0127041270
   -0.0021524401
    0.0018799156
   -0.0039772186
   -0.0002601580
    0.0329615244
   -0.0091019043
    0.0012242563
   -0.0021026099
    0.0018549776
    0.0176186042
   -0.0174512048
    0.0003221216
    0.0043517025
    0.0015993613
    0.0124326164
    0.0470554206
    0.0007299651
    0.0019321490
    0.0065448895
    0.0066374161
    0.0004962783
    0.0073646195
    0.0437457336
    0.0757635581
    0.0458084303
    0.0174262098
    0.0122666094
    0.0108408293
    0.0078463113
    0.0031046467
    0.0176982897
    0.0321214557
    0.0213078747
    0.0133211389
    0.0078026627
    0.0005941951
    0.0053893937
    0.0278109014
    0.0568230730
    0.0321592925
    0.0125153587
    0.0068617143
    0.0010773003
    0.0044956752
    0.0053729414
   -0.0136858822
    0.0252675223
    0.0097444871
    0.0000485175
   -0.0022629651
   -0.0175400227
    0.0142205566
    0.0072329328
   -0.0011408051
   -0.0026598309
   -0.0097224674
   -0.0185691175
    0.0192761275
    0.0088959482
   -0.0022707758
   -0.0054586594
   -0.0115144039
   -0.0058905794
    0.0408195208
    0.0179183651
    0.0098112954
    0.0062538455
   -0.0063117438
   -0.0073025813
    0.0049800809
    0.0178621851
    0.0094111293
    0.0067027646
   -0.0036772418
   -0.0047423548
   -0.0012402273
    0.0169075999
    0.0341081266
    0.0094732617
    0.0067762754
    0.0049716193
   -0.0029645867
   -0.0018926881
    0.0040164714
    0.0216795741
    0.0292781197
    0.0111860641
    0.0068202306
    0.0050704746
   -0.0015694404
    0.0008840164
    0.0068585346
    0.0138888243
    0.0110984847
    0.0069414308
    0.0050573846
    0.0027197582
    0.0066676340
    0.0082538045
    0.0065766373
    0.0049297038
    0.0033740192
    0.0053016923
    0.0054565858
    0.0045718986
   -0.0066444631
   -0.0050034332
   -0.0027073259
   -0.0008415197
   -0.0084152071
   -0.0070285595
   -0.0041602983
   -0.0011180774
    0.0003520796
   -0.0100727918
   -0.0093104959
   -0.0064553688
   -0.0016145087
    0.0012110338
    0.0013498429
   -0.0112501927
   -0.0114917733
   -0.0086523463
   -0.0029036418
    0.0045459876
    0.0031364818
    0.0018134671
   -0.0114845825
   -0.0134384574
   -0.0090099740
   -0.0013089271
    0.0200351214
    0.0125954077
    0.0032360755
    0.0018833056
   -0.0141342544
   -0.0124690815
    0.0088586933
    0.0024674776
    0.0018940223
   -0.0127220750
   -0.0159093949
    0.0101487733
    0.0030467785
    0.0020851865
   -0.0100127364
   -0.0141398431
   -0.0128562018
    0.0049175333
    0.0018174432
    0.0021441098
   -0.0072914410
   -0.0100275150
   -0.0125481177
    0.0000806481
    0.0195455128
    0.0005330923
    0.0020351804
   -0.0064065350
   -0.0072009521
   -0.0065280720
   -0.0022383251
    0.0013631448
    0.0026738199
   -0.0041535539
   -0.0033828404
   -0.0002632919
    0.0040072746
   -0.0093252127
   -0.0003098335
    0.0028495718
   -0.0017431061
    0.0023924203
    0.0087994391
    0.0121396531
   -0.0026489426
    0.0030811610
   -0.0014303118
    0.0021574525
    0.0105893089
    0.0208887271
    0.0013918918
    0.0039745421
    0.0058974234
    0.0007392948
    0.0075951342
    0.0214335369
    0.0190479356
    0.0142497938
    0.0068548245
    0.0089153318
    0.0079851493
   -0.0006119937
    0.0028814824
    0.0135923560
    0.0032338384
    0.0158344505
    0.0144250893
    0.0135904669
    0.0087155413
   -0.0000880991
    0.0027965202
    0.0000468319
   -0.0539215120
    0.0254638915
    0.0294624924
    0.0151079905
    0.0079204798
   -0.0011996068
   -0.0050156551
   -0.0389584112
    0.0350009522
    0.0120166730
    0.0064729184
   -0.0022711446
   -0.0051200766
   -0.0198880938
   -0.0553521287
    0.0190704285
    0.0084713997
   -0.0041621372
   -0.0108073011
   -0.0303579481
   -0.0431960732
    0.0239077148
    0.0103308935
    0.0061067858
   -0.0065068678
   -0.0146804166
   -0.0280306902
   -0.0231991892
    0.0322869738
    0.0156623786
    0.0102870438
    0.0068088358
   -0.0080210105
   -0.0140209723
   -0.0161977795
    0.0036081994
    0.0275078556
    0.0087654145
    0.0068772768
    0.0049801372
   -0.0077399114
   -0.0095189836
   -0.0036369602
    0.0272163171
    0.0456448026
    0.0107693798
    0.0066497285
    0.0050977794
   -0.0057965285
   -0.0039473360
    0.0052283076
    0.0211865216
    0.0137300601
    0.0069246978
    0.0050648868
   -0.0031416854
    0.0004720602
    0.0075912466
    0.0106803096
    0.0071885656
    0.0050148910
   -0.0007583652
    0.0027144560
    0.0061559315
    0.0062468790
    0.0048207115
    0.0031773132
    0.0044976562
    0.0042483034
   -0.0043250101
   -0.0025753881
   -0.0008629783
    0.0001652190
   -0.0065129288
   -0.0054516504
   -0.0034931217
   -0.0010945714
    0.0005096738
    0.0009747505
   -0.0074027130
   -0.0065270023
   -0.0042559353
   -0.0014245482
    0.0013261159
    0.0018500502
    0.0015417410
   -0.0076521412
   -0.0039414934
   -0.0004095182
    0.0033640124
    0.0040187924
    0.0025643335
    0.0018084167
   -0.0087296603
   -0.0042773895
    0.0141105600
    0.0130869325
    0.0131341263
    0.0047963615
    0.0025923250
   -0.0090476327
   -0.0074854984
    0.0153501153
    0.0036607260
    0.0023989974
   -0.0094006461
    0.0031154509
    0.0060731347
    0.0028515558
    0.0022781578
   -0.0087472660
   -0.0081900152
    0.0029856902
    0.0025570987
   -0.0069744262
   -0.0082359710
   -0.0070098082
    0.0058552673
    0.0025873296
    0.0025545355
   -0.0060063988
   -0.0073964162
   -0.0133164160
    0.0168676174
    0.0023925291
    0.0026993431
   -0.0041720945
   -0.0039829735
   -0.0099398874
    0.0369765058
    0.0021191767
    0.0026105759
    0.0031436432
   -0.0022280182
   -0.0018848104
   -0.0085398810
    0.0058845537
    0.0022541253
    0.0035476642
   -0.0018689046
   -0.0000711134
   -0.0006327408
    0.0291369261
    0.0356100839
    0.0018221079
    0.0038623801
    0.0046747169
   -0.0007278848
    0.0001578290
   -0.0064174186
   -0.0033509269
    0.0031473730
    0.0060788241
    0.0054962694
   -0.0017824490
   -0.0015117464
   -0.0098431243
   -0.0497838629
   -0.0254766062
   -0.0034650017
    0.0075681228
    0.0078292134
    0.0056285701
   -0.0029762476
   -0.0087519505
   -0.0459362958
   -0.0243498579
    0.0064456828
    0.0118341359
    0.0079307335
   -0.0034454586
   -0.0074034024
   -0.0271884586
   -0.0035711515
    0.0167821686
    0.0115421355
    0.0067351948
   -0.0059206993
   -0.0156716690
   -0.0498451075
   -0.0203865936
    0.0113536395
    0.0150260796
    0.0085778636
    0.0053400401
   -0.0096625138
   -0.0244176193
   -0.0585684230
   -0.0383284289
    0.0016244459
    0.0106621016
    0.0093322673
    0.0061741261
   -0.0131677445
   -0.0278347648
   -0.0472323208
   -0.0380201638
    0.0012633393
    0.0056810096
    0.0072667954
    0.0063773959
    0.0046411357
   -0.0144168384
   -0.0232852658
   -0.0241196913
   -0.0012164947
    0.0141238831
    0.0060551849
    0.0057811975
    0.0047710397
   -0.0125754787
   -0.0141508487
   -0.0052799524
    0.0128561142
    0.0093132930
    0.0054753141
    0.0046257818
   -0.0086671847
   -0.0055073578
    0.0040948248
    0.0094397439
    0.0060521555
    0.0044775078
   -0.0044904245
   -0.0000290829
    0.0053779475
    0.0058606965
    0.0044077215
    0.0035644998
   -0.0013357761
    0.0021254646
    0.0042595310
    0.0040512683
    0.0024587392
    0.0032279924
   -0.0036313642
   -0.0022787027
   -0.0008392979
    0.0001945680
   -0.0042921585
   -0.0026952221
   -0.0009074797
    0.0005806810
    0.0011687931
   -0.0049787834
   -0.0028193195
   -0.0006138010
    0.0013514667
    0.0021862211
    0.0019325934
   -0.0057462445
   -0.0029112589
    0.0018649530
    0.0033618087
    0.0043809457
    0.0033080202
    0.0023092107
   -0.0063653906
   -0.0041059254
    0.0077858904
    0.0169170170
    0.0124945296
    0.0063851302
    0.0035547792
    0.0023682569
   -0.0058532565
    0.0046730286
    0.0248261175
    0.0058563753
    0.0033031700
    0.0022849682
   -0.0066229992
   -0.0032543200
    0.0234386478
    0.0047305600
    0.0029355867
   -0.0061693985
    0.0025430225
    0.0120482476
    0.0038074037
    0.0026319794
   -0.0060971038
   -0.0058073490
    0.0039688355
    0.0056092788
    0.0031248461
   -0.0051417095
   -0.0057320229
   -0.0081819967
    0.0071923365
    0.0102087264
    0.0036483602
    0.0028155704
   -0.0045340697
   -0.0061502755
   -0.0126851973
    0.0467673011
    0.0728559134
    0.0154541294
    0.0041395934
    0.0030288589
   -0.0037170658
   -0.0040959945
   -0.0075386290
    0.0064064098
    0.0326180210
    0.0046185270
    0.0028536084
   -0.0034309312
   -0.0049458119
   -0.0060946620
    0.0051619248
    0.0014563038
    0.0031235210
   -0.0033748865
   -0.0046264041
   -0.0103106701
   -0.0125937373
    0.0230307235
   -0.0070146497
   -0.0046555801
    0.0019845593
    0.0040073543
   -0.0046564092
   -0.0103254148
   -0.0308957949
   -0.0574354130
   -0.0276893233
   -0.0031060066
    0.0040751352
    0.0046400058
   -0.0088375667
   -0.0257993475
   -0.0732410316
   -0.0190561087
    0.0020671722
    0.0055583395
    0.0046220343
   -0.0071914044
   -0.0176588053
   -0.0523917987
   -0.0524706134
   -0.0056064472
    0.0055579438
    0.0055580307
   -0.0118243845
   -0.0300723695
   -0.0735211075
   -0.0836994064
   -0.0201476769
    0.0020776720
    0.0058677681
    0.0047624682
   -0.0173878363
   -0.0399322442
   -0.0759204645
   -0.0835171320
   -0.0335036662
   -0.0048340936
    0.0041643248
    0.0049316846
   -0.0106749511
   -0.0212840231
   -0.0399748293
   -0.0544188616
   -0.0341664903
   -0.0085901861
    0.0010405454
    0.0041875832
    0.0040017480
   -0.0122971636
   -0.0210721245
   -0.0296745740
   -0.0250942179
   -0.0077813380
    0.0002420563
    0.0030252520
    0.0037191911
   -0.0121006784
   -0.0167445570
   -0.0164186256
   -0.0070341976
    0.0012599168
    0.0027426176
    0.0032798221
   -0.0100887136
   -0.0106847516
   -0.0064134886
    0.0004588774
    0.0029564439
    0.0030398983
    0.0029563158
   -0.0053588784
   -0.0010691141
    0.0022459079
    0.0028533631
    0.0027397464
   -0.0018753067
    0.0009424873
    0.0023047121
   -0.0020260627
   -0.0008165590
    0.0001721276
   -0.0022800466
   -0.0007663638
    0.0005455206
    0.0012610900
    0.0013587152
   -0.0025300618
   -0.0003700538
    0.0012421849
    0.0022785694
    0.0022608471
    0.0018283559
   -0.0030829025
    0.0005510991
    0.0029801559
    0.0041294405
    0.0039195120
    0.0028864383
    0.0020571592
   -0.0040404378
    0.0005142952
    0.0088987007
    0.0083690318
    0.0077100600
    0.0048277101
    0.0030587410
   -0.0048861822
   -0.0018226022
    0.0130940636
    0.0258294463
    0.0210741684
    0.0107776519
    0.0048779821
    0.0028988992
   -0.0041197106
    0.0036054037
    0.0109349433
    0.0042656417
    0.0025999667
   -0.0050478713
   -0.0029594874
    0.0104296883
    0.0074522542
    0.0034375327
   -0.0048531013
   -0.0029281228
    0.0101745277
    0.0187397881
    0.0047532524
    0.0027915448
   -0.0049177570
   -0.0052661369
   -0.0041777744
    0.0218285644
    0.0363356244
    0.0068129883
    0.0032722285
   -0.0051259895
   -0.0065476140
    0.0003614193
    0.0335454721
    0.0289781469
    0.0087896900
    0.0035492831
   -0.0046756908
   -0.0061126562
   -0.0059784692
    0.0202359690
    0.0329741879
    0.0097712345
    0.0030016581
    0.0024246337
   -0.0057999893
   -0.0084749897
   -0.0013166161
    0.0275718762
    0.0090881556
    0.0000979236
    0.0011636168
   -0.0055505635
   -0.0094144919
   -0.0157707695
   -0.0123927728
   -0.0098364809
   -0.0103144688
   -0.0029606929
    0.0013971352
   -0.0088840685
   -0.0188759313
   -0.0381044057
   -0.0495625745
   -0.0388287420
   -0.0143443684
   -0.0016822579
    0.0023375878
   -0.0161238226
   -0.0381851832
   -0.0701859490
   -0.0737770464
   -0.0397958879
   -0.0094266734
    0.0007840820
    0.0030042967
   -0.0122767993
   -0.0281070141
   -0.0627227779
   -0.0852346393
   -0.0742867456
   -0.0244860241
   -0.0033580061
    0.0024352699
   -0.0187672103
   -0.0415120848
   -0.0766759581
   -0.0882875796
   -0.0437847265
   -0.0108250512
    0.0004377531
    0.0029580488
   -0.0124463495
   -0.0250889644
   -0.0485048670
   -0.0704565722
   -0.0526630577
   -0.0189637829
   -0.0031969785
    0.0020140517
   -0.0153934651
   -0.0278814000
   -0.0432196772
   -0.0435447554
   -0.0226405234
   -0.0066760397
    0.0003202913
    0.0024313953
   -0.0165234476
   -0.0251599309
   -0.0291386492
   -0.0203284872
   -0.0079611381
   -0.0011745467
    0.0016677959
   -0.0151358500
   -0.0184521025
   -0.0155563279
   -0.0075331691
   -0.0017073851
    0.0009796387
   -0.0118263509
   -0.0111985805
   -0.0066731036
   -0.0018352550
    0.0006087968
    0.0016496395
   -0.0056827357
   -0.0021193169
    0.0002997441
    0.0013405150
   -0.0001635372
   -0.0008748565
    0.0000589911
   -0.0008789856
    0.0003331186
    0.0011658645
    0.0014251566
   -0.0025992746
   -0.0008377947
    0.0007755980
    0.0019499524
    0.0023518632
    0.0020549312
   -0.0010125079
    0.0014964235
    0.0029726826
    0.0038540334
    0.0033364410
    0.0024186760
   -0.0018230273
    0.0020840377
    0.0043845554
    0.0059918943
    0.0057317519
    0.0038501570
    0.0024897826
   -0.0030369608
    0.0007965516
    0.0063485095
    0.0079426267
    0.0116488178
    0.0069512826
    0.0037768185
   -0.0039685068
   -0.0017677377
    0.0040343203
    0.0080057892
    0.0264644453
    0.0190461729
    0.0064815889
    0.0032792874
   -0.0035849902
   -0.0007599156
    0.0041354221
    0.0236648061
    0.0148491381
    0.0049043279
   -0.0043350110
   -0.0034731989
   -0.0008951046
    0.0080053345
    0.0397267461
    0.0079545727
    0.0034542451
   -0.0045242476
   -0.0038692887
    0.0010026140
    0.0191475314
    0.0405635353
    0.0122260876
    0.0043454695
   -0.0051868382
   -0.0036161595
    0.0071325708
    0.0191428581
    0.0128808735
    0.0048264823
    0.0025708219
   -0.0056093247
   -0.0063406077
   -0.0012031064
    0.0115181314
    0.0099190911
    0.0037029875
    0.0018887909
   -0.0077031296
   -0.0085498302
   -0.0012081031
    0.0031265977
   -0.0007189053
   -0.0005667249
   -0.0124921124
   -0.0159599049
   -0.0143800789
   -0.0124230939
   -0.0069009561
   -0.0016299278
   -0.0128319625
   -0.0227282133
   -0.0334059514
   -0.0338727968
   -0.0205450993
   -0.0074072263
   -0.0008536487
   -0.0112007591
   -0.0215201119
   -0.0392861740
   -0.0530071531
   -0.0421042518
   -0.0184389785
   -0.0048404104
    0.0003717654
   -0.0170847508
   -0.0332834594
   -0.0552095833
   -0.0600331068
   -0.0343863240
   -0.0118042517
   -0.0019479959
   -0.0126517167
   -0.0240538989
   -0.0433102624
   -0.0596324403
   -0.0474342771
   -0.0208636678
   -0.0058164698
    0.0000275064
   -0.0164487429
   -0.0293014359
   -0.0450114653
   -0.0471216070
   -0.0278836766
   -0.0104573936
   -0.0020033027
   -0.0190213802
   -0.0297194428
   -0.0363222363
   -0.0284006356
   -0.0138549313
   -0.0043217777
    0.0000086489
   -0.0190303040
   -0.0247563227
   -0.0234259580
   -0.0144851046
   -0.0059646276
   -0.0011493321
   -0.0163318320
   -0.0172160884
   -0.0128264602
   -0.0064674168
   -0.0020008362
   -0.0121293103
   -0.0103273683
   -0.0061612604
   -0.0024146346
   -0.0025717232
   -0.0011693373
   -0.0000486854
    0.0008517202
    0.0013148224
   -0.0014065577
    0.0000512037
    0.0012797859
    0.0020474705
    0.0020903873
   -0.0018597076
    0.0000021955
    0.0016423722
    0.0029350359
    0.0032821279
    0.0026552090
   -0.0005071132
    0.0017333187
    0.0035151408
    0.0050057763
    0.0042700678
    0.0028720309
   -0.0015822772
    0.0010927271
    0.0031833559
    0.0067718420
    0.0073419660
    0.0045861426
    0.0027333955
   -0.0027597541
   -0.0005478395
    0.0019171015
    0.0063740862
    0.0135633152
    0.0081764836
    0.0040871748
   -0.0023407857
   -0.0001106908
    0.0032501140
    0.0180126200
    0.0162908115
    0.0065435373
    0.0032035374
   -0.0035798266
   -0.0022376898
    0.0005443392
    0.0098525294
    0.0233908493
    0.0105570257
    0.0043478350
   -0.0038505301
   -0.0020253209
    0.0034490299
    0.0144251851
    0.0130422006
    0.0055355510
    0.0027217450
   -0.0047631430
   -0.0043796826
   -0.0009233137
    0.0061946848
    0.0096494525
    0.0055637896
    0.0026435129
   -0.0059428809
   -0.0051742070
   -0.0002392148
    0.0040983892
    0.0030947757
    0.0014490660
   -0.0082742985
   -0.0075177997
   -0.0039145009
   -0.0025922681
   -0.0019316559
   -0.0130206681
   -0.0142222121
   -0.0126562285
   -0.0089091625
   -0.0042025966
   -0.0148761824
   -0.0215589727
   -0.0248575157
   -0.0202897762
   -0.0111006731
   -0.0138194725
   -0.0227934131
   -0.0322570784
   -0.0328677230
   -0.0214739631
   -0.0094498730
   -0.0197033949
   -0.0313965629
   -0.0392942466
   -0.0323094229
   -0.0170128145
   -0.0062586371
   -0.0153334719
   -0.0254293232
   -0.0363534823
   -0.0374109099
   -0.0245001229
   -0.0109673390
   -0.0033317280
   -0.0187168607
   -0.0283063662
   -0.0341418403
   -0.0280526673
   -0.0153963763
   -0.0060324361
   -0.0202059263
   -0.0264860952
   -0.0260494554
   -0.0176159493
   -0.0084860959
   -0.0027985233
   -0.0189458896
   -0.0208617598
   -0.0168762819
   -0.0098132204
   -0.0041452480
   -0.0154416462
   -0.0142230839
   -0.0097408924
   -0.0049549714
    0.0003917603
   -0.0006534114
    0.0005026608
    0.0014252999
    0.0018293431
   -0.0009976215
    0.0004391644
    0.0017476294
    0.0026116336
    0.0025568908
   -0.0015851649
    0.0000474175
    0.0016962535
    0.0033141299
    0.0038127404
    0.0029916545
   -0.0007670289
    0.0010864112
    0.0033205153
    0.0053454521
    0.0046039077
    0.0029890076
   -0.0018431296
   -0.0000493922
    0.0022515695
    0.0061798144
    0.0070411180
    0.0044777921
   -0.0028383920
   -0.0014812818
    0.0006092962
    0.0047592750
    0.0092801434
    0.0066847684
    0.0035902212
   -0.0028360507
   -0.0012038744
    0.0020549575
    0.0079746539
    0.0086379401
    0.0047631777
   -0.0030096723
   -0.0006164147
    0.0039657066
    0.0076104056
    0.0054009753
    0.0028223117
   -0.0044598995
   -0.0033144450
   -0.0000266415
    0.0037745200
    0.0041915819
    0.0024387866
   -0.0056219356
   -0.0041506060
   -0.0010607555
    0.0007392618
    0.0006501143
   -0.0078199036
   -0.0067148310
   -0.0047220059
   -0.0031813019
   -0.0118654876
   -0.0116492081
   -0.0093606083
   -0.0058233280
   -0.0146528375
   -0.0177579895
   -0.0170266496
   -0.0121170328
   -0.0146735699
   -0.0204429095
   -0.0233030826
   -0.0195490906
   -0.0117745175
   -0.0193902430
   -0.0252950707
   -0.0252575905
   -0.0178904049
   -0.0092805497
   -0.0162474813
   -0.0229763511
   -0.0265446115
   -0.0224192395
   -0.0136039208
   -0.0185656839
   -0.0236061495
   -0.0233240937
   -0.0167552795
   -0.0187945448
   -0.0207994739
   -0.0174993272
   -0.0110121609
   -0.0167162992
   -0.0159311880
    0.0007021724
   -0.0004819051
    0.0006711679
    0.0016523360
    0.0020682623
   -0.0009734872
    0.0003509334
    0.0017277420
    0.0027010537
    0.0026518436
   -0.0003061860
    0.0013117571
    0.0030335896
    0.0036210240
    0.0028585642
   -0.0012235271
    0.0003916093
    0.0025868767
    0.0043860211
    0.0039337180
   -0.0022141666
   -0.0008442178
    0.0013036862
    0.0041049878
    0.0048840278
    0.0034180046
   -0.0021748157
   -0.0004053446
    0.0024333955
    0.0047161883
    0.0040037358
   -0.0022405880
    0.0000539545
    0.0028288636
    0.0035897111
    0.0024514843
   -0.0039433816
   -0.0025364298
   -0.0001339963
    0.0016169230
    0.0015791254
   -0.0050004025
   -0.0035639865
   -0.0016815659
   -0.0006206120
   -0.0069296777
   -0.0058201645
   -0.0042311816
   -0.0099673156
   -0.0088819099
   -0.0128845213
   -0.0134717796
   -0.0113162092
   -0.0138027145
   -0.0164350358
   -0.0158867023
   -0.0118702821
   -0.0169100790
   -0.0185740963
   -0.0159258077
   -0.0185688607
   -0.0181644815
   -0.0136785662
   -0.0164653986
   -0.0179246461
   -0.0154157658
   -0.0157965885
   -0.0152248999
    0.0005114752
    0.0014977693
   -0.0000075869
    0.0013002117
    0.0022455698
   -0.0007913226
    0.0006421058
    0.0021240409
    0.0027024754
   -0.0004019408
    0.0013335220
    0.0026486187
    0.0025841076
   -0.0016454546
   -0.0000363081
    0.0017465768
    0.0024389673
   -0.0017038534
    0.0000448463
    0.0014006113
   -0.0021062384
   -0.0005641341
    0.0002884391
   -0.0031461477
