    0.0030808686
    0.0045744471
    0.0009484497
    0.0013943725
    0.0027806670
    0.0046378851
   -0.0001597510
   -0.0003814414
    0.0003692278
    0.0022988038
    0.0045005118
   -0.0018433143
   -0.0019985016
   -0.0006780746
    0.0018005517
    0.0042395099
   -0.0027603888
   -0.0037424270
   -0.0034433951
   -0.0014456542
    0.0013956702
   -0.0046366265
   -0.0053342978
   -0.0043463216
   -0.0018543441
   -0.0061706395
   -0.0062623485
   -0.0046810482
   -0.0065343923
    0.0055166277
    0.0036327833
    0.0048536803
    0.0065505769
    0.0076826645
    0.0023495873
    0.0027004350
    0.0034449756
    0.0052954579
    0.0073336052
    0.0084226796
    0.0015709007
    0.0015846920
    0.0027648053
    0.0053508040
    0.0076477296
    0.0004187955
   -0.0002800036
   -0.0003304103
    0.0016656915
    0.0049604160
    0.0076507058
   -0.0004965041
   -0.0017494023
   -0.0030087385
   -0.0025173525
    0.0005351373
    0.0044848839
    0.0074283233
   -0.0025886044
   -0.0046531914
   -0.0057570259
   -0.0041580293
   -0.0001565765
    0.0040525043
   -0.0028162825
   -0.0052009005
   -0.0073942955
   -0.0075659424
   -0.0048171242
   -0.0004829148
    0.0033832635
   -0.0049531996
   -0.0076053851
   -0.0091224922
   -0.0081263522
   -0.0048213275
   -0.0008268187
   -0.0069164014
   -0.0091491639
   -0.0096373877
   -0.0078767977
   -0.0046789005
   -0.0082400594
   -0.0096743674
   -0.0093327588
   -0.0073594028
    0.0060429990
    0.0039603288
    0.0047680627
    0.0061084630
    0.0078334502
    0.0087080265
    0.0037161550
    0.0044860018
    0.0055022320
    0.0077519648
    0.0097397168
    0.0101788306
    0.0030811582
    0.0038715857
    0.0042893578
    0.0060504692
    0.0093990143
    0.0110813669
    0.0113491243
    0.0021714414
    0.0027551596
    0.0026678304
    0.0029257857
    0.0061184083
    0.0099902481
    0.0117308069
    0.0122052763
    0.0013918694
    0.0007899248
   -0.0005256258
    0.0004500725
    0.0051252706
    0.0095118325
    0.0121518422
    0.0003083770
   -0.0008624884
   -0.0032910068
   -0.0049369608
   -0.0023468983
    0.0037166468
    0.0091279645
    0.0120508778
   -0.0017957687
   -0.0047535698
   -0.0082276317
   -0.0086912666
   -0.0039683497
    0.0030518833
    0.0086098840
    0.0106851761
   -0.0020297413
   -0.0049802747
   -0.0091191526
   -0.0119209718
   -0.0101685330
   -0.0041196974
    0.0025373462
    0.0072050101
    0.0080892466
   -0.0044467111
   -0.0084277362
   -0.0122763126
   -0.0131675361
   -0.0097510236
   -0.0039549123
    0.0015686334
    0.0049906816
   -0.0070205790
   -0.0109934454
   -0.0134158994
   -0.0125863146
   -0.0088348248
   -0.0040469246
    0.0003211566
   -0.0090310516
   -0.0120933449
   -0.0130239320
   -0.0113950698
   -0.0080807788
   -0.0042172112
   -0.0009526747
   -0.0100511659
   -0.0119724680
   -0.0119628106
   -0.0102162103
   -0.0074485912
   -0.0107474322
    0.0050314995
    0.0062441835
    0.0077570986
    0.0084844258
    0.0044688802
    0.0054457855
    0.0065099494
    0.0087275925
    0.0104815612
    0.0105363827
    0.0042984133
    0.0058021185
    0.0065522584
    0.0086604695
    0.0124408062
    0.0131890147
    0.0124906605
    0.0035745800
    0.0054715346
    0.0064885490
    0.0070676857
    0.0121232826
    0.0159865652
    0.0150816561
    0.0143345962
    0.0025923551
    0.0040633780
    0.0055284535
    0.0046385542
    0.0068897526
    0.0153814460
    0.0165245961
    0.0166890212
    0.0157269988
    0.0023632171
    0.0030462844
    0.0016410356
   -0.0003920258
    0.0053296552
    0.0131723702
    0.0161796844
    0.0182208318
    0.0156469216
    0.0011509990
    0.0006886262
   -0.0016357664
   -0.0064295379
   -0.0069398963
    0.0013183366
    0.0102531774
    0.0167608165
    0.0180739027
    0.0134455225
   -0.0005272491
   -0.0034761399
   -0.0094572875
   -0.0146084075
   -0.0114631036
   -0.0008292651
    0.0095712030
    0.0160592287
    0.0150676185
   -0.0008892209
   -0.0037309493
   -0.0094958032
   -0.0164860198
   -0.0186258052
   -0.0117487890
   -0.0009271957
    0.0082028904
    0.0127198277
    0.0104014851
   -0.0031981277
   -0.0080143877
   -0.0148186973
   -0.0195398537
   -0.0178001928
   -0.0101624913
   -0.0016943239
    0.0056310844
    0.0081360081
   -0.0061355263
   -0.0119090508
   -0.0173149967
   -0.0187791809
   -0.0153388206
   -0.0092168303
   -0.0026933089
    0.0028255798
    0.0039406332
   -0.0044029970
   -0.0088839370
   -0.0140561214
   -0.0171274820
   -0.0166760494
   -0.0132960877
   -0.0086504330
   -0.0033122957
    0.0002925628
   -0.0062785709
   -0.0106268173
   -0.0143353381
   -0.0156969299
   -0.0145851910
   -0.0117705458
   -0.0079162787
   -0.0039055279
   -0.0018447365
   -0.0075972929
   -0.0111410738
   -0.0134805737
   -0.0139496133
   -0.0127681893
   -0.0104084258
   -0.0072735569
   -0.0046302812
   -0.0122335810
   -0.0111636288
   -0.0091964056
   -0.0069250020
    0.0053902189
    0.0065632480
    0.0043103006
    0.0051459827
    0.0060090935
    0.0077176988
    0.0091756223
    0.0093836350
    0.0045927071
    0.0061427427
    0.0068820974
    0.0086548911
    0.0117939807
    0.0124413854
    0.0117355091
    0.0043408071
    0.0069349463
    0.0085929731
    0.0091289396
    0.0144508942
    0.0177789005
    0.0156007570
    0.0142618239
    0.0035826145
    0.0063909136
    0.0106573533
    0.0102816764
    0.0136428108
    0.0277331201
    0.0218982404
    0.0186539622
    0.0167817533
    0.0046266289
    0.0093413948
    0.0131491183
    0.0092228829
    0.0280076740
    0.0354389124
    0.0227381642
    0.0223601073
    0.0182570628
    0.0029188704
    0.0051292065
    0.0098880604
    0.0052558358
    0.0073191399
    0.0364316538
    0.0242122901
    0.0257305150
    0.0252172962
    0.0172245755
    0.0018109780
    0.0021733568
    0.0022371611
   -0.0012482849
   -0.0081364667
    0.0027339024
    0.0143183615
    0.0216346374
    0.0293094317
    0.0237154334
    0.0136632712
    0.0008338975
   -0.0010220543
   -0.0070445107
   -0.0166070564
   -0.0196044638
   -0.0061198030
    0.0083792038
    0.0224916530
    0.0269279622
    0.0177933939
    0.0003297916
   -0.0016610462
   -0.0075194365
   -0.0183000062
   -0.0277828299
   -0.0231895902
   -0.0084095966
    0.0060749966
    0.0188528953
    0.0187026885
    0.0109820930
   -0.0014363536
   -0.0059737851
   -0.0152443730
   -0.0254350044
   -0.0284180662
   -0.0206101986
   -0.0086964581
    0.0022736089
    0.0119597792
    0.0104813471
   -0.0042063154
   -0.0110389518
   -0.0203071223
   -0.0255649134
   -0.0241023729
   -0.0171540453
   -0.0099620973
   -0.0000277521
    0.0058949030
    0.0043999999
   -0.0027733905
   -0.0074119358
   -0.0147603658
   -0.0210917835
   -0.0226413258
   -0.0201387486
   -0.0153616055
   -0.0092584418
   -0.0014594993
    0.0013485323
   -0.0047598255
   -0.0099838947
   -0.0160023680
   -0.0194761013
   -0.0196306294
   -0.0172810826
   -0.0135863258
   -0.0079204405
   -0.0031229672
   -0.0019824989
   -0.0064528912
   -0.0112043011
   -0.0153495418
   -0.0172151044
   -0.0169223393
   -0.0150166359
   -0.0116421733
   -0.0073722327
   -0.0048058988
   -0.0074401955
   -0.0111548841
   -0.0138376154
   -0.0149140249
   -0.0145585872
   -0.0129242041
   -0.0101221799
   -0.0074663278
   -0.0103462893
   -0.0121110592
   -0.0128003281
   -0.0124561811
   -0.0110858496
   -0.0091915890
   -0.0096973599
    0.0040826599
    0.0046669114
    0.0058110095
    0.0069761365
    0.0039973877
    0.0050045830
    0.0054767956
    0.0066098567
    0.0086845024
    0.0096998214
    0.0041563428
    0.0061701485
    0.0072906464
    0.0076056000
    0.0108225618
    0.0134911646
    0.0130029485
    0.0121704132
    0.0038509503
    0.0066889571
    0.0107533078
    0.0104006731
    0.0125425849
    0.0222650496
    0.0192503974
    0.0167694714
    0.0058253675
    0.0129912285
    0.0210247280
    0.0142720485
    0.0380198606
    0.0437322940
    0.0233683127
    0.0216141046
    0.0175073107
    0.0043114291
    0.0097345653
    0.0341319086
    0.0295015961
    0.0305664327
    0.0399937595
    0.0291868130
    0.0271379168
    0.0180977936
    0.0030498664
    0.0054660999
    0.0175437152
    0.0241899447
    0.0339557052
    0.0397048270
    0.0293774739
    0.0157744233
    0.0030837852
    0.0050366876
    0.0183777431
    0.0307380581
    0.0447067874
    0.0458620319
    0.0247947676
    0.0019348743
    0.0015432610
   -0.0012995522
   -0.0007264951
   -0.0037728841
    0.0168129792
    0.0280279841
    0.0527256132
    0.0358679879
    0.0166324514
    0.0006125733
   -0.0033750951
   -0.0140829430
   -0.0218259748
   -0.0278898650
   -0.0084222016
    0.0038573043
    0.0233765660
    0.0365886668
    0.0209956138
    0.0091704563
    0.0003571521
   -0.0026137903
   -0.0119538982
   -0.0271158308
   -0.0357799558
   -0.0308888730
   -0.0156475568
   -0.0079778026
    0.0124527133
    0.0185560007
    0.0102738405
   -0.0016479954
   -0.0078070708
   -0.0204426650
   -0.0315901040
   -0.0321455029
   -0.0265053299
   -0.0191512903
   -0.0119044047
    0.0057203750
    0.0079203804
    0.0033149936
   -0.0009543687
   -0.0046421999
   -0.0130644238
   -0.0240588270
   -0.0285548304
   -0.0275716474
   -0.0228258595
   -0.0192583331
   -0.0083226485
    0.0012950052
    0.0013319872
   -0.0026746061
   -0.0077394300
   -0.0159987358
   -0.0229547596
   -0.0247898140
   -0.0235886406
   -0.0203908236
   -0.0154482508
   -0.0066667065
   -0.0025570055
   -0.0029853400
   -0.0044680921
   -0.0098020079
   -0.0161607399
   -0.0201498735
   -0.0212352618
   -0.0202319548
   -0.0177004620
   -0.0123627226
   -0.0072221217
   -0.0055741612
   -0.0058090654
   -0.0104095128
   -0.0147048892
   -0.0171732288
   -0.0179660128
   -0.0173297296
   -0.0147779092
   -0.0108869156
   -0.0083616246
   -0.0064283448
   -0.0099211368
   -0.0127623731
   -0.0144698052
   -0.0151252858
   -0.0144972872
   -0.0124906968
   -0.0104068565
   -0.0089226586
   -0.0108925727
   -0.0121641179
   -0.0126297710
   -0.0121327733
   -0.0110921801
   -0.0102369022
   -0.0106045315
    0.0035233837
    0.0037360077
    0.0044035268
    0.0057356852
    0.0068200320
    0.0043711709
    0.0047211496
    0.0048448631
    0.0064767583
    0.0085192340
    0.0093519237
    0.0051691361
    0.0068770766
    0.0063277356
    0.0071035781
    0.0111830237
    0.0126080878
    0.0126196539
    0.0052661239
    0.0096477671
    0.0124363442
    0.0087403220
    0.0159923616
    0.0211720439
    0.0174838379
    0.0169405897
    0.0045887633
    0.0098018172
    0.0287147427
    0.0238419302
    0.0206251674
    0.0299385989
    0.0241196211
    0.0224279044
    0.0155905542
    0.0036961411
    0.0071750660
    0.0288123847
    0.0384335115
    0.0334147949
    0.0358953181
    0.0269820641
    0.0148740481
    0.0048506214
    0.0123271821
    0.0552080395
    0.0524072478
    0.0507233543
    0.0262328960
    0.0034620188
    0.0056385354
    0.0200729846
    0.0564219554
    0.1000826116
    0.0499962284
    0.0198594104
    0.0025730722
    0.0034503570
    0.0036207943
    0.0176493591
    0.0522510421
    0.0988854221
    0.0325894648
    0.0121375214
    0.0023792864
    0.0014509227
   -0.0047615111
    0.0387674561
    0.0453402653
    0.0172196716
    0.0016734719
    0.0009739243
   -0.0048614321
   -0.0191511940
   -0.0276726156
   -0.0260601787
   -0.0020070729
    0.0037582748
    0.0092523585
    0.0326489175
    0.0194422538
    0.0072442873
    0.0007092657
   -0.0027234212
   -0.0149356408
   -0.0324420272
   -0.0358133172
   -0.0301714644
   -0.0151279614
   -0.0248224835
   -0.0034252212
    0.0125186389
    0.0070080148
    0.0007780487
   -0.0013389312
   -0.0082922172
   -0.0229674837
   -0.0346087358
   -0.0330938142
   -0.0295185633
   -0.0245544992
   -0.0220669232
   -0.0021072835
    0.0031122857
   -0.0004155643
   -0.0005952436
   -0.0041972265
   -0.0129437524
   -0.0248533289
   -0.0300185192
   -0.0301128762
   -0.0267405814
   -0.0243062803
   -0.0142998849
   -0.0042477236
   -0.0032427672
   -0.0049958827
   -0.0021008455
   -0.0067664460
   -0.0147330834
   -0.0221345141
   -0.0251667763
   -0.0256944645
   -0.0244987095
   -0.0202435558
   -0.0118032884
   -0.0075375755
   -0.0074060497
   -0.0035134635
   -0.0081445120
   -0.0140141802
   -0.0184004557
   -0.0207081985
   -0.0217591614
   -0.0208744343
   -0.0162525301
   -0.0117819149
   -0.0101813686
   -0.0044335875
   -0.0082701527
   -0.0121963084
   -0.0150678468
   -0.0170224698
   -0.0179528698
   -0.0166835551
   -0.0140845289
   -0.0124042958
   -0.0047594970
   -0.0076327933
   -0.0102931235
   -0.0124085386
   -0.0139477510
   -0.0144420436
   -0.0138595313
   -0.0131496911
   -0.0067507951
   -0.0086869675
   -0.0103102589
   -0.0114230183
   -0.0119678167
   -0.0122789370
   -0.0086603194
   -0.0096038433
    0.0028339786
    0.0027897740
    0.0028201463
    0.0037428639
    0.0052112297
    0.0062681220
    0.0034075259
    0.0036666369
    0.0030852030
    0.0033930874
    0.0054908934
    0.0075412268
    0.0085225472
    0.0038258693
    0.0051452838
    0.0047520026
    0.0030772498
    0.0050648446
    0.0089135825
    0.0109323419
    0.0115464378
    0.0038426774
    0.0062920341
    0.0097612413
    0.0058483554
    0.0040141606
    0.0118497290
    0.0142315243
    0.0158732853
    0.0154165052
    0.0035409028
    0.0060485190
    0.0149269300
    0.0318422867
    0.0092890126
    0.0227472746
    0.0291330575
    0.0211688774
    0.0237640307
    0.0193540833
    0.0050630172
    0.0117986979
    0.0341662467
    0.0352877372
    0.0351521348
    0.0209205483
    0.0041676339
    0.0075567293
    0.0369647942
    0.0478247899
    0.0724042732
    0.0423329711
    0.0181458180
    0.0034196003
    0.0055703322
    0.0112813738
    0.0825616214
    0.0347601598
    0.0125141533
    0.0043130229
    0.0070293280
    0.0171257199
    0.0744916166
    0.0212023298
    0.0031913847
    0.0050583499
    0.0072313917
    0.0328496300
    0.0103210887
    0.0033091719
    0.0039423385
    0.0005691848
    0.0371168821
    0.0138324427
    0.0026839405
    0.0021511600
    0.0020626880
   -0.0033896807
   -0.0137642978
   -0.0231114285
   -0.0179391763
    0.0202730061
    0.0136692110
    0.0031186193
    0.0012663234
   -0.0017602374
   -0.0144267018
   -0.0325552143
   -0.0359524897
   -0.0298265296
   -0.0152453078
   -0.0185270479
   -0.0027867934
    0.0061673746
    0.0018473769
   -0.0037376554
   -0.0005953268
   -0.0067919524
   -0.0209505671
   -0.0336894760
   -0.0346405402
   -0.0320925977
   -0.0276376265
   -0.0208061072
   -0.0068979114
   -0.0027222166
   -0.0060318756
   -0.0000246065
   -0.0028952281
   -0.0101175680
   -0.0209104147
   -0.0275140772
   -0.0299630203
   -0.0309510915
   -0.0303481956
   -0.0192764110
   -0.0104310743
   -0.0096869258
   -0.0103078700
   -0.0011592977
   -0.0046598592
   -0.0108708333
   -0.0174870838
   -0.0216064391
   -0.0247481904
   -0.0274785930
   -0.0242841957
   -0.0169941513
   -0.0140095309
   -0.0133771815
   -0.0021110947
   -0.0054190979
   -0.0098818247
   -0.0138846479
   -0.0170394637
   -0.0200935355
   -0.0211890908
   -0.0187118127
   -0.0167658599
   -0.0158833799
   -0.0137545294
   -0.0053428454
   -0.0083681195
   -0.0111246917
   -0.0137077520
   -0.0156885511
   -0.0162096901
   -0.0164266893
   -0.0166158909
   -0.0151923796
   -0.0048684246
   -0.0070350126
   -0.0091735597
   -0.0110769631
   -0.0124062458
   -0.0137780276
   -0.0151878211
   -0.0150831563
   -0.0060462872
   -0.0077266247
   -0.0091329405
   -0.0105991297
   -0.0053212824
   -0.0066505523
   -0.0079420090
    0.0019649022
    0.0015137205
    0.0017054037
    0.0029671023
    0.0045235403
    0.0025473898
    0.0016698096
    0.0007843015
    0.0017752830
    0.0042908002
    0.0064509430
    0.0033242271
    0.0027796067
    0.0001912184
   -0.0006867791
    0.0025187050
    0.0067405560
    0.0093452626
    0.0038590374
    0.0048158579
    0.0022437253
   -0.0035363965
   -0.0019659747
    0.0052366396
    0.0109067096
    0.0136227007
    0.0120504129
    0.0039649923
    0.0060378120
    0.0104569355
    0.0018058346
   -0.0055121430
    0.0039859170
    0.0110034357
    0.0181383858
    0.0194795142
    0.0136507156
    0.0038238817
    0.0058639722
    0.0138145946
    0.0202522637
    0.0216502613
    0.0318016513
    0.0249631079
    0.0130577150
    0.0035348090
    0.0054923245
    0.0098116051
    0.0353852380
    0.0498794374
    0.0532315421
    0.0249641887
    0.0100557629
    0.0050061649
    0.0087456284
    0.0237527472
    0.0857478182
    0.0557351274
    0.0185631039
    0.0041589922
    0.0079660255
    0.0203991821
    0.0346548106
    0.0104474565
    0.0058677963
    0.0166568219
    0.0610928438
    0.0172857259
    0.0034165862
    0.0039094272
    0.0082630624
    0.0839414341
    0.0851817897
    0.0247824441
    0.0057685177
   -0.0019542545
    0.0042369859
    0.0081132743
    0.0156507229
    0.0298630580
    0.0084213264
   -0.0023759512
    0.0025488604
    0.0029946179
   -0.0009074173
   -0.0125116200
   -0.0139244387
   -0.0039938475
    0.0286185678
    0.0327818720
    0.0103131514
   -0.0032410438
   -0.0075804248
    0.0017837354
   -0.0003260474
   -0.0101011039
   -0.0256976805
   -0.0249446477
   -0.0221157358
   -0.0194112786
   -0.0118519403
    0.0042968411
   -0.0053873159
   -0.0105952296
    0.0003755376
   -0.0037379146
   -0.0136620963
   -0.0235731549
   -0.0282853033
   -0.0312322565
   -0.0372204438
   -0.0269135659
   -0.0127554995
   -0.0111417741
   -0.0147287409
   -0.0133564373
   -0.0010995738
   -0.0055603687
   -0.0128043449
   -0.0187680354
   -0.0231983091
   -0.0296763803
   -0.0335953897
   -0.0241534546
   -0.0189499137
   -0.0194878124
   -0.0173962873
   -0.0020787643
   -0.0057662662
   -0.0102680678
   -0.0140838800
   -0.0184909536
   -0.0232180007
   -0.0231263494
   -0.0217662014
   -0.0226158479
   -0.0208731293
   -0.0158448912
   -0.0024501726
   -0.0051143956
   -0.0080135345
   -0.0110997340
   -0.0144427374
   -0.0164467264
   -0.0184710249
   -0.0216481752
   -0.0220064328
   -0.0180094652
   -0.0024296657
   -0.0043641836
   -0.0066084880
   -0.0091303940
   -0.0110329226
   -0.0131577842
   -0.0172597314
   -0.0199310571
   -0.0182894782
   -0.0038610776
   -0.0057723729
   -0.0075750398
   -0.0091412070
   -0.0122663264
   -0.0157667441
   -0.0164147360
   -0.0138243808
   -0.0035936789
   -0.0051640019
   -0.0065799845
   -0.0085524989
   -0.0114497434
   -0.0132414258
   -0.0034320660
   -0.0047317685
   -0.0061470955
    0.0006879474
    0.0002394342
    0.0008514058
    0.0023709414
    0.0017493310
    0.0007736418
   -0.0007172506
   -0.0010353504
    0.0007695393
    0.0034547448
    0.0053375082
    0.0022203234
    0.0013791014
   -0.0012337272
   -0.0038294373
   -0.0029146459
    0.0013167210
    0.0054330552
    0.0074523346
    0.0026436161
    0.0023321021
   -0.0004319171
   -0.0065223416
   -0.0094133516
   -0.0045563353
    0.0033462874
    0.0086934310
    0.0101433082
    0.0029367748
    0.0032195469
    0.0017000036
   -0.0054029066
   -0.0156261181
   -0.0144564016
   -0.0031814535
    0.0077179770
    0.0136841339
    0.0128340329
    0.0038966461
    0.0037458636
    0.0011214239
    0.0004200364
   -0.0172445402
   -0.0044898617
    0.0034233769
    0.0149539745
    0.0205000448
    0.0139172464
    0.0042647287
    0.0055834722
    0.0057544977
    0.0156856087
    0.0131271632
    0.0299006997
    0.0254388071
    0.0119156965
    0.0041174505
    0.0069017424
    0.0115812136
    0.0421465891
    0.0506654610
    0.0222865715
    0.0075005104
    0.0064698780
    0.0175257525
    0.0418840975
    0.0139158452
    0.0024183505
    0.0049635105
    0.0127774085
    0.0879911290
    0.0240400305
    0.0053458291
    0.0071938645
    0.0333279572
    0.0433395696
    0.0106572817
   -0.0020363389
    0.0042917749
    0.0093913405
    0.0255845876
   -0.0011030828
   -0.0075448558
    0.0044425286
    0.0072231493
    0.0071219680
    0.0030257774
   -0.0103447323
    0.0027660904
    0.0033062290
    0.0008198468
   -0.0073068174
    0.0100736719
   -0.0142518337
   -0.0148624222
    0.0022333045
    0.0013040993
   -0.0033795020
   -0.0105379356
   -0.0094557837
   -0.0151821880
   -0.0012774874
   -0.0046722592
   -0.0202591425
   -0.0209986426
   -0.0150947104
    0.0014284042
   -0.0003009299
   -0.0046528269
   -0.0103095897
   -0.0147189973
   -0.0197889457
   -0.0264792612
   -0.0288996869
   -0.0238168123
   -0.0283846784
   -0.0281972911
   -0.0202773494
    0.0007090765
   -0.0010367755
   -0.0042112200
   -0.0078494547
   -0.0116654328
   -0.0169075837
   -0.0212780985
   -0.0242755285
   -0.0313510162
   -0.0331916789
   -0.0254918112
   -0.0163092613
    0.0002608011
   -0.0011668837
   -0.0033091791
   -0.0059753663
   -0.0097726060
   -0.0120601263
   -0.0149926693
   -0.0250894971
   -0.0318133167
   -0.0281597907
   -0.0192448442
    0.0000288134
   -0.0011081053
   -0.0027973186
   -0.0054316021
   -0.0079450495
   -0.0083942038
   -0.0154282574
   -0.0244993417
   -0.0261527983
   -0.0203837146
   -0.0011521095
   -0.0028321666
   -0.0051043383
   -0.0062359138
   -0.0089097339
   -0.0159978974
   -0.0205142305
   -0.0188577439
   -0.0137986367
   -0.0013847749
   -0.0030267104
   -0.0046437541
   -0.0061107724
   -0.0099266761
   -0.0142889343
   -0.0153366571
   -0.0128254817
   -0.0016951346
   -0.0031307732
   -0.0045239487
   -0.0065577854
   -0.0095137458
   -0.0113785802
   -0.0032040885
   -0.0046089309
    0.0003360014
   -0.0004607156
   -0.0005304472
    0.0004831047
    0.0004283834
   -0.0011533712
   -0.0023193295
   -0.0016999895
    0.0005370574
    0.0028560030
    0.0008527377
   -0.0014031145
   -0.0044266013
   -0.0054532369
   -0.0029466847
    0.0011856516
    0.0042441719
    0.0015394867
   -0.0008532753
   -0.0060148614
   -0.0106904512
   -0.0097235994
   -0.0034756630
    0.0027488031
    0.0061477211
    0.0062263231
    0.0023274143
    0.0005016075
   -0.0057331353
   -0.0152871238
   -0.0199463157
   -0.0130774220
   -0.0022991327
    0.0051182522
    0.0083788800
    0.0066521598
    0.0030139022
    0.0023275955
   -0.0029630503
   -0.0146396762
   -0.0264029730
   -0.0254138502
   -0.0120927344
   -0.0004152552
    0.0080702430
    0.0102378806
    0.0058128287
    0.0033669120
    0.0041128843
    0.0016723350
   -0.0080365883
   -0.0108104212
   -0.0277054395
   -0.0174631577
   -0.0069357953
   -0.0012521290
    0.0122773830
    0.0101059954
    0.0035160305
    0.0050193168
    0.0072728808
    0.0052925086
    0.0007271538
   -0.0074787433
    0.0037879654
    0.0151992268
    0.0070557902
    0.0002877142
    0.0047322306
    0.0095754222
    0.0338063081
    0.0368008559
    0.0186497787
    0.0124439652
    0.0021468101
    0.0076482282
    0.0322007194
    0.0219972715
    0.0058690007
   -0.0031936938
    0.0052856592
    0.0138504937
    0.0173160534
   -0.0023086484
   -0.0078484696
    0.0069012942
    0.0211101058
    0.0046602080
   -0.0104614756
    0.0042084757
    0.0073927542
    0.0139301341
    0.0339772337
   -0.0132111974
   -0.0156456750
    0.0042213328
    0.0056247048
    0.0055852904
   -0.0148347014
   -0.0234370645
   -0.0166863918
    0.0036407707
    0.0035677824
    0.0044235514
    0.0239796857
    0.0141240080
   -0.0231353209
   -0.0353753658
   -0.0244269892
   -0.0147495733
    0.0029328699
    0.0027035602
    0.0032419066
    0.0005168881
   -0.0017515177
    0.0011887289
   -0.0218008946
   -0.0406729628
   -0.0490225572
   -0.0350769775
   -0.0201269941
    0.0024866599
    0.0023511770
    0.0011341663
   -0.0008953726
   -0.0016326446
    0.0025712499
   -0.0105887957
   -0.0380491399
   -0.0538219008
   -0.0449749405
   -0.0264765758
   -0.0147075502
    0.0021418706
    0.0022152350
    0.0019259421
    0.0008250921
   -0.0014756924
   -0.0029204141
    0.0078532387
   -0.0180623051
   -0.0428083014
   -0.0459703813
   -0.0313248462
   -0.0177081097
    0.0019153351
    0.0014578464
   -0.0000458529
   -0.0036703809
   -0.0000266418
   -0.0015875057
   -0.0243547154
   -0.0359719247
   -0.0309547511
   -0.0195382966
    0.0015011410
    0.0006834631
   -0.0015823531
   -0.0035615114
   -0.0016692898
   -0.0110334462
   -0.0226347617
   -0.0249720613
   -0.0189460031
   -0.0119838556
    0.0009251053
   -0.0003309767
   -0.0024045730
   -0.0033694087
   -0.0059393046
   -0.0128340049
   -0.0172302826
   -0.0159364325
   -0.0115018946
    0.0002408464
   -0.0011674655
   -0.0027609094
   -0.0043330631
   -0.0075777177
   -0.0110564884
   -0.0119578030
   -0.0100380682
   -0.0017163564
   -0.0031492543
   -0.0049532851
   -0.0071271832
   -0.0084321359
   -0.0010413711
   -0.0006559986
   -0.0009023412
   -0.0023248225
   -0.0026467565
   -0.0013751631
    0.0006647963
   -0.0008849886
   -0.0035260615
   -0.0054273120
   -0.0047739235
   -0.0018775684
    0.0011976827
   -0.0003214997
   -0.0040832858
   -0.0085339367
   -0.0099992953
   -0.0069101738
   -0.0018300596
    0.0019992008
    0.0034580241
    0.0007619807
   -0.0034014035
   -0.0108042333
   -0.0163899451
   -0.0150279060
   -0.0081398077
   -0.0014225633
    0.0027265889
    0.0036613570
    0.0021068298
   -0.0012707528
   -0.0105829605
   -0.0215425730
   -0.0245099865
   -0.0180390744
   -0.0084615285
   -0.0019217187
    0.0032130072
    0.0030858742
    0.0032340051
    0.0018942493
   -0.0065606556
   -0.0222291475
   -0.0301699997
   -0.0266490235
   -0.0172251544
   -0.0116577120
   -0.0033533059
    0.0034333551
    0.0013313374
    0.0037074094
    0.0047408280
    0.0015516695
   -0.0116633622
   -0.0263066723
   -0.0253299912
   -0.0196666242
   -0.0145421856
   -0.0197059892
   -0.0016571620
    0.0023991947
   -0.0015786909
    0.0056364939
    0.0098516592
    0.0110247106
   -0.0105381272
   -0.0082775168
   -0.0169524349
   -0.0139010089
    0.0019371234
   -0.0007954588
   -0.0051061102
    0.0049753785
    0.0101467261
    0.0375632606
    0.0392230535
    0.0071134504
    0.0014324996
   -0.0057362667
    0.0072252368
    0.0204979726
    0.0179432344
   -0.0039772158
   -0.0113743966
    0.0049952839
    0.0097558843
    0.0254991073
    0.0198542958
   -0.0145924780
   -0.0157525187
    0.0058357828
    0.0101394831
    0.0179093476
   -0.0138688118
   -0.0239929970
   -0.0171844159
    0.0039937460
    0.0060074453
    0.0088976750
    0.0317073630
   -0.0019054793
   -0.0387920528
   -0.0265436560
   -0.0157437818
    0.0041299570
    0.0058046498
    0.0101649837
    0.0389829186
   -0.0276466193
   -0.0613687525
   -0.0432484883
   -0.0229528533
    0.0041229609
    0.0059395246
    0.0123011988
    0.0259610092
    0.0168985061
    0.0146746666
   -0.0522094271
   -0.0738920973
   -0.0677010842
   -0.0341120392
   -0.0170728136
    0.0041371157
    0.0061613415
    0.0098238702
    0.0108931252
    0.0242059685
   -0.0223848808
   -0.0730142450
   -0.0803692236
   -0.0480467119
   -0.0224912308
    0.0041291430
    0.0057556130
    0.0071840988
    0.0101063235
    0.0134711095
   -0.0431144081
   -0.0688394494
   -0.0551923330
   -0.0277378780
   -0.0138714363
    0.0039312444
    0.0049044145
    0.0055044587
    0.0044087064
    0.0027640381
   -0.0070753000
   -0.0416966425
   -0.0462714687
   -0.0294726482
   -0.0153253955
    0.0034954811
    0.0038261381
    0.0029530015
   -0.0007671425
    0.0033129249
    0.0028694016
   -0.0184903394
   -0.0293174856
   -0.0253226841
   -0.0153929092
   -0.0088462692
    0.0024476297
    0.0005163638
   -0.0016788174
   -0.0015109905
   -0.0081085841
   -0.0160549735
   -0.0179319511
   -0.0136608250
   -0.0085599425
    0.0010519809
   -0.0008483636
   -0.0024921100
   -0.0048848082
   -0.0089457198
   -0.0114609307
   -0.0106951695
   -0.0077736599
   -0.0000253279
   -0.0016557666
   -0.0033813818
   -0.0055003627
   -0.0072771180
   -0.0076912175
   -0.0065274079
   -0.0021407990
   -0.0047722857
   -0.0053605245
   -0.0051019234
   -0.0016346472
   -0.0023804183
   -0.0019806438
   -0.0006434414
   -0.0001753354
   -0.0021459951
   -0.0040350907
   -0.0044644150
   -0.0030494268
   -0.0007413162
    0.0009885954
    0.0003613618
   -0.0021111487
   -0.0055098799
   -0.0076352753
   -0.0068688791
   -0.0038813521
   -0.0006421896
    0.0010224511
    0.0011764174
   -0.0012862593
   -0.0061231494
   -0.0109261042
   -0.0118745949
   -0.0089535126
   -0.0043719981
   -0.0008163258
    0.0004661837
    0.0020454457
    0.0002939098
   -0.0051124781
   -0.0133068441
   -0.0172849147
   -0.0151806965
   -0.0103020452
   -0.0053799375
   -0.0020008803
   -0.0008168184
    0.0021562715
   -0.0021269928
   -0.0128754361
   -0.0224138431
   -0.0207666263
   -0.0167024476
   -0.0118783025
   -0.0086243175
   -0.0038125176
   -0.0027590122
    0.0034992231
    0.0020594952
   -0.0076354961
   -0.0232048959
   -0.0266140500
   -0.0202965732
   -0.0167231198
   -0.0167303303
   -0.0121819736
   -0.0052832515
   -0.0054368839
    0.0038979460
    0.0050230821
    0.0018235164
   -0.0131111139
   -0.0278736376
   -0.0217601065
   -0.0180161406
   -0.0159050179
   -0.0217664230
   -0.0112505209
   -0.0073021916
   -0.0088140327
    0.0055130016
    0.0080517636
    0.0028567872
   -0.0060049222
   -0.0094835557
   -0.0054173599
   -0.0054841778
   -0.0149255096
   -0.0124035061
   -0.0094060806
   -0.0110807075
   -0.0124712738
    0.0047557109
    0.0078647128
    0.0118902966
    0.0094269555
    0.0098444344
    0.0004361515
   -0.0111038602
   -0.0169553231
   -0.0154795377
    0.0060669856
    0.0099159813
    0.0131088830
    0.0069992603
   -0.0215265850
   -0.0230903907
   -0.0167046468
    0.0045630708
    0.0071262323
    0.0108568359
    0.0316357192
   -0.0197172671
   -0.0370838529
   -0.0257690414
   -0.0157388281
    0.0051706743
    0.0078943363
    0.0159016016
   -0.0213677623
   -0.0620524273
   -0.0440130600
   -0.0235334584
    0.0056732345
    0.0093949966
    0.0324739193
    0.0448503955
   -0.0524236712
   -0.0794751393
   -0.0379604285
   -0.0183415725
    0.0062781062
    0.0117672244
    0.0331770789
    0.0353470889
   -0.0303227639
   -0.0644589433
   -0.0261378851
   -0.0129435988
    0.0069233741
    0.0123072202
    0.0189244970
    0.0432199794
   -0.0909269620
   -0.0370104563
   -0.0159917072
    0.0071232053
    0.0106157067
    0.0157649321
    0.0022210647
   -0.0799081263
   -0.0464293005
   -0.0187503773
   -0.0095760871
    0.0066784303
    0.0088521679
    0.0127929507
    0.0118215470
   -0.0290820352
   -0.0529680028
   -0.0433456276
   -0.0199558172
   -0.0096449816
    0.0058014831
    0.0066469768
    0.0048495936
    0.0008582976
    0.0155521494
   -0.0061032560
   -0.0245416442
   -0.0287466542
   -0.0184287498
   -0.0090959357
   -0.0056400575
    0.0045703893
    0.0038134568
    0.0005919426
   -0.0007538437
   -0.0031900494
   -0.0110135366
   -0.0155523112
   -0.0141284616
   -0.0084067952
   -0.0050238281
    0.0031085712
    0.0015036044
   -0.0010282726
   -0.0032189026
   -0.0063176799
   -0.0086682766
   -0.0093451780
   -0.0072745410
   -0.0045718668
    0.0017409477
    0.0000300425
   -0.0020569008
   -0.0040674745
   -0.0054659407
   -0.0060154511
   -0.0055963872
   -0.0041269564
   -0.0029787659
   -0.0008300563
   -0.0024230745
   -0.0035699328
   -0.0040202676
   -0.0040024624
   -0.0034399432
   -0.0026523552
   -0.0026428151
   -0.0009136133
    0.0000333374
    0.0005810277
   -0.0023046622
   -0.0030019426
   -0.0025538602
   -0.0012896987
    0.0000875015
    0.0003767411
   -0.0005769032
   -0.0028207969
   -0.0046211490
   -0.0047641213
   -0.0035391001
   -0.0014418955
    0.0001041505
   -0.0004211847
    0.0001513644
   -0.0026651011
   -0.0060197138
   -0.0073712349
   -0.0064116423
   -0.0043462717
   -0.0012822209
   -0.0006682779
   -0.0021583803
    0.0011933315
   -0.0015502115
   -0.0064773856
   -0.0101320219
   -0.0094984213
   -0.0076743760
   -0.0046996673
   -0.0019241856
   -0.0031280045
   -0.0047066606
    0.0022084714
    0.0003959140
   -0.0050854014
   -0.0121982055
   -0.0131893438
   -0.0100098391
   -0.0085682195
   -0.0057182597
   -0.0056171253
   -0.0067745620
   -0.0076308688
    0.0024237589
   -0.0015964748
   -0.0112131596
   -0.0177784243
   -0.0124723490
   -0.0095505996
   -0.0105580590
   -0.0108511198
   -0.0106972209
   -0.0106254919
   -0.0105573572
    0.0036416511
    0.0024661356
   -0.0055122222
   -0.0183593252
   -0.0181013807
   -0.0078424297
   -0.0108586075
   -0.0167251789
   -0.0167697922
   -0.0150123966
   -0.0144708890
   -0.0131728809
    0.0038884914
    0.0047445927
    0.0020160256
   -0.0097569566
   -0.0189624128
   -0.0069081447
    0.0000988670
   -0.0180924063
   -0.0225992485
   -0.0199183463
   -0.0193869842
   -0.0183447592
    0.0050189278
    0.0059852767
    0.0016921851
   -0.0060893489
    0.0085362691
    0.0198512280
    0.0001646201
   -0.0256901826
   -0.0205229013
   -0.0236838901
   -0.0253199441
   -0.0217880390
    0.0062887982
    0.0073642887
    0.0070174094
    0.0416050607
   -0.0143490382
   -0.0219144811
   -0.0336059410
   -0.0329560588
   -0.0234197993
    0.0053370513
    0.0076784808
    0.0116932383
    0.0494243007
   -0.0079133362
   -0.0423259347
   -0.0534939795
   -0.0378887827
   -0.0220511906
    0.0063147573
    0.0101364397
    0.0299895378
    0.0453405800
   -0.0483901060
   -0.0690978761
   -0.0353160955
   -0.0181541413
    0.0076000430
    0.0151230266
    0.0547428734
   -0.0215462976
   -0.0642452182
   -0.0266361802
   -0.0134347027
    0.0056116608
    0.0093014863
    0.0197606679
    0.0366481364
    0.0534905788
   -0.0415093914
   -0.0172093870
   -0.0093563496
    0.0063379571
    0.0106377264
    0.0182924561
    0.0282426560
   -0.0086705215
   -0.0626628469
   -0.0212601326
   -0.0103240085
    0.0068655324
    0.0106775790
    0.0157076869
    0.0420625983
   -0.0172098817
   -0.0646100918
   -0.0232587070
   -0.0099056570
   -0.0063527863
    0.0069392454
    0.0097889545
    0.0138525266
    0.0250204358
    0.0182653835
   -0.0003463456
   -0.0175040545
   -0.0379549581
   -0.0213468006
   -0.0071059760
   -0.0052105818
    0.0083407996
    0.0093267722
    0.0046570029
    0.0040300225
    0.0007240630
   -0.0096707670
   -0.0148243136
   -0.0160623280
   -0.0048753841
   -0.0031600707
   -0.0034373313
    0.0062117938
    0.0043000488
   -0.0003181699
   -0.0038018424
   -0.0080270115
   -0.0069852741
   -0.0089190031
   -0.0056500925
   -0.0019790617
   -0.0023429347
    0.0045576308
    0.0038728797
    0.0012200890
   -0.0025111881
   -0.0058292847
   -0.0057559875
   -0.0049467367
   -0.0049132786
   -0.0024476422
   -0.0016550532
    0.0019628697
   -0.0005098114
   -0.0032322526
   -0.0043828832
   -0.0035828362
   -0.0032989511
   -0.0025855363
   -0.0015677507
   -0.0015138648
    0.0006804108
   -0.0012314575
   -0.0026490897
   -0.0026856444
   -0.0022351108
   -0.0020031874
   -0.0015124906
   -0.0012532117
   -0.0015594471
   -0.0013705262
   -0.0012197120
    0.0003925771
   -0.0003590762
    0.0000719268
    0.0003842228
   -0.0000324105
   -0.0010934802
   -0.0006059093
    0.0001174793
    0.0003641589
   -0.0008435337
   -0.0020062787
   -0.0020528896
   -0.0014757956
   -0.0008466032
    0.0006813409
   -0.0000945477
   -0.0025067687
   -0.0004878710
   -0.0024370224
   -0.0032703987
   -0.0023839408
   -0.0020708248
   -0.0000720224
    0.0019657221
   -0.0021394416
   -0.0050806459
    0.0003717639
   -0.0021542548
   -0.0044472747
   -0.0037837741
   -0.0022593660
   -0.0023382817
    0.0053857963
    0.0002182128
   -0.0062022793
    0.0014926631
   -0.0008789260
   -0.0046947536
   -0.0059030691
   -0.0023187113
   -0.0014897381
    0.0022711842
    0.0062741974
   -0.0070437994
   -0.0110210914
    0.0024669398
    0.0010740296
   -0.0030688762
   -0.0074261570
   -0.0043216018
    0.0028047278
    0.0010043829
    0.0028319283
   -0.0075907884
   -0.0149420349
   -0.0153735046
    0.0028245767
    0.0001610105
   -0.0058536950
   -0.0075851535
    0.0056019303
    0.0126160868
   -0.0052036526
   -0.0113619393
   -0.0192848815
   -0.0214170923
   -0.0186869797
    0.0037188892
    0.0031900853
   -0.0009668761
   -0.0068969365
    0.0021557098
    0.0396791588
    0.0118990068
   -0.0180351724
   -0.0212520115
   -0.0280938838
   -0.0263744268
   -0.0207237113
    0.0046319135
    0.0037807747
   -0.0004645927
    0.0002130477
    0.0379497092
   -0.0066692498
   -0.0155854075
   -0.0301779436
   -0.0358377761
   -0.0299615744
   -0.0212396460
    0.0047235782
    0.0058585831
    0.0058551909
    0.0061617751
    0.0210167834
    0.0568801302
    0.0074441843
   -0.0152489084
   -0.0433102294
   -0.0438740259
   -0.0316068797
   -0.0199532760
    0.0058456803
    0.0080562062
    0.0128299489
    0.0241158300
    0.0426451531
    0.0764025091
    0.0540162808
    0.0221570343
   -0.0375732181
   -0.0633792576
   -0.0505858397
   -0.0297828965
   -0.0170241984
    0.0074365766
    0.0126423941
    0.0292283689
    0.0353615713
    0.0480395707
   -0.0044382639
   -0.0690511926
   -0.0776450319
   -0.0492118027
   -0.0242527064
   -0.0132624457
    0.0060598703
    0.0098232302
    0.0197295394
    0.0352058865
    0.0355861760
   -0.0808979977
   -0.0370636690
   -0.0171527642
   -0.0096544128
    0.0072867401
    0.0125634510
    0.0227570099
    0.0302798230
    0.0271875146
   -0.0586164449
   -0.0219027723
   -0.0109359841
    0.0084928385
    0.0140320000
    0.0211726287
    0.0490275981
   -0.0240771797
   -0.0105795915
   -0.0067779672
    0.0092050064
    0.0138261579
    0.0213365027
    0.0353664785
   -0.0125331596
   -0.0030599652
   -0.0050185645
   -0.0044541541
    0.0091993620
    0.0128192453
    0.0187765543
    0.0209466514
    0.0197067606
   -0.0019457587
    0.0017058399
    0.0191183038
    0.0006162401
   -0.0030634871
    0.0085530348
    0.0106437533
    0.0100553681
    0.0029408448
   -0.0094472201
   -0.0136976525
    0.0239213081
    0.0085132309
    0.0150092278
    0.0090827915
   -0.0004876459
   -0.0023383410
    0.0072879708
    0.0072693554
    0.0034742064
   -0.0046793135
   -0.0142224760
   -0.0034011423
    0.0056302835
    0.0012832592
    0.0070006521
    0.0019527806
   -0.0011274483
    0.0055504717
    0.0040104211
   -0.0003558425
   -0.0066810961
   -0.0074064968
   -0.0001565760
    0.0002080376
    0.0007460965
    0.0018137768
   -0.0000986839
    0.0037562487
    0.0016413268
   -0.0019527894
   -0.0045356487
   -0.0024122175
   -0.0000051246
   -0.0002206970
    0.0004673173
    0.0002281277
    0.0003430577
   -0.0017279852
   -0.0019565012
   -0.0004478397
    0.0001126537
    0.0000887958
    0.0001289905
   -0.0003256596
   -0.0004326342
    0.0002021185
    0.0002478414
    0.0001215747
    0.0003755110
    0.0002437856
    0.0006034742
    0.0003592410
    0.0005725485
    0.0007272174
    0.0006823387
    0.0001634958
   -0.0011462946
    0.0004779908
    0.0009309588
    0.0008972808
    0.0009537631
   -0.0003729636
   -0.0025943661
    0.0001451203
    0.0013133491
    0.0012303979
    0.0015961464
    0.0018344803
   -0.0019539444
   -0.0048415170
   -0.0004505209
    0.0013126021
    0.0028649812
    0.0014468066
    0.0080743755
    0.0018928069
   -0.0053397229
    0.0001592772
   -0.0008991155
    0.0002893099
    0.0046841498
    0.0043991084
    0.0153900226
    0.0254313026
   -0.0036918368
   -0.0100037232
    0.0010051991
   -0.0006287969
   -0.0010123063
    0.0034945304
    0.0110624705
    0.0142398088
    0.0096467122
   -0.0126928421
   -0.0145577119
    0.0020064437
    0.0005375745
   -0.0012837189
    0.0009924869
    0.0116932481
    0.0240883591
   -0.0144819579
   -0.0206214534
   -0.0179284175
    0.0021107614
    0.0001000849
   -0.0004833233
    0.0093198275
    0.0347024049
    0.0447548421
    0.0173465694
   -0.0138353154
   -0.0285247765
   -0.0260203942
    0.0033325478
    0.0023827195
    0.0006393273
    0.0053064623
    0.0423486995
   -0.0072530129
   -0.0338278318
   -0.0373480290
   -0.0284090454
    0.0041589302
    0.0034941004
    0.0042897640
    0.0254174192
    0.0236630096
   -0.0143121407
   -0.0485265569
   -0.0410188022
   -0.0281235121
    0.0048172331
    0.0056927673
    0.0067830657
    0.0141171516
    0.0796619888
   -0.0388287935
   -0.0560591364
   -0.0407320068
   -0.0256340758
    0.0062626465
    0.0087551668
    0.0137774912
    0.0293826908
    0.1185988232
   -0.0612258436
   -0.0581669904
   -0.0370437602
   -0.0213648713
   -0.0127147299
    0.0085423630
    0.0139997400
    0.0226144958
    0.0388761733
    0.0769333229
   -0.0263527207
   -0.0637875635
   -0.0542908939
   -0.0296863828
   -0.0161730834
    0.0072286350
    0.0117000542
    0.0195286243
    0.0274775081
    0.0439393069
   -0.0410880220
   -0.0203954395
   -0.0111980690
    0.0089631740
    0.0146511583
    0.0220056944
    0.0321316695
   -0.0260653144
   -0.0230440012
   -0.0118109463
   -0.0073289864
    0.0104817219
    0.0160889416
    0.0236242295
    0.0451307060
   -0.0041907355
   -0.0061871543
   -0.0059960942
   -0.0048356702
    0.0112821736
    0.0163648000
    0.0251087052
    0.0394530057
    0.0014186633
   -0.0033078004
    0.0112779326
    0.0154108522
    0.0189855212
    0.0178293146
   -0.0074432729
    0.0384083801
    0.0008226254
   -0.0022978584
    0.0104139222
    0.0121116608
    0.0089561615
   -0.0069746341
   -0.0408189606
    0.0205135636
    0.0089531320
   -0.0003242529
    0.0085861877
    0.0074577668
    0.0003432761
   -0.0180134029
   -0.0198566411
    0.0160223045
    0.0171470040
    0.0226008771
    0.0132192444
    0.0020484917
   -0.0008353212
    0.0061788785
    0.0032649753
   -0.0042816552
   -0.0117362961
   -0.0020113611
    0.0070845285
    0.0042260931
    0.0061152679
    0.0031201239
    0.0002216512
    0.0038890267
    0.0006396520
   -0.0038275114
   -0.0034229533
    0.0023654641
    0.0033189105
    0.0023941768
    0.0023978768
    0.0008832958
   -0.0001080595
   -0.0013808018
    0.0005636097
    0.0026031707
    0.0022380849
    0.0017380534
    0.0010574869
    0.0004669624
    0.0017154973
    0.0021326953
    0.0016494090
    0.0010749014
    0.0017475573
    0.0016069770
    0.0011212981
    0.0010687256
    0.0006852671
   -0.0001224124
    0.0013640994
    0.0016517807
    0.0013653058
    0.0006666676
   -0.0007804008
    0.0014927770
    0.0024792612
    0.0024181637
    0.0017715031
    0.0005712426
   -0.0021594340
    0.0013392361
    0.0032130622
    0.0046771047
    0.0031843885
    0.0035471113
   -0.0000817404
   -0.0047557464
    0.0030459274
    0.0081096387
    0.0086116200
    0.0093220543
    0.0112174760
   -0.0033937181
   -0.0085569046
    0.0020723835
    0.0081495916
    0.0264772654
    0.0209481609
    0.0117437606
   -0.0102578117
   -0.0127027926
    0.0012915852
    0.0051705990
    0.0244180688
   -0.0087056808
   -0.0178617617
    0.0013416306
    0.0029216163
    0.0124015118
    0.0095668030
   -0.0252873407
   -0.0237100773
    0.0021535541
    0.0022742776
    0.0074133585
    0.0280322858
   -0.0337539658
   -0.0360234872
   -0.0264543670
    0.0031651745
    0.0030167350
    0.0052000886
    0.0196090410
   -0.0263333913
   -0.0542988263
   -0.0400630283
   -0.0260281877
    0.0042146574
    0.0052339152
    0.0124350768
    0.0659560395
   -0.0565666879
   -0.0606891203
   -0.0379424060
   -0.0233297739
    0.0049593297
    0.0062514097
    0.0098027217
    0.0271847997
   -0.0752370392
   -0.0545626490
   -0.0323057607
   -0.0194040721
    0.0067597086
    0.0097871529
    0.0168948899
    0.0441090767
   -0.0696910803
   -0.0430777941
   -0.0253157075
   -0.0151032423
    0.0064180765
    0.0094524306
    0.0146157911
    0.0242251001
    0.0481609487
   -0.0505413357
   -0.0459567598
   -0.0308604303
   -0.0183188965
   -0.0110681742
    0.0082586738
    0.0127222738
    0.0193189871
    0.0305904017
    0.0801891326
    0.0367531971
   -0.0225541465
   -0.0200088797
   -0.0121467956
   -0.0077275737
    0.0102801143
    0.0156356897
    0.0233493971
    0.0453235282
   -0.0061005815
   -0.0110176833
   -0.0072863330
   -0.0052964577
    0.0119768501
    0.0177450635
    0.0280249484
    0.0094737090
   -0.0036473528
   -0.0042075582
    0.0130167739
    0.0189576477
    0.0302820839
    0.0261999163
   -0.0006466653
   -0.0026767695
    0.0131953136
    0.0177653686
    0.0210173891
    0.0118551096
    0.0115152242
   -0.0004176522
    0.0120725596
    0.0130582518
    0.0054309139
   -0.0338302115
    0.0034962132
   -0.0006709239
    0.0086198904
    0.0095534126
    0.0066825393
   -0.0078176691
   -0.0316908958
    0.0001401389
    0.0360903488
    0.0333453362
    0.0073605290
    0.0009977488
    0.0072125702
    0.0064049383
    0.0014082831
   -0.0092559400
   -0.0087816031
    0.0098690982
    0.0144151426
    0.0078785835
    0.0064743848
    0.0023417469
    0.0000618003
    0.0037073849
   -0.0005495061
   -0.0034660637
    0.0023020363
    0.0082812649
    0.0057531364
    0.0040226384
    0.0027014688
    0.0008241968
    0.0021878890
    0.0001906965
    0.0011131231
    0.0046965834
    0.0055086129
    0.0037206316
    0.0025596176
    0.0012846490
    0.0014910529
    0.0028948628
    0.0042191428
    0.0037023910
    0.0025395809
    0.0015097497
    0.0030400930
    0.0032004394
    0.0025081865
    0.0016344557
    0.0015318567
    0.0011496445
    0.0002883465
   -0.0010130344
    0.0023061371
    0.0021940999
    0.0013460771
   -0.0001605889
   -0.0022050189
    0.0031192166
    0.0039132714
    0.0029983490
    0.0015138215
   -0.0012574918
   -0.0042060152
    0.0034848130
    0.0065513596
    0.0066548255
    0.0045243009
    0.0017563806
   -0.0037801383
   -0.0070983322
    0.0031069083
    0.0081347738
    0.0190952760
    0.0134311938
    0.0137741351
    0.0003840251
   -0.0083988918
   -0.0104834833
    0.0024420691
    0.0066209836
    0.0302545992
   -0.0078608236
   -0.0143440243
    0.0043933840
    0.0167835416
    0.0117227314
   -0.0199105599
   -0.0197875237
    0.0031543353
    0.0082164780
    0.0460842763
   -0.0267560284
   -0.0303481653
   -0.0230699796
    0.0029753126
    0.0052466992
    0.0141372382
   -0.0259816651
   -0.0493720248
   -0.0359523415
   -0.0234856632
    0.0044779092
    0.0087746364
    0.0233657491
    0.0299271459
   -0.0728193067
   -0.0597477606
   -0.0353836338
   -0.0214898555
    0.0047769169
    0.0071331946
    0.0136496668
   -0.0858738961
   -0.0554003693
   -0.0304124465
    0.0052438967
    0.0070508814
    0.0109638586
    0.0189138329
   -0.0837295498
   -0.0429261644
   -0.0237143315
   -0.0143431640
    0.0072304499
    0.0103583562
    0.0150992059
    0.0239951998
   -0.0571319851
   -0.0294212408
   -0.0172293344
   -0.0108328707
    0.0099420850
    0.0144594288
    0.0207269941
    0.0535105341
   -0.0558430149
   -0.0295572377
   -0.0185597763
   -0.0119093266
   -0.0079079599
    0.0089656456
    0.0131257713
    0.0196427633
    0.0395116513
    0.0058592049
    0.0020002345
   -0.0114892325
   -0.0113235446
   -0.0078943250
    0.0111353345
    0.0165765949
    0.0290134077
    0.0396515306
   -0.0034430188
   -0.0064665551
   -0.0050547642
    0.0131689771
    0.0204437823
    0.0559841443
    0.0000185627
   -0.0030709854
   -0.0032808897
    0.0147934455
    0.0238775570
    0.0028424241
   -0.0014560689
    0.0153306151
    0.0220964584
    0.0256703764
    0.0326304711
    0.0021402124
   -0.0009792355
    0.0107925482
    0.0137980192
    0.0139420783
   -0.0021700806
   -0.0275310456
    0.0365579958
    0.0083669746
    0.0009979358
    0.0097847837
    0.0103313319
    0.0049464871
   -0.0146232097
   -0.0140117724
    0.0340515550
    0.0117594884
    0.0031570475
    0.0002553311
    0.0079769351
    0.0064166234
   -0.0001832812
   -0.0069687234
    0.0066969760
    0.0358724766
    0.0257053107
    0.0074676939
    0.0042467648
    0.0013926801
    0.0059528111
    0.0036925511
    0.0001911835
    0.0022538696
    0.0116826603
    0.0163000929
    0.0069359847
    0.0041614857
    0.0021819421
    0.0027767444
    0.0024894317
    0.0058585336
    0.0094056127
    0.0074560343
    0.0043058124
    0.0025785100
    0.0039000192
    0.0059248810
    0.0062902379
    0.0045054409
    0.0028123814
    0.0040802377
    0.0047504400
    0.0041701310
    0.0029172196
    0.0017575710
    0.0015459356
    0.0007564938
   -0.0005475698
    0.0024038496
    0.0026813740
    0.0020192319
    0.0005587488
   -0.0015727314
    0.0028795973
    0.0041916797
    0.0040664200
    0.0025127230
   -0.0001925539
   -0.0035136150
    0.0029382301
    0.0055480086
    0.0081041997
    0.0062480100
    0.0030789398
   -0.0023424423
   -0.0067185625
    0.0055850791
    0.0140977095
    0.0205179969
    0.0141896569
    0.0028031100
   -0.0071489038
   -0.0110058156
    0.0044610883
    0.0133495180
   -0.0040695745
   -0.0146636959
   -0.0154427197
    0.0033882613
    0.0081084569
   -0.0193872863
   -0.0228390675
   -0.0187559571
    0.0050626506
    0.0147124940
   -0.0188613807
   -0.0360689603
   -0.0287992631
   -0.0200209039
    0.0039316067
    0.0067706745
    0.0191940641
   -0.0595495958
   -0.0481005051
   -0.0303735278
    0.0050981692
    0.0057602596
    0.0197465118
   -0.0652518384
   -0.0861415229
   -0.0493303494
   -0.0276859603
    0.0050507046
    0.0054079978
   -0.0057636570
   -0.0836185346
   -0.0414415532
   -0.0225434883
    0.0064862543
    0.0024530534
   -0.0248021022
   -0.0637392027
   -0.0300436100
   -0.0168694553
    0.0071619105
    0.0079627816
   -0.0019968718
   -0.0888576314
   -0.0380426082
   -0.0194016585
   -0.0119329565
    0.0094742645
    0.0106848104
    0.0093876921
   -0.0402724565
   -0.0176583823
   -0.0116283580
   -0.0082122144
    0.0127168508
    0.0190915031
   -0.0407968429
   -0.0173860459
    0.0007203939
   -0.0052050255
   -0.0069797310
   -0.0055974269
    0.0116178736
    0.0178566168
    0.0485858033
    0.0404013745
    0.0542629363
   -0.0020874270
   -0.0042172360
   -0.0038294730
    0.0144072557
    0.0263594417
    0.0274483068
   -0.0013169134
   -0.0024856710
    0.0112119721
    0.0171361488
    0.0348291218
    0.0069261100
   -0.0001017426
   -0.0015628442
    0.0122364600
    0.0181382138
    0.0276032465
    0.0291626916
    0.0038525609
    0.0002351050
    0.0122504373
    0.0157430116
    0.0151752559
    0.0072768664
    0.0393683036
    0.0742978126
    0.0104065139
    0.0025283508
    0.0000712109
    0.0109512667
    0.0112837613
    0.0059588834
    0.0006523383
    0.0228148535
    0.0135282792
    0.0045119350
    0.0014744142
    0.0087854078
    0.0071730693
    0.0032294281
    0.0073780698
    0.0311156134
    0.0165528720
    0.0052877858
    0.0026814543
    0.0007410091
    0.0066337528
    0.0050819681
    0.0051238792
    0.0117172293
    0.0250030990
    0.0184504618
    0.0062075548
    0.0034563755
    0.0015505955
    0.0048151512
    0.0068354201
    0.0112744526
    0.0126980835
    0.0073769195
    0.0040289133
    0.0021687158
    0.0050238093
    0.0069112675
    0.0084491781
    0.0070695682
    0.0044491713
    0.0026045825
    0.0058710930
    0.0058141260
    0.0044244331
    0.0028662002
    0.0016935183
    0.0011172346
   -0.0000430831
   -0.0015957194
    0.0025910235
    0.0023382251
    0.0011843101
   -0.0007933382
   -0.0030320992
    0.0034598743
    0.0040362809
    0.0031086005
    0.0008970429
   -0.0024324429
   -0.0052647364
    0.0038875241
    0.0061316593
    0.0062497190
    0.0041908307
   -0.0005349997
   -0.0055552836
   -0.0082711136
    0.0036511794
    0.0072402589
    0.0129042893
    0.0114860772
    0.0058150353
   -0.0047487547
   -0.0103781324
   -0.0116135098
    0.0031052406
    0.0061521392
    0.0176991233
    0.0359283486
    0.0027982830
   -0.0128091769
   -0.0161663036
    0.0044826736
    0.0110422924
   -0.0124514320
   -0.0234861785
   -0.0212797173
    0.0034794154
    0.0058715516
    0.0188325886
   -0.0351692343
   -0.0333763743
   -0.0239525021
    0.0040461710
    0.0049819127
    0.0198938113
   -0.0457297808
   -0.0575225769
   -0.0379350538
   -0.0234521078
    0.0037548929
    0.0031225344
   -0.0038315074
   -0.0233918931
   -0.0977473464
   -0.0658088837
   -0.0355149327
   -0.0204354256
    0.0038632733
   -0.0023497812
   -0.0290640074
    0.0470470683
   -0.0569620121
   -0.0284889329
    0.0028116433
   -0.0152078435
   -0.0447122967
   -0.0880478621
   -0.0401252130
   -0.0201640567
   -0.0120333620
    0.0057899294
    0.0010843365
   -0.0204817792
    0.0105666143
   -0.0555527482
   -0.0232455934
   -0.0129200330
   -0.0085766241
    0.0073815859
    0.0038950234
    0.0066401873
   -0.0671465950
   -0.0215146388
   -0.0103178733
   -0.0078973608
   -0.0060430652
    0.0112448677
    0.0183998498
    0.0462857079
    0.0739009470
   -0.0211992698
   -0.0522106174
   -0.0081646073
    0.0079321234
   -0.0035460407
   -0.0049408376
    0.0117440035
    0.0194076109
    0.0523304197
    0.0666647813
    0.0590726711
    0.0019629046
    0.0140155353
    0.0206010277
   -0.0018129842
   -0.0032078759
    0.0157810205
    0.0328359457
    0.0869726968
    0.0523059704
    0.0067118117
   -0.0011323011
   -0.0021476172
    0.0122589796
    0.0198386654
    0.0382340745
    0.0538192986
    0.0018720589
   -0.0005881293
    0.0136896714
    0.0207497168
    0.0292625490
    0.0661732928
    0.0820722857
    0.0066617982
    0.0014405721
   -0.0003611889
    0.0137143832
    0.0177781786
    0.0224516204
    0.0548921677
    0.0649440905
    0.0160959338
    0.0035841052
    0.0010959206
    0.0098680141
    0.0122208633
    0.0137313409
    0.0164693086
    0.0279812457
    0.0517875489
    0.0276499551
    0.0055691973
    0.0025754967
    0.0006684790
    0.0100295483
    0.0104190894
    0.0131718089
    0.0221051734
    0.0079411362
    0.0038160614
    0.0016898805
    0.0080713160
    0.0087538405
    0.0122659851
    0.0202901105
    0.0278448236
    0.0113509633
    0.0049423210
    0.0025811524
    0.0068152423
    0.0081153345
    0.0112784256
    0.0145915855
    0.0115082561
    0.0060421281
    0.0033084500
    0.0074840787
    0.0092695849
    0.0091987840
    0.0064364036
    0.0038530177
    0.0069154229
    0.0058983698
    0.0040808595
    0.0012524423
    0.0003548003
   -0.0010456119
    0.0021630242
    0.0021950685
    0.0014748513
   -0.0000808856
   -0.0022379129
    0.0025759826
    0.0032106092
    0.0029346960
    0.0015487622
   -0.0011886892
   -0.0042836461
    0.0039715796
    0.0046470408
    0.0037602503
    0.0011604364
   -0.0036747304
   -0.0073760566
    0.0040407720
    0.0061666070
    0.0062831247
    0.0059537183
   -0.0008485126
   -0.0082680154
   -0.0112735480
    0.0035199507
    0.0060196701
    0.0092138673
    0.0130814071
    0.0146232476
   -0.0071496579
   -0.0148463153
   -0.0151532574
    0.0029648501
    0.0045443235
    0.0079995723
    0.0145955268
    0.0174115666
   -0.0191014108
   -0.0218415991
    0.0033921284
    0.0043455165
    0.0075126955
   -0.0175096879
   -0.0330400792
   -0.0267001737
    0.0029967778
    0.0026957754
    0.0003905657
    0.0150699186
   -0.0517330895
   -0.0426256425
   -0.0275205264
    0.0026779842
   -0.0010373284
   -0.0093685619
    0.0152200157
   -0.0717494751
   -0.0726917900
   -0.0428961568
   -0.0244749191
    0.0009037964
   -0.0105198052
   -0.0259434282
   -0.0022775366
   -0.0546852422
   -0.0697706223
   -0.0353422513
   -0.0192448418
    0.0032329513
   -0.0028496176
   -0.0226665379
   -0.0221323235
   -0.0098753967
   -0.0518120498
   -0.0246092486
   -0.0136774320
    0.0030428831
   -0.0055982303
   -0.0164368137
    0.0111060584
   -0.0713937990
   -0.0300330517
   -0.0144581777
   -0.0090592780
    0.0043095852
    0.0005056023
    0.0110345242
    0.0151802837
   -0.0767547599
   -0.0327173398
   -0.0110400877
   -0.0071627081
   -0.0058803826
    0.0078168440
    0.0094580673
    0.0159378455
    0.0277423609
   -0.0002801711
   -0.0465723808
   -0.0267069544
    0.0039361351
    0.0017575042
   -0.0034468394
   -0.0039137432
    0.0114878398
    0.0188626900
    0.0304967644
    0.0365558603
    0.0171820455
   -0.0034193722
    0.0259799119
    0.0038156555
   -0.0019892060
    0.0106000338
    0.0165358309
    0.0284146467
    0.0411843060
    0.0589005189
    0.0273478557
    0.0305621305
    0.0016078589
   -0.0012849838
    0.0131005458
    0.0207983719
    0.0322014829
    0.0702274260
    0.0536609525
    0.0073483599
    0.0007764695
   -0.0008678697
    0.0148237165
    0.0218490139
    0.0360898032
    0.0400997126
    0.0134194755
    0.0030750209
    0.0005686081
    0.0109048380
    0.0149743263
    0.0208954631
    0.0377317975
    0.0660611753
    0.0451411794
    0.0174601880
    0.0052707802
    0.0021608116
    0.0003893336
    0.0107783452
    0.0138321423
    0.0187807361
    0.0294295544
    0.0346398484
    0.0513680192
    0.0350940403
    0.0079415067
    0.0036957122
    0.0015370170
    0.0099534128
    0.0121022014
    0.0157503255
    0.0211010061
    0.0275072290
    0.0374637498
    0.0130257358
    0.0052625551
    0.0026569261
    0.0103694585
    0.0130555755
    0.0167917599
    0.0213422947
    0.0158989126
    0.0071071111
    0.0036933674
    0.0018068065
    0.0089584074
    0.0110564546
    0.0134242714
    0.0132019833
    0.0083779366
    0.0046210979
    0.0025163989
    0.0092191375
    0.0098458906
    0.0080871096
    0.0052160830
    0.0030888397
    0.0073120423
    0.0068687451
    0.0052334650
    0.0005588101
   -0.0005668291
    0.0018041019
    0.0014172719
    0.0003506311
   -0.0014331515
    0.0023276639
    0.0023336993
    0.0015750008
   -0.0002380572
   -0.0030376907
    0.0025978827
    0.0030967114
    0.0027821727
    0.0016358663
   -0.0016868342
   -0.0057626298
    0.0025687044
    0.0034167100
    0.0035879277
    0.0034649056
    0.0018142340
   -0.0049736901
   -0.0097178565
    0.0031786825
    0.0037536451
    0.0036397491
    0.0100188949
    0.0007421916
   -0.0110775404
   -0.0143034907
    0.0027300621
    0.0031488253
    0.0024477600
    0.0150546155
   -0.0086618405
   -0.0191736809
   -0.0182193751
    0.0024227362
    0.0011986799
    0.0037762096
    0.0174283020
   -0.0250135594
   -0.0263464583
   -0.0201326636
    0.0022015209
    0.0004576322
   -0.0025497204
    0.0205544660
   -0.0287165161
   -0.0393543526
   -0.0295047137
   -0.0195134817
    0.0008393493
   -0.0041235386
   -0.0069881287
    0.0095225307
   -0.0277403046
   -0.0580165342
   -0.0448219634
   -0.0276430268
    0.0020115015
   -0.0021874399
   -0.0111412309
   -0.0126104382
   -0.0230492011
   -0.0694986589
   -0.0670415137
   -0.0399018475
   -0.0222410638
    0.0010091844
   -0.0060638528
   -0.0147505183
   -0.0146397711
   -0.0527450661
   -0.0803386825
   -0.0561986582
   -0.0290292695
   -0.0156284874
    0.0003418140
   -0.0062451180
   -0.0072071957
   -0.0205164404
   -0.0658610160
   -0.0677980675
   -0.0360932668
   -0.0170929820
   -0.0097227501
    0.0042955729
    0.0022145795
    0.0013639798
    0.0021904806
   -0.0288684579
   -0.0577313858
   -0.0388281094
   -0.0157927396
   -0.0073406216
   -0.0056001490
    0.0066040924
    0.0080505541
    0.0118576596
    0.0062644392
   -0.0214613499
   -0.0279948459
   -0.0101556360
    0.0008229720
   -0.0018330628
   -0.0032845608
    0.0107515791
    0.0158624800
    0.0209877012
    0.0176976323
    0.0014305890
   -0.0003672093
    0.0166649273
    0.0081114879
   -0.0002357705
   -0.0020900378
    0.0105593225
    0.0157320499
    0.0232076025
    0.0357047388
    0.0431922963
    0.0191765394
    0.0211624890
    0.0277921474
    0.0053988275
   -0.0000638669
    0.0133289103
    0.0198582535
    0.0318278421
    0.0616951460
    0.0518586361
    0.0221378026
    0.0279723860
    0.0125377927
    0.0026751756
   -0.0000311678
    0.0106761648
    0.0152775232
    0.0228729434
    0.0417864325
    0.0640311088
    0.0355988817
    0.0181308399
    0.0132547569
    0.0052747460
    0.0016701654
    0.0115241775
    0.0160475801
    0.0246141009
    0.0410026711
    0.0401984648
    0.0249219196
    0.0139401650
    0.0070620715
    0.0033796622
    0.0011891483
    0.0115975595
    0.0157456430
    0.0231144023
    0.0298144195
    0.0268595137
    0.0215122049
    0.0100772083
    0.0050343053
    0.0024481905
    0.0144222419
    0.0189848867
    0.0213860166
    0.0213490994
    0.0146603162
    0.0070334948
    0.0036894025
    0.0017436271
    0.0124921904
    0.0150725699
    0.0165326458
    0.0150695653
    0.0091126063
    0.0049190038
    0.0026257789
    0.0120893500
    0.0123614139
    0.0097021406
    0.0059503744
    0.0034173740
    0.0094936866
    0.0086946479
    0.0063495907
    0.0040183993
    0.0060178001
    0.0011807206
    0.0004836004
   -0.0008266456
    0.0017084978
    0.0012803385
    0.0001701083
   -0.0019208394
   -0.0043166782
    0.0020543584
    0.0019199806
    0.0012868254
   -0.0005223492
   -0.0039266414
   -0.0067538977
    0.0021558583
    0.0022321987
    0.0019432503
    0.0015540558
   -0.0021737954
   -0.0072810024
    0.0022006455
    0.0018450399
    0.0029664694
    0.0026183149
   -0.0063079052
   -0.0118790205
    0.0019883155
    0.0014114305
    0.0016928791
    0.0100311721
   -0.0002963833
   -0.0137299488
   -0.0165957908
    0.0018708532
    0.0010482221
   -0.0003028952
    0.0066804255
    0.0135080941
   -0.0132613719
   -0.0220313863
   -0.0197802455
    0.0010581666
   -0.0011396186
   -0.0016034378
    0.0096296669
   -0.0092582720
   -0.0284027986
   -0.0275498683
   -0.0203075107
    0.0015495128
   -0.0007807059
   -0.0043580020
   -0.0039872773
   -0.0094590554
   -0.0334302234
   -0.0379542168
   -0.0280191590
   -0.0182363682
    0.0005585462
   -0.0034829438
   -0.0077055947
   -0.0114283483
   -0.0320766133
   -0.0478116352
   -0.0380654106
   -0.0238918495
   -0.0006646386
   -0.0055082639
   -0.0093129146
   -0.0219468942
   -0.0473309705
   -0.0473110395
   -0.0303924371
   -0.0173762129
   -0.0008739521
   -0.0042171128
   -0.0093567054
   -0.0311004679
   -0.0468595978
   -0.0352057490
   -0.0194800832
   -0.0107648934
    0.0030283951
    0.0015453286
    0.0002972968
   -0.0094878716
   -0.0301997314
   -0.0325460297
   -0.0192201087
   -0.0091482015
   -0.0056770343
    0.0055468003
    0.0064790380
    0.0054672535
   -0.0056505959
   -0.0175488029
   -0.0141319640
   -0.0048271562
   -0.0019748697
   -0.0027222990
    0.0072708042
    0.0095169640
    0.0123544205
    0.0124589043
    0.0053176782
   -0.0017808742
    0.0011736062
    0.0045707809
    0.0009047744
   -0.0013835368
    0.0100365036
    0.0139920075
    0.0192629473
    0.0237122821
    0.0170639504
    0.0087499035
    0.0102349897
    0.0061992127
    0.0011646909
   -0.0008071792
    0.0128378669
    0.0184793467
    0.0278845768
    0.0330428072
    0.0204887002
    0.0122263676
    0.0099408986
    0.0042120411
    0.0008946384
    0.0107536990
    0.0151390091
    0.0226884957
    0.0334133674
    0.0305688207
    0.0173272403
    0.0105789970
    0.0064869766
    0.0027920656
    0.0006785623
    0.0118077830
    0.0166283609
    0.0245238851
    0.0297678006
    0.0228061876
    0.0136893484
    0.0081098699
    0.0045331913
    0.0020167927
    0.0167750564
    0.0221705977
    0.0224666650
    0.0173104486
    0.0109815173
    0.0062660495
    0.0033612250
    0.0153404331
    0.0178645500
    0.0170450517
    0.0134370711
    0.0083147628
    0.0047044463
    0.0024789940
    0.0140924713
    0.0131111020
    0.0097830569
    0.0059977125
    0.0034318971
    0.0110737042
    0.0096721116
    0.0068508450
    0.0042569307
    0.0084683429
    0.0068994903
    0.0047883797
    0.0009431079
    0.0002156012
   -0.0011996162
    0.0013003599
    0.0008329165
   -0.0002232288
   -0.0025132000
   -0.0052360488
    0.0014733003
    0.0011526607
    0.0006709144
   -0.0010707462
   -0.0048932977
    0.0015113964
    0.0011701914
    0.0008806502
    0.0007214904
   -0.0032643936
   -0.0086948897
    0.0010793457
    0.0004401542
    0.0011473639
   -0.0001821251
   -0.0083286753
   -0.0133490022
    0.0010899429
    0.0000285962
   -0.0003552190
    0.0011836089
   -0.0062812039
   -0.0155970554
   -0.0173225930
    0.0000578062
   -0.0015870971
   -0.0015523779
   -0.0048771783
   -0.0169055139
   -0.0219742690
   -0.0191142134
    0.0006064982
   -0.0015641844
   -0.0036738802
   -0.0061785105
   -0.0167416174
   -0.0262610593
   -0.0246575789
   -0.0181923516
   -0.0004503318
   -0.0033634284
   -0.0064964450
   -0.0145132506
   -0.0274347919
   -0.0299481401
   -0.0228376036
   -0.0013322942
   -0.0044853374
   -0.0098986558
   -0.0225776926
   -0.0315287354
   -0.0268598055
   -0.0178082957
   -0.0011004622
   -0.0042924958
   -0.0128660912
   -0.0255064873
   -0.0272937145
   -0.0193315810
   -0.0116821000
    0.0021880053
    0.0008218827
   -0.0029700596
   -0.0129543579
   -0.0208191796
   -0.0178040570
   -0.0107146161
   -0.0062845929
    0.0045138484
    0.0040498628
   -0.0000885887
   -0.0080127933
   -0.0112200212
   -0.0075581657
   -0.0036171045
   -0.0026878012
    0.0078173549
    0.0083013175
    0.0054661871
    0.0002044837
   -0.0016395356
    0.0002844597
    0.0004362545
   -0.0009167928
    0.0090604248
    0.0116729148
    0.0138272327
    0.0123595441
    0.0071445252
    0.0046892196
    0.0040409129
    0.0016596492
   -0.0002399755
    0.0117600269
    0.0158288273
    0.0192768239
    0.0164065754
    0.0101226787
    0.0069389288
    0.0043347436
    0.0016137774
    0.0141922777
    0.0191877523
    0.0211729853
    0.0159478770
    0.0099517129
    0.0064343781
    0.0035169192
    0.0013281477
    0.0157445915
    0.0197764119
    0.0188430479
    0.0134416388
    0.0085721465
    0.0052383763
    0.0027337675
    0.0156793050
    0.0174954753
    0.0152354736
    0.0109404706
    0.0069966830
    0.0041108613
    0.0021009370
    0.0143168140
    0.0121089258
    0.0086670818
    0.0054558316
    0.0031416530
    0.0114589343
    0.0094320274
    0.0065853116
    0.0041073708
    0.0089991416
    0.0071030736
    0.0048643382
    0.0005219950
   -0.0002368535
   -0.0017079851
    0.0007420299
    0.0001856968
   -0.0008945081
   -0.0032707311
    0.0008505295
    0.0003197993
   -0.0003180683
   -0.0022117534
   -0.0059406460
    0.0003005761
   -0.0003276459
   -0.0013078813
   -0.0051248911
   -0.0096952866
    0.0003659370
   -0.0006075212
   -0.0013861298
   -0.0041275911
   -0.0100176624
   -0.0006029689
   -0.0019353385
   -0.0039505571
   -0.0096751893
   -0.0153798517
   -0.0161070226
   -0.0001050916
   -0.0018878051
   -0.0040805589
   -0.0088815983
   -0.0160436526
   -0.0188957437
   -0.0164114453
   -0.0009843761
   -0.0033354523
   -0.0073090615
   -0.0146083143
   -0.0201818232
   -0.0191226203
   -0.0015993276
   -0.0046893057
   -0.0107629997
   -0.0182585238
   -0.0201689184
   -0.0162328886
   -0.0015125000
   -0.0055334207
   -0.0126362191
   -0.0177442079
   -0.0162770096
    0.0014551231
   -0.0005197707
   -0.0051693715
   -0.0112805104
   -0.0132663448
   -0.0104200859
    0.0032382840
    0.0014525144
   -0.0027723858
   -0.0067792039
   -0.0069970593
   -0.0047277995
   -0.0031045427
    0.0057448615
    0.0045693500
    0.0014987859
   -0.0011598416
   -0.0013358413
   -0.0006618335
   -0.0009037282
    0.0088051116
    0.0084632852
    0.0059004127
    0.0032910935
    0.0022841945
    0.0013408202
    0.0000777031
    0.0119275508
    0.0116287976
    0.0085283264
    0.0055613560
    0.0036825191
    0.0018750995
    0.0139603785
    0.0126354277
    0.0090397180
    0.0059808174
    0.0036856514
    0.0017827390
    0.0140090819
    0.0117321999
    0.0082949812
    0.0054233146
    0.0031838222
    0.0125303074
    0.0100652856
    0.0070864979
    0.0045386342
    0.0105555103
    0.0083032643
    0.0057691927
    0.0036243774
    0.0086233052
    0.0066245426
   -0.0008185396
   -0.0023366644
   -0.0005247712
   -0.0017824085
   -0.0040971816
   -0.0003898578
   -0.0014308041
   -0.0035269465
   -0.0067093874
   -0.0002423291
   -0.0013168442
   -0.0030673498
   -0.0064157206
   -0.0011345108
   -0.0027949969
   -0.0058641844
   -0.0100245648
   -0.0023280426
   -0.0050709155
   -0.0094401985
   -0.0130631046
   -0.0013871931
   -0.0037977395
   -0.0078259687
   -0.0124342697
   -0.0142505330
   -0.0052599287
   -0.0099906558
   -0.0134309774
   -0.0131283490
   -0.0022325127
   -0.0060830186
   -0.0103671566
   -0.0119126654
   -0.0017818707
   -0.0055376547
   -0.0084916025
   -0.0003792121
   -0.0033618871
   -0.0012738012
    0.0015110097
    0.0008377998
    0.0046761738
    0.0030592712
    0.0017810657
    0.0075923890
    0.0053668353
    0.0035143489
    0.0074093525
    0.0052082590
    0.0033335644
    0.0066510752
    0.0046121614
