    0.0009684602
    0.0014041899
    0.0025125988
    0.0044127195
    0.0039184818
    0.0034803032
    0.0064905997
    0.0076342424
    0.0057282573
    0.0041073841
    0.0077784734
    0.0103667041
    0.0097711037
    0.0085645923
    0.0122356418
    0.0130419295
    0.0106117242
    0.0088646844
    0.0134626535
    0.0155980352
    0.0140157736
    0.0138306625
    0.0174428097
    0.0169294245
    0.0180299386
    0.0191309059
    0.0199011331
   -0.0033392026
   -0.0017285548
   -0.0016023460
   -0.0025240846
   -0.0000249712
    0.0022240913
    0.0013225394
   -0.0019078717
    0.0008725983
    0.0047283645
    0.0065694827
    0.0036913021
    0.0014177128
    0.0058923587
    0.0102112056
    0.0097620281
    0.0051471569
    0.0018968535
    0.0064739837
    0.0120262920
    0.0144075069
    0.0109568908
    0.0068800109
    0.0130992022
    0.0173657189
    0.0158948854
    0.0108977254
    0.0070048177
    0.0137787108
    0.0197121385
    0.0198972882
    0.0153676719
    0.0135486288
    0.0213264848
    0.0235951598
    0.0194800254
    0.0140345165
    0.0121978707
    0.0208526595
    0.0262381261
    0.0233894173
    0.0174207511
    0.0181328981
    0.0257959369
    0.0261294598
    0.0205169045
    0.0222159069
    0.0259123871
    0.0225808904
    0.0227149205
    0.0225505586
   -0.0142671133
   -0.0162212089
   -0.0062864608
   -0.0051784125
   -0.0058581317
   -0.0138168934
   -0.0145028394
   -0.0054911630
   -0.0033327417
   -0.0013306498
   -0.0032221495
   -0.0084847153
   -0.0119831740
   -0.0111285309
   -0.0049373927
   -0.0025648624
    0.0016971789
    0.0038060425
   -0.0006458146
   -0.0065510858
   -0.0086146253
   -0.0043251495
   -0.0022520229
    0.0026580763
    0.0091411636
    0.0085563174
    0.0013295131
   -0.0037494557
   -0.0044413611
   -0.0018151416
    0.0026524365
    0.0108040889
    0.0164907000
    0.0105334524
    0.0029370032
   -0.0005042263
   -0.0005622683
   -0.0011578264
    0.0028039295
    0.0105822851
    0.0196604948
    0.0188651705
    0.0103894002
    0.0045617456
    0.0024299789
    0.0032418952
    0.0106560575
    0.0203971060
    0.0238412833
    0.0172759083
    0.0100232729
    0.0060375154
    0.0045136144
    0.0036595631
    0.0108740139
    0.0219252862
    0.0276422036
    0.0229115420
    0.0152057559
    0.0098675683
    0.0070307395
    0.0105079062
    0.0226821720
    0.0327108545
    0.0287758930
    0.0200481807
    0.0135546420
    0.0092768670
    0.0205943410
    0.0352358441
    0.0356732122
    0.0252344898
    0.0170591630
    0.0165834313
    0.0309399759
    0.0391290329
    0.0305940607
    0.0205706904
    0.0126573442
    0.0234948431
    0.0346134680
    0.0331804204
    0.0237500608
    0.0171488998
    0.0264485675
    0.0304320298
    0.0252181245
    0.0194407536
    0.0246480195
    0.0239114352
   -0.0209439262
   -0.0200673283
   -0.0109160360
   -0.0120768910
   -0.0202560662
   -0.0222568492
   -0.0193598974
   -0.0093711244
   -0.0090582473
   -0.0109045286
   -0.0164026875
   -0.0217720801
   -0.0218132897
   -0.0166381713
   -0.0084884364
   -0.0070481486
   -0.0060193345
   -0.0096720094
   -0.0171528598
   -0.0214315404
   -0.0185885788
   -0.0122277435
   -0.0079826885
   -0.0063663173
   -0.0026347534
   -0.0015843523
   -0.0083262994
   -0.0164151489
   -0.0178972541
   -0.0130113728
   -0.0074252693
   -0.0063746241
   -0.0018372816
    0.0054368319
    0.0037167881
   -0.0066081039
   -0.0129989446
   -0.0116939016
   -0.0068551093
   -0.0066274586
   -0.0061356771
   -0.0026281537
    0.0078156461
    0.0175993598
    0.0071228333
   -0.0040246058
   -0.0074000327
   -0.0050172401
   -0.0018084768
   -0.0053642633
   -0.0029892792
    0.0057183708
    0.0254087915
    0.0243209728
    0.0075861278
   -0.0004578677
   -0.0015866916
    0.0002017440
   -0.0042871282
   -0.0024404515
    0.0040828002
    0.0207261051
    0.0364405586
    0.0201649650
    0.0077963041
    0.0031912140
    0.0028118995
    0.0033127665
   -0.0013482130
    0.0038599649
    0.0175787932
    0.0337951862
    0.0295360337
    0.0158548931
    0.0086477493
    0.0059315509
    0.0053026470
   -0.0002585227
    0.0046689797
    0.0172752690
    0.0352382056
    0.0346306303
    0.0226239588
    0.0139142871
    0.0094363710
    0.0073986624
    0.0062783799
    0.0004407057
    0.0053067498
    0.0172895652
    0.0415757906
    0.0450672380
    0.0293976155
    0.0186228427
    0.0128789777
    0.0096661611
    0.0077935613
    0.0050524810
    0.0153387620
    0.0403289345
    0.0612134149
    0.0398887449
    0.0235440866
    0.0159585242
    0.0118964138
    0.0093262992
    0.0043474316
    0.0121190087
    0.0300202581
    0.0595914404
    0.0524036641
    0.0297502540
    0.0189304466
    0.0091894774
    0.0206461292
    0.0411472537
    0.0521797461
    0.0356232898
    0.0220493971
    0.0144672064
    0.0268263036
    0.0392626927
    0.0360366405
    0.0245495220
    0.0105589601
    0.0183697828
    0.0273324039
    0.0304818914
    0.0248354427
    0.0194785333
    0.0236657330
    0.0225706462
   -0.0221712022
   -0.0241029602
   -0.0224604980
   -0.0144811556
   -0.0163620898
   -0.0203521640
   -0.0253522310
   -0.0269395643
   -0.0228814618
   -0.0125834623
   -0.0131847190
   -0.0160844752
   -0.0230735600
   -0.0294058626
   -0.0285479242
   -0.0211250813
   -0.0113376638
   -0.0108216834
   -0.0109483915
   -0.0167977234
   -0.0271403680
   -0.0323385844
   -0.0268223526
   -0.0168890384
   -0.0106690988
   -0.0099291738
   -0.0073086680
   -0.0083770364
   -0.0187490778
   -0.0303377667
   -0.0308096907
   -0.0209254065
   -0.0112168427
   -0.0101455854
   -0.0101097112
   -0.0065996291
   -0.0010832416
   -0.0057348592
   -0.0201768823
   -0.0287403271
   -0.0232256868
   -0.0127479439
   -0.0094032852
   -0.0102215945
   -0.0082264254
    0.0016872891
    0.0102345056
   -0.0031694418
   -0.0181377751
   -0.0205477303
   -0.0126176743
   -0.0052270311
   -0.0095518027
   -0.0094607128
   -0.0014841442
    0.0268986678
    0.0234853042
   -0.0013065822
   -0.0114977516
   -0.0095010567
   -0.0033766445
   -0.0000765195
   -0.0083031960
   -0.0088893264
   -0.0049177274
    0.0235560930
    0.0216801444
    0.0013043187
   -0.0031968475
   -0.0003578596
    0.0023267051
    0.0026646672
   -0.0068696991
   -0.0073028606
   -0.0056965726
    0.0115871546
    0.0567838268
    0.0148959605
    0.0049400749
    0.0034056045
    0.0049102797
    0.0048003083
   -0.0054570066
   -0.0044545762
    0.0047132680
    0.0401940632
    0.0621557756
    0.0270803369
    0.0129601176
    0.0080381402
    0.0071695805
    0.0068330072
    0.0055037420
   -0.0038265329
   -0.0019895685
    0.0035051575
    0.0336432814
    0.0536851954
    0.0344318066
    0.0194362147
    0.0129558960
    0.0097631378
    0.0084624902
    0.0070634796
   -0.0025779305
   -0.0001430082
    0.0064460897
    0.0342110953
    0.0808951203
    0.0458790771
    0.0249477909
    0.0169914525
    0.0127660681
    0.0101195426
    0.0083766904
    0.0006601939
    0.0073821697
    0.0290119510
    0.0823556914
    0.0332906327
    0.0203382936
    0.0152973406
    0.0119556857
    0.0095951238
    0.0010149549
    0.0063124023
    0.0208647529
    0.0699596767
    0.0488872531
    0.0245156448
    0.0172098115
    0.0135238770
    0.0107850732
    0.0050799446
    0.0144487037
    0.0369164612
    0.0782517717
    0.0611824112
    0.0301616279
    0.0191235955
    0.0042153893
    0.0103340671
    0.0226198351
    0.0425495011
    0.0512626859
    0.0340085621
    0.0211963817
    0.0077674799
    0.0153950691
    0.0265034748
    0.0355868879
    0.0320044243
    0.0224572651
    0.0111268391
    0.0182790749
    0.0249350624
    0.0263678882
    0.0218075872
    0.0132521786
    0.0182369416
    0.0207761558
   -0.0253647193
   -0.0228111661
   -0.0185359772
   -0.0210577925
   -0.0246404250
   -0.0284974973
   -0.0288835050
   -0.0240240408
   -0.0141903099
   -0.0162017002
   -0.0179370201
   -0.0213526627
   -0.0283973895
   -0.0342464181
   -0.0322219530
   -0.0234855400
   -0.0142417358
   -0.0149508768
   -0.0159808299
   -0.0233223438
   -0.0356018354
   -0.0408840635
   -0.0329194453
   -0.0202730558
   -0.0129726741
   -0.0132473567
   -0.0115949326
   -0.0142725847
   -0.0293367554
   -0.0451178790
   -0.0441480060
   -0.0285318522
   -0.0148022697
   -0.0122107552
   -0.0129199947
   -0.0104605308
   -0.0064250084
   -0.0159203563
   -0.0381994301
   -0.0509458417
   -0.0384270252
   -0.0196585688
   -0.0115146384
   -0.0131580485
   -0.0122524561
   -0.0043761353
   -0.0011063925
   -0.0198316497
   -0.0431031614
   -0.0440185413
   -0.0243872321
   -0.0099527576
   -0.0128535059
   -0.0146655294
   -0.0086948977
    0.0109255477
    0.0055552176
   -0.0209112262
   -0.0354908870
   -0.0252006255
   -0.0096553611
   -0.0025384798
   -0.0117605526
   -0.0147618988
   -0.0148330675
    0.0140323912
    0.0091401271
   -0.0148873724
   -0.0177203878
   -0.0066729893
    0.0003983748
    0.0016980719
   -0.0102773381
   -0.0129082425
   -0.0157758735
    0.0062257654
    0.0076333873
   -0.0041948648
   -0.0017301630
    0.0048503434
    0.0048529779
   -0.0106692859
   -0.0133335565
   -0.0047529698
    0.0340903079
    0.0090751652
    0.0044813454
    0.0077558057
    0.0085042477
    0.0059648618
   -0.0085415521
   -0.0101498487
   -0.0118331084
    0.0618358155
    0.0190274661
    0.0118215714
    0.0094518103
    0.0104555978
    0.0083869771
    0.0059291727
   -0.0066313638
   -0.0070486641
   -0.0083547793
    0.0083574926
    0.1026516991
    0.0602823766
    0.0251797424
    0.0176623651
    0.0133776083
    0.0112237340
    0.0099571943
    0.0075826015
   -0.0049299739
   -0.0047739132
   -0.0025323995
    0.0058131762
    0.0986143294
    0.0313891435
    0.0206822597
    0.0172515427
    0.0132983426
    0.0109421727
    0.0088824342
   -0.0031315102
   -0.0000927847
    0.0106653028
    0.0523007424
    0.0235754549
    0.0189242404
    0.0156147341
    0.0122279031
    0.0098840070
   -0.0017792597
    0.0006556358
    0.0096158018
    0.0426816213
    0.0307645480
    0.0200108964
    0.0166829969
    0.0135293822
    0.0108145891
    0.0087135404
    0.0011806585
    0.0072241181
    0.0242490703
    0.0731818041
    0.0433820101
    0.0223847432
    0.0171015875
    0.0142396916
    0.0116099157
    0.0016264930
    0.0057384742
    0.0158361687
    0.0356564686
    0.0599128801
    0.0470454252
    0.0257678246
    0.0177627647
    0.0048171250
    0.0113083692
    0.0227856013
    0.0354457224
    0.0379414984
    0.0271345983
    0.0186219376
    0.0084347640
    0.0159131790
    0.0242950366
    0.0282773101
    0.0249785436
    0.0188592886
    0.0114149255
    0.0175176765
    0.0214299196
    0.0211942637
    0.0127648111
    0.0163832322
    0.0174502413
   -0.0230673652
   -0.0261969842
   -0.0283728011
   -0.0295402352
   -0.0279484328
   -0.0226939539
   -0.0168464807
   -0.0204961415
   -0.0238368204
   -0.0271466165
   -0.0318449447
   -0.0349844486
   -0.0316163673
   -0.0229744464
   -0.0176320045
   -0.0203083385
   -0.0225413964
   -0.0291916598
   -0.0397003641
   -0.0430433955
   -0.0340295192
   -0.0210862218
   -0.0152947860
   -0.0171862529
   -0.0170089284
   -0.0200808729
   -0.0371061022
   -0.0536616000
   -0.0506083429
   -0.0322467547
   -0.0167504709
   -0.0137947929
   -0.0153328710
   -0.0142401386
   -0.0085463946
   -0.0231430688
   -0.0542780099
   -0.0691243361
   -0.0505708139
   -0.0249836600
   -0.0110534499
   -0.0128674247
   -0.0147655643
   -0.0145032007
   -0.0060798658
   -0.0027468625
   -0.0372995508
   -0.0723849065
   -0.0735710269
   -0.0377195176
   -0.0148924583
   -0.0146137213
   -0.0166567679
   -0.0113918857
    0.0047668868
   -0.0102494346
   -0.0513746509
   -0.0771037039
   -0.0524485630
   -0.0189931371
   -0.0059172871
   -0.0139921212
   -0.0180764057
   -0.0200252312
    0.0008406472
    0.0149943928
   -0.0158312424
   -0.0498791980
   -0.0520412738
   -0.0202876063
   -0.0039835101
   -0.0000623702
   -0.0128249957
   -0.0170592297
   -0.0244099797
   -0.0097433219
    0.0300677008
   -0.0122440101
   -0.0271575626
   -0.0140220115
    0.0032648597
    0.0038700313
    0.0028579828
   -0.0113540248
   -0.0149430332
   -0.0210874934
   -0.0184263723
    0.0221525290
   -0.0002994811
   -0.0020738887
    0.0137306595
    0.0120106976
    0.0061655037
   -0.0127563019
   -0.0168516258
   -0.0202473754
    0.0155085368
    0.0098939744
    0.0129509338
    0.0204797617
    0.0109010182
    0.0062905871
   -0.0106045113
   -0.0136184481
   -0.0179337647
    0.0112576086
    0.0248947886
    0.0184502329
    0.0145871151
    0.0168977275
    0.0144804567
    0.0088908210
   -0.0084707652
   -0.0107958317
   -0.0131357594
   -0.0152585353
    0.0332208383
    0.0207306127
    0.0220061730
    0.0151750359
    0.0140526949
    0.0108532524
    0.0075755597
   -0.0082344458
   -0.0090385311
   -0.0078932857
    0.0464252691
    0.0195625559
    0.0228600695
    0.0199248570
    0.0140499080
    0.0117100987
    0.0089627999
   -0.0058210674
   -0.0062945639
   -0.0017061792
    0.0284200031
    0.0199895679
    0.0201775137
    0.0210085166
    0.0161533912
    0.0124404876
    0.0099548918
   -0.0036661050
   -0.0039066425
   -0.0005572884
    0.0176290212
    0.0354046418
    0.0193184659
    0.0191951077
    0.0171672331
    0.0134567795
    0.0107298021
   -0.0018278887
    0.0004724752
    0.0111999536
    0.0431673002
    0.0621486966
    0.0229960496
    0.0180854375
    0.0166054027
    0.0140521827
    0.0113750504
   -0.0003190171
    0.0015818701
    0.0082842394
    0.0260446053
    0.0499604669
    0.0542590614
    0.0291090974
    0.0186802000
    0.0158595465
    0.0139535669
    0.0117439148
    0.0022419321
    0.0067703067
    0.0181365940
    0.0329435181
    0.0382271472
    0.0301084040
    0.0200284199
    0.0056026228
    0.0125930486
    0.0236239106
    0.0287368178
    0.0263540536
    0.0202523392
    0.0090010507
    0.0161433022
    0.0219601255
    0.0219790796
    0.0188840242
    0.0112205898
    0.0160688415
    0.0179081116
    0.0167215613
    0.0116922248
    0.0141158555
    0.0143268718
   -0.0276533523
   -0.0290026548
   -0.0271063266
   -0.0275269451
   -0.0312117020
   -0.0314554349
   -0.0290937594
   -0.0251056093
   -0.0252936298
   -0.0306514993
   -0.0334197637
   -0.0338708542
   -0.0325753675
   -0.0277595525
   -0.0201581857
   -0.0217456897
   -0.0273241363
   -0.0314591031
   -0.0349619050
   -0.0392973988
   -0.0388908983
   -0.0302906917
   -0.0192572490
   -0.0181361852
   -0.0226663165
   -0.0261036936
   -0.0294081893
   -0.0408595449
   -0.0518407471
   -0.0467967808
   -0.0303546656
   -0.0163599120
   -0.0154266637
   -0.0184801621
   -0.0206780392
   -0.0165147575
   -0.0301959358
   -0.0598257980
   -0.0705329612
   -0.0508889783
   -0.0259183730
   -0.0118597303
   -0.0137947795
   -0.0159716891
   -0.0173758698
   -0.0071194765
    0.0052283501
   -0.0489091365
   -0.0844111281
   -0.0836617185
   -0.0440954380
   -0.0177321724
   -0.0150841117
   -0.0165959366
   -0.0110081043
   -0.0082417803
   -0.0738606918
   -0.0767634119
   -0.0273027613
   -0.0090059354
   -0.0147270853
   -0.0178037641
   -0.0171382897
    0.0089698962
   -0.0403473714
   -0.0409102302
   -0.0104376644
   -0.0023434322
   -0.0141011779
   -0.0183524310
   -0.0244615071
   -0.0109577455
    0.0264123249
    0.0003660869
   -0.0400554620
   -0.0450501502
   -0.0069083628
    0.0004912340
    0.0015840237
   -0.0130466714
   -0.0174159352
   -0.0255173921
   -0.0305479730
    0.0466461788
   -0.0011082742
   -0.0150661319
   -0.0172506452
    0.0148618666
    0.0115611972
    0.0050969614
   -0.0157531975
   -0.0220215552
   -0.0319550417
    0.0405104863
    0.0112914924
    0.0151103338
    0.0131191310
    0.0061502329
   -0.0137746850
   -0.0188065349
   -0.0240300988
    0.0184065643
    0.0240310580
    0.0332253802
    0.0291081213
    0.0102443616
    0.0060504222
   -0.0115804115
   -0.0160013542
   -0.0203743078
   -0.0086457492
    0.0219390661
    0.0400247183
    0.0328573163
    0.0342338879
    0.0146354823
    0.0083505705
   -0.0131627458
   -0.0174230380
   -0.0146280635
    0.0158635713
    0.0384954559
    0.0409162789
    0.0202977397
    0.0158671724
    0.0104647729
   -0.0101592398
   -0.0141576885
   -0.0141007386
    0.0088126387
    0.0231439249
    0.0417924433
    0.0220691100
    0.0148528973
    0.0117204152
    0.0085761544
   -0.0071578021
   -0.0104472910
   -0.0122905277
    0.0089455736
    0.0059263271
    0.0135166671
    0.0260245136
    0.0250609351
    0.0158340537
    0.0123859324
    0.0096591042
   -0.0066650193
   -0.0086467574
    0.0001352140
    0.0541891739
    0.0428357524
    0.0092352411
    0.0181173749
    0.0213572029
    0.0171679117
    0.0130975691
    0.0104364012
   -0.0035666552
   -0.0044552737
   -0.0009916965
    0.0265806509
    0.0686003336
    0.0615346623
    0.0167526630
    0.0153663584
    0.0175842197
    0.0166909063
    0.0136376998
    0.0110029539
   -0.0013286530
    0.0011580773
    0.0178242839
    0.0480377969
    0.0471718504
    0.0277532747
    0.0167313169
    0.0155923421
    0.0152725773
    0.0135512348
    0.0113232247
    0.0004454529
    0.0027181716
    0.0117468774
    0.0410856397
    0.0400180115
    0.0291349603
    0.0193638224
    0.0151896466
    0.0032043648
    0.0083629247
    0.0228311007
    0.0354273314
    0.0266743151
    0.0199938622
    0.0153935641
    0.0064139298
    0.0133903453
    0.0234375454
    0.0235752995
    0.0188849771
    0.0152094162
    0.0090832745
    0.0149463838
    0.0185225773
    0.0169709048
    0.0144084518
    0.0103062477
    0.0136512062
    0.0143857997
    0.0131519524
    0.0101454264
    0.0116480262
   -0.0292954672
   -0.0300837129
   -0.0265673292
   -0.0210065533
   -0.0158018874
   -0.0308039243
   -0.0348323020
   -0.0333002852
   -0.0276529343
   -0.0213909178
   -0.0159529511
   -0.0296907332
   -0.0370262583
   -0.0391994872
   -0.0350232129
   -0.0288142781
   -0.0224674655
   -0.0262066323
   -0.0352412416
   -0.0416659176
   -0.0409423846
   -0.0369134294
   -0.0318258422
   -0.0240784583
   -0.0157867330
   -0.0216657299
   -0.0298858624
   -0.0386260054
   -0.0418770641
   -0.0424477684
   -0.0434017509
   -0.0370078162
   -0.0246953245
   -0.0140601854
   -0.0176096861
   -0.0232630040
   -0.0311811611
   -0.0349486485
   -0.0397231420
   -0.0533773877
   -0.0573229590
   -0.0412456154
   -0.0225016528
   -0.0148556641
   -0.0180201089
   -0.0228141645
   -0.0231347616
   -0.0179991370
   -0.0510587974
   -0.0814578040
   -0.0717318526
   -0.0392392930
   -0.0171234269
   -0.0132657278
   -0.0153752114
   -0.0170029419
   -0.0157890630
   -0.0107555538
   -0.0863974653
   -0.0733996396
   -0.0287218797
   -0.0102468809
   -0.0145147510
   -0.0158411152
   -0.0129235872
   -0.0544156001
   -0.0516800557
   -0.0147845410
   -0.0040940972
   -0.0141570258
   -0.0168125125
   -0.0174354983
    0.0129560240
   -0.0724851037
   -0.0198263143
   -0.0036714857
    0.0001782642
   -0.0135940705
   -0.0173760007
   -0.0224323577
   -0.0131089899
   -0.0155234306
   -0.0143226326
    0.0016892933
    0.0026348760
   -0.0169171082
   -0.0233490545
   -0.0300210805
    0.0135551887
    0.0302251881
    0.0335449509
    0.0410232465
    0.0099828986
    0.0051490226
   -0.0156218476
   -0.0218652425
   -0.0306485199
    0.0176797420
    0.0419578831
    0.0100213271
    0.0057616829
   -0.0137448801
   -0.0195937287
   -0.0267653391
   -0.0121885044
    0.0341506370
    0.0190624822
    0.0086513773
   -0.0169069817
   -0.0237317051
   -0.0174252620
    0.0125122651
    0.0291912908
    0.0119886139
    0.0075317789
   -0.0138570208
   -0.0204669492
   -0.0222117323
    0.0092131535
    0.0330500455
    0.0243947674
    0.0142630616
    0.0094386379
   -0.0105004834
   -0.0166382186
   -0.0230789953
    0.0012238179
    0.0112037789
    0.0620986925
    0.0210001170
    0.0146866299
    0.0109453430
   -0.0072635485
   -0.0119909811
   -0.0193369100
   -0.0106159692
   -0.0041745621
    0.0218729885
    0.0414179427
    0.0237457515
    0.0151114202
    0.0118979704
    0.0090711248
   -0.0075120192
   -0.0128419177
   -0.0147642752
   -0.0090857384
    0.0107072518
    0.0224141236
    0.0224533001
    0.0160404656
    0.0125509335
    0.0099178596
   -0.0041049659
   -0.0067286639
   -0.0099607151
    0.0184784167
    0.0610635501
    0.0088226690
    0.0076378556
    0.0154277704
    0.0184224991
    0.0161300632
    0.0129861860
    0.0104947271
   -0.0027058264
   -0.0034640076
    0.0048261206
    0.0626402096
    0.0237480407
    0.0116252172
    0.0128287091
    0.0151437165
    0.0149834514
    0.0129848139
    0.0108056947
    0.0001407503
    0.0042311383
    0.0478080302
    0.0288861183
    0.0162756818
    0.0128985800
    0.0132168205
    0.0134546279
    0.0124659313
    0.0016272580
    0.0045805014
    0.0159064007
    0.0605227950
    0.0367407389
    0.0182239320
    0.0137109584
    0.0043017813
    0.0094552405
    0.0218784244
    0.0295818171
    0.0190320915
    0.0140542914
    0.0120391751
    0.0068702221
    0.0123512044
    0.0185006020
    0.0175237259
    0.0138161565
    0.0117078605
    0.0085140572
    0.0123492256
    0.0141417057
    0.0128480957
    0.0111852186
    0.0089372076
    0.0109337086
    0.0112185003
   -0.0287463709
   -0.0289908941
   -0.0246739760
   -0.0182789372
   -0.0128539087
   -0.0317448036
   -0.0355936459
   -0.0329138371
   -0.0252256201
   -0.0174337685
   -0.0122167422
   -0.0322487747
   -0.0406498889
   -0.0423383599
   -0.0347685511
   -0.0245419863
   -0.0168698994
   -0.0120114040
   -0.0298032581
   -0.0416928107
   -0.0502344134
   -0.0460644000
   -0.0342489932
   -0.0243665295
   -0.0173259463
   -0.0117930998
   -0.0252708338
   -0.0375082096
   -0.0521646583
   -0.0557605239
   -0.0447890701
   -0.0345970760
   -0.0263338789
   -0.0178984693
   -0.0203476638
   -0.0297434514
   -0.0453569264
   -0.0575507760
   -0.0518175390
   -0.0445181649
   -0.0401787819
   -0.0290027623
   -0.0169884493
   -0.0164260481
   -0.0219206753
   -0.0325907363
   -0.0473382414
   -0.0480347837
   -0.0474821043
   -0.0578853702
   -0.0494272712
   -0.0288091406
   -0.0139041939
   -0.0167671440
   -0.0202639745
   -0.0290290042
   -0.0257988049
   -0.0327331664
   -0.0703371171
   -0.0807236619
   -0.0532720856
   -0.0234808560
   -0.0092901123
   -0.0144531134
   -0.0146566925
   -0.0082290438
   -0.0530593028
   -0.0435089217
   -0.0145004427
   -0.0136473422
   -0.0144710950
   -0.0071351364
   -0.0666478526
   -0.0232688578
   -0.0057290549
   -0.0132352212
   -0.0155060004
   -0.0150030369
    0.0136226203
   -0.0181383748
   -0.0320026557
   -0.0057328559
    0.0004177195
   -0.0161275205
   -0.0194938008
   -0.0151745356
    0.0295059669
    0.0123766399
    0.0026662651
    0.0041095422
    0.0037364339
   -0.0158411074
   -0.0212628808
   -0.0267147651
    0.0423849518
    0.0187284249
    0.0076451444
    0.0050948289
   -0.0146506207
   -0.0208550169
   -0.0291680171
   -0.0101916049
    0.0102428355
    0.0164110505
    0.0080388053
   -0.0127800814
   -0.0189871087
   -0.0276764995
   -0.0241197097
    0.0182623155
    0.0422068177
    0.0121862861
    0.0075100116
   -0.0162936701
   -0.0244260507
   -0.0300981682
   -0.0040982618
    0.0420452841
    0.0165813724
    0.0099297075
   -0.0130412113
   -0.0208683653
   -0.0289267334
    0.0109699927
    0.0120970590
    0.0185323782
    0.0121057546
    0.0084248616
   -0.0096078638
   -0.0163997967
   -0.0266438745
   -0.0155473031
   -0.0035785543
    0.0325512886
    0.0490776715
    0.0189046273
    0.0134949710
    0.0099192332
   -0.0113442811
   -0.0208837674
   -0.0273216825
   -0.0163059558
    0.0101756113
    0.0373641264
    0.0402536897
    0.0192710079
    0.0143262322
    0.0110742804
   -0.0069553494
   -0.0130336298
   -0.0238544648
   -0.0075754256
   -0.0002858825
    0.0173442887
    0.0253369285
    0.0197201480
    0.0148996039
    0.0118477267
    0.0092306117
   -0.0038283516
   -0.0067405464
   -0.0130222070
   -0.0020032739
    0.0155672762
   -0.0008538738
    0.0100943938
    0.0174631042
    0.0180886155
    0.0150487354
    0.0122680167
    0.0098572725
   -0.0028832100
   -0.0048886220
   -0.0057336833
    0.0290077260
    0.0058589380
    0.0079335428
    0.0130155164
    0.0153116214
    0.0143897584
    0.0123048934
   -0.0008775409
    0.0000144063
    0.0158829052
    0.0112450633
    0.0088520897
    0.0108367928
    0.0128376451
    0.0130905206
    0.0119177205
    0.0008260357
    0.0023894699
    0.0079176105
    0.0437915018
    0.0175196247
    0.0104050709
    0.0101728712
    0.0029501888
    0.0062858508
    0.0147576034
    0.0317749427
    0.0216837765
    0.0119821077
    0.0101786238
    0.0051491015
    0.0092936069
    0.0156217706
    0.0177353197
    0.0129610363
    0.0103438355
    0.0068133839
    0.0103058899
    0.0130095632
    0.0122676943
    0.0103079758
    0.0075783822
    0.0097497868
    0.0105115797
    0.0097723853
   -0.0262061569
   -0.0259497279
   -0.0216621756
   -0.0155160839
   -0.0104384573
   -0.0300230424
   -0.0330412582
   -0.0299155666
   -0.0219196478
   -0.0138683865
   -0.0091403216
   -0.0067086400
   -0.0319705431
   -0.0398066252
   -0.0408285202
   -0.0320762980
   -0.0199864676
   -0.0117238980
   -0.0083491852
   -0.0311201025
   -0.0436726577
   -0.0526925723
   -0.0469688723
   -0.0306273427
   -0.0167717965
   -0.0108431183
   -0.0080687728
   -0.0276412883
   -0.0422805266
   -0.0605800067
   -0.0653147410
   -0.0465933240
   -0.0266214589
   -0.0158229806
   -0.0113505505
   -0.0075829423
   -0.0357306445
   -0.0586236434
   -0.0789169257
   -0.0663749428
   -0.0396315784
   -0.0257289257
   -0.0177046521
   -0.0113064871
   -0.0270605185
   -0.0459371546
   -0.0770393899
   -0.0791680926
   -0.0503611973
   -0.0378444412
   -0.0296736540
   -0.0184043321
   -0.0097482389
   -0.0197958375
   -0.0295317989
   -0.0542398848
   -0.0747620280
   -0.0495946646
   -0.0424961334
   -0.0483007695
   -0.0322447642
   -0.0159640232
   -0.0154545410
   -0.0179438171
   -0.0200435784
   -0.0421678571
   -0.0309754169
   -0.0281108346
   -0.0672656317
   -0.0579089269
   -0.0282810508
   -0.0109307654
   -0.0134332780
   -0.0139368008
    0.0007455516
    0.0054151989
   -0.0600662249
   -0.0510649745
   -0.0180199018
   -0.0051632199
   -0.0136697488
   -0.0073007828
   -0.0078017064
   -0.0287624218
   -0.0067558292
   -0.0003895888
   -0.0142845903
   -0.0138380177
    0.0090921809
   -0.0072096490
   -0.0058277609
    0.0011746762
    0.0027337973
   -0.0146353713
   -0.0174667416
   -0.0152523389
    0.0151279372
    0.0061233811
    0.0053544479
    0.0043846753
   -0.0142169241
   -0.0192273369
   -0.0236556017
   -0.0034243941
    0.0455657668
    0.0253023996
    0.0103753220
    0.0069249704
   -0.0129718992
   -0.0189813475
   -0.0270829890
   -0.0223711312
    0.0479595505
    0.0222950103
    0.0106874566
    0.0071194983
   -0.0171742359
   -0.0261718059
   -0.0325885951
   -0.0053408365
    0.0155003728
    0.0097727883
   -0.0143925609
   -0.0231770019
   -0.0326933581
   -0.0066067907
    0.0170549812
    0.0214843908
    0.0125671416
    0.0086257164
   -0.0111583529
   -0.0191120862
   -0.0297551985
   -0.0199070437
    0.0289994850
   -0.0010992633
    0.0391268347
    0.0310865125
    0.0148510842
    0.0105488094
   -0.0080230019
   -0.0141886768
   -0.0256696895
   -0.0305515243
   -0.0056964896
    0.0148099437
    0.0569548113
    0.0305105083
    0.0166348030
    0.0121968560
    0.0088996113
   -0.0094290301
   -0.0182984654
   -0.0330012611
    0.0000275770
    0.0008140014
    0.0225600025
    0.0375810895
    0.0245786904
    0.0174386987
    0.0133804877
    0.0100881178
   -0.0057057599
   -0.0108152372
   -0.0228384345
   -0.0068206799
    0.0102101624
    0.0218820846
    0.0221635968
    0.0174063385
    0.0140149488
    0.0109702454
   -0.0055386839
   -0.0112524092
   -0.0181996546
   -0.0056577398
    0.0036709496
    0.0139806858
    0.0181939713
    0.0167747458
    0.0140962972
    0.0114714084
   -0.0024356981
   -0.0042507696
   -0.0076751891
    0.0164512997
   -0.0010965251
    0.0018995729
    0.0092494335
    0.0140924333
    0.0150618533
    0.0136292335
    0.0115749717
   -0.0009250036
   -0.0009164171
    0.0032277040
    0.0078770559
    0.0027308000
    0.0070864061
    0.0128637230
    0.0126388099
    0.0113015289
    0.0015272182
    0.0045052114
    0.0161739973
    0.0228772898
    0.0052273759
    0.0066560739
    0.0090998807
    0.0021882923
    0.0045486571
    0.0096312032
    0.0199384356
    0.0221429190
    0.0093579286
    0.0072712609
    0.0082139917
    0.0040020209
    0.0071182765
    0.0117571791
    0.0151855056
    0.0117372738
    0.0084064243
    0.0079750383
    0.0055020892
    0.0083866722
    0.0110443304
    0.0111349774
    0.0091412205
    0.0080322488
    0.0084007769
    0.0094473842
    0.0089349850
    0.0080164316
   -0.0181626143
   -0.0130081264
   -0.0086956437
   -0.0263872187
   -0.0282366785
   -0.0251846332
   -0.0182750193
   -0.0112666896
   -0.0071499917
   -0.0052056186
   -0.0291143862
   -0.0350540724
   -0.0351313524
   -0.0271816219
   -0.0160017421
   -0.0083208822
   -0.0058373813
   -0.0045139248
   -0.0296981572
   -0.0403940891
   -0.0474826011
   -0.0416969897
   -0.0255777893
   -0.0102160875
   -0.0058430272
   -0.0052085946
   -0.0277807861
   -0.0417760699
   -0.0586761200
   -0.0631999076
   -0.0433747641
   -0.0175053106
   -0.0041865409
   -0.0057828948
   -0.0048435286
   -0.0380760936
   -0.0624305139
   -0.0853084319
   -0.0730245340
   -0.0348498847
   -0.0071598568
   -0.0061869713
   -0.0064029103
   -0.0041603763
   -0.0308416824
   -0.0549290189
   -0.0939885503
   -0.0944362689
   -0.0588360541
   -0.0231821691
   -0.0109295777
   -0.0095146371
   -0.0058615319
   -0.0231870620
   -0.0397760826
   -0.0816569824
   -0.0318364168
   -0.0247825529
   -0.0165085307
   -0.0090942451
   -0.0042870111
   -0.0174026974
   -0.0253927758
   -0.0482796422
   -0.0982033605
   -0.0054430898
   -0.0323181839
   -0.0302503847
   -0.0153270475
   -0.0064594391
   -0.0168408850
   -0.0183959105
   -0.0357896900
   -0.0473355089
    0.0001151767
   -0.0466965166
   -0.0269706881
   -0.0102414961
   -0.0030642686
   -0.0135154076
   -0.0088946205
    0.0597061799
   -0.0369721256
   -0.0405077284
   -0.0162271190
   -0.0040527622
   -0.0127661218
   -0.0106729662
    0.0272681138
   -0.0169716586
   -0.0040349772
    0.0010997417
   -0.0128492026
   -0.0133335813
   -0.0042898432
    0.0052830508
    0.0040820233
    0.0043977290
   -0.0127965902
   -0.0156554017
   -0.0147782801
    0.0047237552
    0.0131090646
    0.0079087200
    0.0060632654
   -0.0121437842
   -0.0167712185
   -0.0211658469
   -0.0137470471
    0.0486559552
    0.0138403063
    0.0092503345
    0.0066103549
   -0.0162408544
   -0.0240563611
   -0.0264679379
    0.0334269426
    0.0321081667
    0.0133518166
    0.0092233128
   -0.0143423795
   -0.0232232851
   -0.0333517840
    0.0127366483
    0.0435454516
    0.0201530759
    0.0123244361
    0.0085324982
   -0.0116707011
   -0.0199859393
   -0.0325215380
   -0.0190174007
    0.0078825598
    0.0627648089
    0.0157278908
    0.0108167248
   -0.0088293275
   -0.0155703014
   -0.0281207372
   -0.0313182540
   -0.0041317373
    0.0277707299
    0.0565808619
    0.0209229141
    0.0131147306
    0.0092700674
   -0.0110071322
   -0.0213469077
   -0.0347315429
    0.0157294121
   -0.0029618117
    0.0076390176
    0.0315106330
    0.0417416116
    0.0420927579
    0.0247994284
    0.0151765627
    0.0108513492
   -0.0071527455
   -0.0138426864
   -0.0283188409
   -0.0047826782
    0.0152346744
    0.0275534777
    0.0260184708
    0.0217764679
    0.0164412362
    0.0121601735
   -0.0078935932
   -0.0168239956
   -0.0188918894
   -0.0109863926
    0.0037270815
    0.0173901428
    0.0218559936
    0.0195595060
    0.0164683537
    0.0129726055
    0.0099421278
   -0.0040504035
   -0.0078557660
   -0.0152319637
   -0.0130558186
   -0.0031399448
    0.0094180225
    0.0165425971
    0.0176121218
    0.0157635612
    0.0131758087
    0.0105315216
   -0.0029394856
   -0.0053503464
    0.0021761845
    0.0009559046
   -0.0064219669
    0.0043604297
    0.0115679379
    0.0146872030
    0.0144981308
    0.0128382949
   -0.0006297548
   -0.0004080160
    0.0020213382
    0.0235555107
    0.0158431188
   -0.0061167079
    0.0019403939
    0.0080383374
    0.0127519634
    0.0120710468
    0.0012632534
    0.0036683418
    0.0107825629
    0.0242308049
    0.0184605197
   -0.0008743265
    0.0017143856
    0.0060780935
    0.0036428960
    0.0076842666
    0.0136690435
    0.0153413326
    0.0064586444
    0.0035285788
    0.0054440334
    0.0057959632
    0.0095526170
    0.0120789909
    0.0098555984
    0.0062133786
    0.0057909488
    0.0070158255
    0.0093678728
    0.0096941058
    0.0078547020
    0.0065408168
    0.0072469229
    0.0083453295
    0.0080008646
    0.0070307112
   -0.0108326067
   -0.0074140397
   -0.0201336710
   -0.0148221901
   -0.0094423175
   -0.0060089614
   -0.0285802540
   -0.0278159249
   -0.0215529615
   -0.0130523531
   -0.0069035079
   -0.0045431111
   -0.0262871196
   -0.0338713899
   -0.0379154021
   -0.0327840415
   -0.0203467257
   -0.0079499074
   -0.0039395745
   -0.0035185199
   -0.0257698872
   -0.0368072187
   -0.0486317037
   -0.0505142056
   -0.0349150153
   -0.0114860467
    0.0016090396
   -0.0025775715
   -0.0029468694
   -0.0358873009
   -0.0553959542
   -0.0734784425
   -0.0627782325
   -0.0267952761
    0.0227713619
    0.0046631471
   -0.0029089393
   -0.0023983337
   -0.0313252568
   -0.0537754651
   -0.0889371565
   -0.1014787888
   -0.0582149329
    0.0086954808
   -0.0018726944
   -0.0028488048
   -0.0250348683
   -0.0439739702
   -0.0871978889
   -0.0260242966
    0.0008476105
   -0.0038461772
   -0.0019713912
   -0.0313017889
   -0.0652870508
   -0.0153525150
   -0.0098775029
   -0.0064568627
   -0.0059742814
   -0.0026095515
   -0.0211066619
   -0.0373242720
   -0.0918665689
   -0.0234777989
   -0.0108401259
   -0.0036103469
   -0.0006658277
   -0.0151207651
   -0.0193161571
   -0.0317995938
   -0.0058587046
   -0.0195428155
   -0.0047617420
   -0.0003154162
   -0.0123927921
   -0.0125042768
   -0.0003485588
    0.0572635967
   -0.0127277719
   -0.0039472163
    0.0012073890
    0.0025026548
   -0.0114395187
   -0.0113482114
   -0.0033429971
    0.0359536109
    0.0112705421
    0.0068852210
    0.0053227167
    0.0045149152
   -0.0111276738
   -0.0122478866
   -0.0087945882
    0.0150915048
    0.0295995138
    0.0119451154
    0.0076140063
    0.0057029767
   -0.0107261183
   -0.0134371821
   -0.0138657559
   -0.0040508530
    0.0291338324
    0.0290370907
    0.0129408963
    0.0085824789
   -0.0137870909
   -0.0181523832
   -0.0147471998
    0.0167043147
    0.0689064421
    0.0738014892
    0.0225937562
    0.0126458141
    0.0086936584
   -0.0129189505
   -0.0198017417
   -0.0249604274
    0.0582943367
    0.0590975619
    0.0187222639
    0.0119219905
    0.0082595931
   -0.0110968426
   -0.0184548427
   -0.0305660011
    0.0247167616
    0.0522630828
    0.0511522239
    0.0161365199
    0.0107518713
   -0.0088440834
   -0.0152178182
   -0.0281910264
   -0.0323387834
    0.0087921855
    0.0989726222
    0.0259206540
    0.0136698883
    0.0093978080
   -0.0113902892
   -0.0220514761
   -0.0367936791
   -0.0056867338
    0.0250226610
    0.0624464247
    0.0562257157
    0.0497329504
    0.0171782743
    0.0113864282
   -0.0078833163
   -0.0151663944
   -0.0308258293
   -0.0042878918
   -0.0022144180
   -0.0002789598
    0.0295423048
    0.0387973455
    0.0380787159
    0.0423232634
    0.0205997257
    0.0133164847
   -0.0093671537
   -0.0199863163
   -0.0166545071
   -0.0133389307
    0.0090974740
    0.0254177796
    0.0271072514
    0.0255310671
    0.0208517839
    0.0147726903
    0.0107289394
   -0.0053120366
   -0.0106126177
   -0.0179368293
   -0.0189281160
   -0.0036150155
    0.0130294929
    0.0209449342
    0.0210461222
    0.0189029892
    0.0152535648
    0.0116289362
   -0.0048085660
   -0.0094913101
   -0.0163628811
   -0.0120089006
    0.0040031954
    0.0138807118
    0.0174569872
    0.0169437895
    0.0148022937
    0.0120280142
   -0.0017932099
   -0.0026171192
    0.0023461341
   -0.0170522865
   -0.0017787909
    0.0080444745
    0.0133000241
    0.0146761729
    0.0137849827
    0.0119071539
    0.0001748852
    0.0029440593
    0.0302772275
    0.0159156634
   -0.0147330921
   -0.0046751992
    0.0041589445
    0.0121361830
    0.0123955379
    0.0011137718
    0.0032755656
    0.0108296021
    0.0272990919
    0.0146762997
   -0.0049601496
   -0.0040299764
    0.0022329805
    0.0029615285
    0.0066069414
    0.0133987144
    0.0140539556
    0.0047874542
    0.0000187123
    0.0021689179
    0.0054162990
    0.0047603950
    0.0083993411
    0.0111906882
    0.0088111541
    0.0045210316
    0.0035078339
    0.0049158741
    0.0059334511
    0.0083465432
    0.0088222188
    0.0068950139
    0.0051603125
    0.0051220220
    0.0062993418
    0.0075076168
    0.0072547772
    0.0061632248
    0.0055635342
   -0.0118787660
   -0.0079805736
   -0.0052489271
   -0.0211372595
   -0.0165156307
   -0.0106382583
   -0.0061422842
   -0.0039168325
   -0.0267470730
   -0.0283198578
   -0.0240598281
   -0.0156341726
   -0.0075488444
   -0.0037720129
   -0.0027326652
   -0.0299849757
   -0.0365452140
   -0.0358838445
   -0.0252920736
   -0.0108162970
   -0.0017686389
   -0.0018665828
   -0.0018910480
   -0.0307973325
   -0.0433261794
   -0.0522745416
   -0.0435559159
   -0.0205258949
    0.0111857040
    0.0038888247
   -0.0011895591
   -0.0012545984
   -0.0287295184
   -0.0452702994
   -0.0681743059
   -0.0763473796
   -0.0434972188
    0.0019658852
   -0.0009087053
   -0.0006265743
   -0.0245658389
   -0.0409766760
   -0.0732386587
   -0.1057354938
   -0.0911437956
   -0.0100037988
    0.0286662753
   -0.0004734836
   -0.0003005088
   -0.0325502871
   -0.0634636301
   -0.0425095418
    0.0009206000
    0.0000476090
    0.0005167502
   -0.0237404471
   -0.0445036720
   -0.0988374573
    0.0445343429
    0.0050168147
    0.0006531304
    0.0012653989
   -0.0273224604
   -0.0605992697
    0.0045788336
    0.0029426295
    0.0027172126
    0.0023661077
   -0.0167597081
   -0.0268048331
   -0.0632823633
    0.0088739613
    0.0061441688
    0.0041834632
   -0.0119147720
   -0.0119368564
   -0.0116208740
   -0.0041551687
    0.0345551425
    0.0144875608
    0.0076697285
   -0.0104698095
   -0.0081759879
    0.0013905601
    0.0206033403
    0.0325037120
    0.0143557355
    0.0082700994
   -0.0105922886
   -0.0091002681
   -0.0004792979
    0.0179301635
    0.0468613121
    0.0255245842
    0.0133754640
    0.0084538514
   -0.0109381662
   -0.0119359780
   -0.0055404507
    0.0139712277
    0.0373113307
    0.0391582665
    0.0210328718
    0.0124340875
    0.0083261854
   -0.0107043904
   -0.0142687755
   -0.0140890203
    0.0173274341
    0.0392438106
    0.0562822314
    0.0508658219
    0.0320649026
    0.0179608419
    0.0115086952
   -0.0097008742
   -0.0146632234
   -0.0212534245
    0.0536605826
    0.0453521412
    0.0530648211
    0.0286252278
    0.0157805339
    0.0104534234
   -0.0081642587
   -0.0131213024
   -0.0229543317
   -0.0185871139
    0.0267378994
    0.0396162626
    0.0754796938
    0.0237750253
    0.0136462265
    0.0092840986
   -0.0105284567
   -0.0196081989
   -0.0334126856
    0.0036304999
    0.0731156649
    0.0723953654
    0.0511083159
    0.0180663085
    0.0115528784
   -0.0077852481
   -0.0144493538
   -0.0289953970
   -0.0039510151
    0.0127481629
    0.0713994040
    0.0677318298
    0.0605740736
    0.0246180872
    0.0140959041
   -0.0096099193
   -0.0202104113
   -0.0126110810
    0.0047506100
   -0.0111204354
    0.0221510094
    0.0440065056
    0.0378670318
    0.0409865493
    0.0283709938
    0.0165651330
    0.0113208483
   -0.0059331583
   -0.0116970233
   -0.0208773396
    0.0266660853
   -0.0198381617
    0.0003729923
    0.0219706165
    0.0290942555
    0.0269608707
    0.0245180164
    0.0178799555
    0.0126692557
   -0.0060122470
   -0.0119492860
   -0.0216670797
   -0.0119633575
    0.0071743425
    0.0189752448
    0.0217304279
    0.0204692180
    0.0174132768
    0.0134296575
   -0.0027547231
   -0.0045617091
    0.0029751874
   -0.0104042514
   -0.0208787394
   -0.0024825331
    0.0100981255
    0.0162596501
    0.0173393771
    0.0159862545
    0.0134277176
   -0.0009615271
    0.0019952490
   -0.0257176570
   -0.0087830824
    0.0036355967
    0.0140390291
    0.0141841938
    0.0128025386
    0.0004406980
    0.0027700588
    0.0232742470
   -0.0177758737
   -0.0113928813
   -0.0003858365
    0.0067836573
    0.0026534007
    0.0084740937
    0.0370076083
    0.0352258960
   -0.0030564150
   -0.0083405570
   -0.0018890178
    0.0040573594
    0.0052074135
    0.0121767229
    0.0191497824
    0.0071590698
   -0.0014329384
   -0.0008107014
    0.0028289775
    0.0070090253
    0.0110216480
    0.0097890496
    0.0042966424
    0.0018605295
    0.0029140609
    0.0073689915
    0.0085685649
    0.0067282255
    0.0043497703
    0.0037824706
    0.0068095442
    0.0068436346
    0.0056493165
    0.0047201518
   -0.0126542997
   -0.0086586486
   -0.0054483946
   -0.0035390741
   -0.0174114055
   -0.0118469018
   -0.0066865579
   -0.0036789471
   -0.0024022665
   -0.0264450458
   -0.0246134676
   -0.0175202333
   -0.0091687164
   -0.0035551480
   -0.0019059517
   -0.0014308647
   -0.0249425778
   -0.0318144024
   -0.0346186973
   -0.0276651094
   -0.0147791282
   -0.0026040521
   -0.0000508105
   -0.0006621151
   -0.0006656987
   -0.0245176128
   -0.0348840697
   -0.0456708081
   -0.0453106065
   -0.0265936080
   -0.0004460576
    0.0130146637
    0.0014279680
    0.0000812409
   -0.0341079488
   -0.0526889618
   -0.0700218525
   -0.0535566001
   -0.0059030550
    0.0176956723
    0.0011991595
    0.0007113009
   -0.0297535591
   -0.0510606154
   -0.0862042201
   -0.1005056179
   -0.0306395866
    0.0043837999
    0.0016768269
    0.0013325917
   -0.0236944816
   -0.0416587542
   -0.0819248445
    0.0282603059
    0.0028583654
    0.0025270373
   -0.0297175254
   -0.0609629672
    0.0073443232
    0.0044664170
    0.0032030513
   -0.0198552912
   -0.0362498357
   -0.0805778647
    0.0226496920
    0.0086637867
    0.0053776998
   -0.0135582376
   -0.0195776340
   -0.0381153049
    0.0682616563
    0.0193824195
    0.0094035770
    0.0057248444
   -0.0103189334
   -0.0111192968
   -0.0138244403
   -0.0199907931
    0.0530658146
    0.0174027866
    0.0090675358
   -0.0090772319
   -0.0080794796
   -0.0043703366
    0.0003552949
    0.0347748079
    0.0324272915
    0.0144793066
   -0.0087780438
   -0.0082155388
   -0.0023438139
    0.0086778670
    0.0243779026
    0.0813233236
    0.0476671060
    0.0221500573
    0.0124672735
   -0.0085824809
   -0.0095471140
   -0.0058033998
    0.0171486258
    0.0283174190
    0.0301302569
    0.0291728077
    0.0175920209
    0.0111255707
   -0.0080415926
   -0.0104147435
   -0.0112765157
    0.0110901301
    0.0394088570
    0.0019178985
    0.0299491833
    0.0235557127
    0.0150610459
    0.0100294457
   -0.0101034527
   -0.0145058073
   -0.0090449629
    0.0329892940
    0.0713184599
    0.0294519590
    0.0318355197
    0.0203853927
    0.0131114622
   -0.0087742132
   -0.0143281104
   -0.0211648273
    0.0224347820
    0.0525799076
    0.0456056693
    0.0304135638
    0.0172001540
    0.0113116554
   -0.0069828534
   -0.0117873344
   -0.0218785232
    0.0004308901
    0.0313766081
    0.0996463651
    0.0492771548
    0.0474822925
    0.0233484897
    0.0140963701
   -0.0085965815
   -0.0168375699
   -0.0021166059
    0.0433106537
    0.0773773756
    0.0480561266
    0.0449343694
    0.0303518043
    0.0172754913
    0.0115343717
   -0.0057986463
   -0.0107643601
   -0.0169773375
   -0.0196726764
    0.0086712934
    0.0374899390
    0.0411849184
    0.0337504070
    0.0299233569
    0.0198932382
    0.0133346178
   -0.0061787642
   -0.0118461254
   -0.0239955707
   -0.0090414753
    0.0140151679
    0.0274392864
    0.0275608630
    0.0248639455
    0.0202157092
    0.0146444199
   -0.0032687230
   -0.0054302374
   -0.0018704686
   -0.0169260653
   -0.0192614550
   -0.0000528557
    0.0146417475
    0.0207975013
    0.0207574028
    0.0185899000
    0.0149966970
   -0.0018567034
   -0.0004328698
   -0.0268910109
   -0.0090973620
    0.0051739318
    0.0137284611
    0.0167083034
    0.0163630144
    0.0144039910
   -0.0002060737
    0.0017202788
    0.0259447205
   -0.0228418265
   -0.0148678159
   -0.0012123224
    0.0138721566
    0.0132168820
    0.0021494214
    0.0097414777
   -0.0070850497
   -0.0151770173
   -0.0047713372
    0.0034948185
    0.0020202254
    0.0055371859
    0.0199750442
    0.0075167228
   -0.0085020062
   -0.0050944690
    0.0010656128
    0.0038175705
    0.0086324793
    0.0181548492
    0.0136652201
    0.0002490613
   -0.0023441807
    0.0004906237
    0.0053580261
    0.0093032432
    0.0109792267
    0.0057561122
    0.0015268456
    0.0014160575
    0.0060732389
    0.0079995364
    0.0071226418
    0.0043661945
    0.0029752485
    0.0059675869
    0.0065147594
    0.0055200646
    0.0042683129
   -0.0129206523
   -0.0092142307
   -0.0057910250
   -0.0035055597
   -0.0172456049
   -0.0125011993
   -0.0073628242
   -0.0037260549
   -0.0020180765
   -0.0230412049
   -0.0231394223
   -0.0179004220
   -0.0102102371
   -0.0040604071
   -0.0012940239
   -0.0006730180
   -0.0259099488
   -0.0300198027
   -0.0267927033
   -0.0152590271
   -0.0047554505
    0.0008574678
    0.0006881168
    0.0003554613
   -0.0267093234
   -0.0357362830
   -0.0396427506
   -0.0260513340
   -0.0028080729
    0.0117187760
    0.0050121730
    0.0017858771
    0.0011218439
   -0.0250526448
   -0.0374648469
   -0.0520864002
   -0.0499706968
    0.0025396358
    0.0047723704
    0.0025595280
    0.0017102921
   -0.0341855409
   -0.0559823095
   -0.0775962178
   -0.0406582768
    0.0296760019
    0.0046964495
    0.0032135163
   -0.0276015521
   -0.0487246438
   -0.0834961460
   -0.0831232708
    0.0127957237
    0.0055282999
    0.0036423697
   -0.0204773327
   -0.0354719329
   -0.0687676872
    0.0024403075
    0.0099200984
    0.0059767110
   -0.0229293536
   -0.0432196043
   -0.0676782400
    0.0204923715
    0.0099376941
    0.0060051017
   -0.0141854967
   -0.0224862780
   -0.0397536994
    0.0046777584
    0.0477615572
    0.0176048927
    0.0093601631
   -0.0092747985
   -0.0104285585
   -0.0143815066
   -0.0043581260
    0.0345478612
    0.0148827588
   -0.0072723517
   -0.0046661155
   -0.0012135582
    0.0063690437
    0.0612463228
    0.0735181190
    0.0236879821
    0.0124461759
   -0.0070424058
   -0.0035216521
    0.0065473541
    0.0144663062
    0.0340195009
    0.0176032155
   -0.0073733529
   -0.0055109978
    0.0085328061
    0.0383729966
    0.0360957255
    0.0183564676
    0.0210562366
    0.0344904311
    0.0229264397
    0.0144050164
   -0.0074002866
   -0.0079005118
   -0.0003234065
    0.0567429852
   -0.0026382723
    0.0192887248
    0.0259948858
    0.0185466866
    0.0123884066
   -0.0068396081
   -0.0089063748
   -0.0086899953
    0.0359975111
    0.0501761595
    0.0652908332
    0.0580875705
    0.0165470591
    0.0268301243
    0.0231044227
    0.0158039611
   -0.0058352125
   -0.0083082377
   -0.0118870658
    0.0022290502
    0.0133270112
    0.0393037485
    0.0563205015
    0.0310950021
    0.0286493822
    0.0200614917
    0.0134243762
   -0.0067711882
   -0.0109112693
   -0.0073310306
    0.0106919263
    0.0517682941
    0.0816078385
    0.0426696549
    0.0331810593
    0.0251708783
    0.0164971262
   -0.0050473684
   -0.0080661706
   -0.0101911445
   -0.0115707286
    0.0181486325
    0.0503346161
    0.0478377974
    0.0339763374
    0.0282549733
    0.0196070656
    0.0133265051
   -0.0052883171
   -0.0084810022
   -0.0255471504
   -0.0037263333
    0.0223119983
    0.0362101719
    0.0319207409
    0.0269178383
    0.0212714366
    0.0151098905
   -0.0032093761
   -0.0047179948
    0.0003078521
   -0.0189240788
   -0.0178482755
    0.0044304970
    0.0207214779
    0.0258026373
    0.0237888863
    0.0205573782
    0.0160466405
   -0.0021122749
   -0.0012690497
    0.0294343752
   -0.0262334358
   -0.0071079704
    0.0084807087
    0.0175573189
    0.0197037815
    0.0184804144
    0.0158054777
   -0.0006524524
    0.0006823374
    0.0105533589
   -0.0260075931
   -0.0146004185
   -0.0000808561
    0.0148713114
    0.0158053356
    0.0146660593
    0.0014881685
    0.0072196300
   -0.0100164846
   -0.0176214484
   -0.0055160928
    0.0040987211
    0.0016097535
    0.0050367507
    0.0206439794
    0.0055675993
   -0.0133666385
   -0.0076826401
    0.0002937481
    0.0036248176
    0.0094608856
    0.0265551539
    0.0189680846
   -0.0041925656
   -0.0060539070
   -0.0013610545
    0.0056758878
    0.0115353761
    0.0149093873
    0.0042658421
   -0.0017549897
   -0.0009365904
    0.0068391871
    0.0097061982
    0.0074798356
    0.0025366013
    0.0008680280
    0.0020643006
    0.0067127029
    0.0071223845
    0.0049309914
    0.0028743041
    0.0059175951
    0.0054904485
    0.0042048137
   -0.0095003084
   -0.0061584332
   -0.0036267726
   -0.0021348175
   -0.0125699624
   -0.0078060359
   -0.0040085420
   -0.0018331372
   -0.0009203230
   -0.0172399622
   -0.0103469555
   -0.0045050552
   -0.0011154475
   -0.0000162240
    0.0001627799
   -0.0243899620
   -0.0239111758
   -0.0148569049
   -0.0037297737
    0.0008877692
    0.0019076402
    0.0014797352
    0.0010320412
   -0.0267244588
   -0.0313084208
   -0.0246897719
    0.0041704990
    0.0131784266
    0.0094353596
    0.0040392269
    0.0025737230
    0.0016769371
   -0.0263291706
   -0.0360294635
   -0.0392131552
   -0.0046374203
    0.0157566579
    0.0054235743
    0.0032884034
   -0.0233701094
   -0.0353392486
   -0.0492303572
   -0.0406022849
    0.0180065527
    0.0060860621
    0.0036659414
   -0.0298111879
   -0.0477308733
   -0.0610137456
   -0.0112661025
    0.0130185603
    0.0061299708
   -0.0223404973
   -0.0371787816
   -0.0577747362
   -0.0441357547
    0.0374033415
    0.0102283738
    0.0059379527
   -0.0155594983
   -0.0245491548
   -0.0405174926
   -0.0408601853
    0.0126232743
    0.0567209627
    0.0171303950
    0.0091311085
   -0.0144816035
   -0.0222048102
   -0.0261112725
    0.0208307821
    0.0783313942
    0.0283294496
    0.0140466275
    0.0082447445
   -0.0080192151
   -0.0094452482
   -0.0098167791
    0.0125425658
    0.0537810274
    0.0219133124
    0.0119065553
   -0.0063429480
   -0.0047795249
   -0.0016677000
    0.0014117560
    0.0146242011
    0.0415347276
    0.0216271388
    0.0339977402
    0.0169450488
   -0.0058747093
   -0.0040943156
    0.0021081617
    0.0103616867
    0.0185472644
    0.0401702615
    0.0170453585
    0.0648762704
    0.0436689330
    0.0227848742
   -0.0056690427
   -0.0047605237
    0.0011750288
    0.0208835038
    0.0261790053
    0.0502266445
    0.0251388249
    0.0141157990
    0.0325507810
    0.0264069016
    0.0174556250
   -0.0054462217
   -0.0023961440
    0.0186329792
    0.0310220079
    0.0436604055
    0.0153934567
    0.0146903652
    0.0245355873
    0.0206325661
    0.0145504395
   -0.0054986908
   -0.0049453701
    0.0043470932
    0.0253866186
    0.0404225107
    0.0368903658
    0.0201148256
    0.0216859688
    0.0227061502
    0.0176137402
   -0.0049341403
   -0.0056013583
   -0.0020091950
    0.0279395638
    0.0117064655
    0.0202958908
    0.0387132031
    0.0418327196
    0.0273645285
    0.0247059070
    0.0207041876
    0.0150782985
   -0.0040527367
   -0.0049390372
   -0.0032697230
    0.0272985786
    0.0168655988
    0.0009709827
    0.0225903241
    0.0426859581
    0.0379310097
    0.0278812349
    0.0234376790
    0.0177530408
   -0.0038116235
   -0.0033894337
   -0.0148662168
    0.0039208942
    0.0261230439
    0.0366992445
    0.0304131490
    0.0248202463
    0.0198770445
    0.0146160996
   -0.0026934158
   -0.0026781048
    0.0116488973
   -0.0206285390
   -0.0123429656
    0.0093782607
    0.0248259305
    0.0279969628
    0.0243207558
    0.0205063240
    0.0160026107
   -0.0016194112
    0.0011299404
   -0.0235589672
   -0.0035898503
    0.0122330012
    0.0208351015
    0.0216676127
    0.0195126918
    0.0163692733
   -0.0007517261
    0.0007040432
    0.0091369864
    0.0537351814
   -0.0251126937
   -0.0125463083
    0.0023550449
    0.0171395842
    0.0173336180
    0.0156561433
    0.0010522320
    0.0049784647
    0.0174240719
    0.0192177144
   -0.0165256778
   -0.0170071629
   -0.0044504213
    0.0012103182
    0.0039791090
    0.0118742580
    0.0213782477
   -0.0024795860
   -0.0150437273
   -0.0080690055
    0.0007039994
    0.0031438642
    0.0080110960
    0.0185481868
    0.0104757744
   -0.0073356172
   -0.0079439451
   -0.0020737572
    0.0053895037
    0.0112658316
    0.0142126313
    0.0017058231
   -0.0043791878
   -0.0025349587
    0.0016551361
    0.0070675888
    0.0104946390
    0.0070087956
    0.0004677119
   -0.0010419251
    0.0009440226
    0.0048517029
    0.0072490807
    0.0074948682
    0.0040136240
    0.0013106158
    0.0013764847
    0.0062930108
    0.0053206268
    0.0032863661
    0.0023839288
    0.0052164414
    0.0042972487
   -0.0095279045
   -0.0064731244
   -0.0038827060
   -0.0021557701
   -0.0122315346
   -0.0081141204
   -0.0043942563
   -0.0019444115
   -0.0006974807
   -0.0158991392
   -0.0106456078
   -0.0048015383
   -0.0014261315
    0.0002667384
    0.0007124034
   -0.0201822905
   -0.0151220842
   -0.0042259140
    0.0007016033
    0.0022010193
    0.0024042748
    0.0019048925
   -0.0237524589
   -0.0220719996
   -0.0056604907
    0.0180422566
    0.0087043657
    0.0061950843
    0.0042085283
    0.0027652696
   -0.0249942989
   -0.0287636566
   -0.0179821074
    0.0242325671
    0.0106542015
    0.0053398480
    0.0032654558
   -0.0233268041
   -0.0312634390
   -0.0318830832
    0.0140942201
    0.0119868519
    0.0056357828
   -0.0195734947
   -0.0284262498
   -0.0367883894
   -0.0267460905
    0.0100167610
    0.0055035849
   -0.0222752982
   -0.0321267348
   -0.0350493040
   -0.0133500672
    0.0194283213
    0.0085617245
   -0.0156158641
   -0.0228006757
   -0.0287588104
   -0.0205341131
   -0.0155895560
    0.0316941209
    0.0130055214
    0.0076387779
   -0.0136739513
   -0.0175129964
   -0.0129852109
   -0.0153511456
    0.0343028512
    0.0332812321
    0.0187334043
    0.0108826717
   -0.0068246243
   -0.0074864593
   -0.0040455136
    0.0035219433
   -0.0304852411
    0.0377777207
    0.0260202521
    0.0151479450
   -0.0046532416
   -0.0025591675
   -0.0001489303
    0.0035636492
    0.0123327810
    0.0047779177
   -0.0168081482
    0.0305385101
    0.0342746520
    0.0203539926
    0.0125796994
   -0.0040168866
   -0.0008685392
    0.0049199589
    0.0094078617
    0.0180681517
    0.0226935840
    0.0060521078
    0.0120529450
    0.0332903986
    0.0249185900
    0.0160888091
   -0.0039592679
   -0.0012370001
    0.0066339681
    0.0160967183
    0.0187810166
    0.0319068676
    0.0222072757
    0.0112822877
    0.0205622464
    0.0249442087
    0.0190934627
   -0.0039140689
   -0.0022445169
    0.0040608035
    0.0209047304
    0.0225345945
    0.0242087125
    0.0302557527
    0.0200944857
    0.0150791371
    0.0205019833
    0.0204109747
   -0.0036547755
   -0.0028291074
    0.0010946062
    0.0136340569
    0.0296863141
    0.0161429245
    0.0229270436
    0.0261998064
    0.0217232505
    0.0191675875
    0.0204091213
    0.0179014599
   -0.0028383618
   -0.0000873613
    0.0087911035
    0.0203484546
    0.0110743795
    0.0105844915
    0.0216234134
    0.0276938947
    0.0243626413
    0.0214658923
    0.0195082261
    0.0157306033
   -0.0025173530
   -0.0004227825
    0.0127554853
    0.0260336802
    0.0076234436
   -0.0016639367
    0.0102131732
    0.0233073340
    0.0280997367
    0.0242505260
    0.0209410976
    0.0175293179
   -0.0020531054
   -0.0007482430
    0.0114211747
    0.0274678556
   -0.0108376760
   -0.0028023749
    0.0126327680
    0.0236655347
    0.0251591146
    0.0219004905
    0.0186865253
    0.0149954318
   -0.0007893385
    0.0042954256
   -0.0047900315
   -0.0142315778
    0.0012690618
    0.0145004698
    0.0213278870
    0.0212157611
    0.0188108482
    0.0158116174
   -0.0005618601
    0.0016580997
    0.0168331292
    0.0217058578
   -0.0187239687
   -0.0081165141
    0.0052383995
    0.0145370753
    0.0181368530
    0.0176743569
    0.0010665668
    0.0054277957
    0.0229544537
    0.0226992140
   -0.0137200379
   -0.0136287440
   -0.0021023066
    0.0076004469
    0.0034165863
    0.0089285540
    0.0123071924
   -0.0046770544
   -0.0135629373
   -0.0066632674
    0.0020149638
    0.0026436257
    0.0062054654
    0.0103248954
    0.0037277110
   -0.0080781142
   -0.0077904877
   -0.0016057574
    0.0046246469
    0.0085563113
    0.0085999327
   -0.0006697662
   -0.0054515374
   -0.0029710062
    0.0063528364
    0.0087983427
    0.0049605363
   -0.0011617850
   -0.0021743919
    0.0004167069
    0.0046373562
    0.0069463221
    0.0068125292
    0.0027738855
   -0.0000117242
    0.0004472559
    0.0052126131
    0.0062357524
    0.0047967010
    0.0022720604
    0.0013765036
    0.0051047590
    0.0037455060
    0.0025437294
   -0.0067296419
   -0.0042264718
   -0.0023589474
   -0.0083987993
   -0.0048988738
   -0.0023414006
   -0.0007706560
   -0.0000347715
   -0.0108792802
   -0.0057334336
   -0.0021016808
   -0.0000589405
    0.0009181600
    0.0010548015
   -0.0144187057
   -0.0073565649
   -0.0005975897
    0.0011427479
    0.0024631361
    0.0025239046
    0.0019498551
   -0.0183206249
   -0.0117242221
    0.0037115679
    0.0056550578
    0.0049615704
    0.0052109786
    0.0037938873
   -0.0208963445
   -0.0183552594
    0.0002551914
    0.0304405531
    0.0105558147
    0.0125209989
    0.0074960920
    0.0044880511
   -0.0208879136
   -0.0230522516
   -0.0137724830
    0.0303495343
    0.0205155069
    0.0079883826
    0.0046800582
   -0.0184324012
   -0.0232746206
   -0.0223886011
   -0.0047155483
    0.0161291552
    0.0074102413
   -0.0196502384
   -0.0228884414
   -0.0181096518
   -0.0052727706
    0.0247220589
    0.0354500866
    0.0116207620
    0.0067528923
   -0.0143723628
   -0.0180335860
   -0.0177911031
   -0.0172798286
   -0.0142251543
    0.0200777542
    0.0373904887
    0.0168625722
    0.0096054586
   -0.0114936988
   -0.0118940387
   -0.0117147360
   -0.0279694574
   -0.0153077281
    0.0182530610
    0.0200797454
    0.0130199535
   -0.0056444566
   -0.0051499410
   -0.0030656207
   -0.0120706492
   -0.0285021658
    0.0032999028
    0.0208517386
    0.0165772813
    0.0110840162
   -0.0031016146
   -0.0013373887
    0.0004552717
    0.0035142153
    0.0032361861
   -0.0106157831
   -0.0052959961
    0.0188621710
    0.0196901198
    0.0140161630
   -0.0020715111
    0.0011285352
    0.0046238428
    0.0078003589
    0.0113537384
    0.0065690595
    0.0007601906
    0.0136662124
    0.0206528396
    0.0166917004
   -0.0018950676
    0.0016413794
    0.0071275113
    0.0104645257
    0.0141369181
    0.0154534141
    0.0101465419
    0.0111837916
    0.0182604229
    0.0181166888
   -0.0019592958
    0.0010202399
    0.0069060686
    0.0122210864
    0.0132135230
    0.0171291936
    0.0165576126
    0.0138309694
    0.0157604169
    0.0178505151
   -0.0019390964
    0.0004585643
    0.0053377345
    0.0111206415
    0.0112238918
    0.0130285293
    0.0174195389
    0.0178996661
    0.0167705643
    0.0173717369
   -0.0018038653
    0.0002283292
    0.0051766867
    0.0097458382
    0.0082834653
    0.0067924883
    0.0125321732
    0.0181478190
    0.0194642763
    0.0183847519
    0.0174089305
   -0.0000015663
    0.0056456118
    0.0159624802
    0.0085481233
    0.0007298579
    0.0047521562
    0.0132451556
    0.0190922303
    0.0197945344
    0.0182549876
   -0.0002439228
    0.0041807353
    0.0247279009
    0.0295221683
   -0.0014176601
   -0.0032391931
    0.0056212177
    0.0143823922
    0.0187754507
    0.0185919071
   -0.0003281807
    0.0022811924
    0.0148002802
    0.0096298660
   -0.0085446740
   -0.0020722246
    0.0075713805
    0.0146446382
    0.0012654817
    0.0063818756
    0.0291246000
    0.0301671634
   -0.0075825769
   -0.0076609429
    0.0009946695
    0.0034364900
    0.0100587772
    0.0178107653
   -0.0012349722
   -0.0091721506
   -0.0038247058
    0.0037326601
    0.0023508502
    0.0055898694
    0.0093286369
    0.0037750904
   -0.0061806307
   -0.0058694945
   -0.0002348454
    0.0039675516
    0.0067982852
    0.0060962656
   -0.0010361399
   -0.0048314912
   -0.0022799628
    0.0053262345
    0.0066442969
    0.0032413620
   -0.0017001808
   -0.0022677021
    0.0005683292
    0.0041439007
    0.0059315100
    0.0053726637
    0.0016964750
   -0.0006935187
    0.0001013040
    0.0048080789
    0.0055624735
    0.0039320902
    0.0014205645
    0.0007158519
    0.0048606723
    0.0046699842
    0.0030890356
    0.0018349565
   -0.0046062789
   -0.0027062163
   -0.0054995797
   -0.0029319342
   -0.0011520049
   -0.0001058251
   -0.0068419839
   -0.0031565815
   -0.0008470465
    0.0006071882
    0.0011752953
   -0.0090815860
   -0.0034585342
   -0.0003316706
    0.0014619282
    0.0024806246
    0.0023200339
   -0.0122939628
   -0.0050732666
    0.0011761677
    0.0021246021
    0.0042923220
    0.0042457959
    0.0031603903
   -0.0153180760
   -0.0095204248
    0.0019819771
    0.0033059229
    0.0061807341
    0.0077107853
    0.0053943932
   -0.0166239939
   -0.0144075866
   -0.0043410352
    0.0050455421
    0.0058498790
    0.0152405178
    0.0094803771
    0.0057237893
   -0.0156838064
   -0.0165458863
   -0.0118447620
   -0.0020889296
    0.0022221069
    0.0221980853
    0.0177769051
    0.0089737038
   -0.0153329076
   -0.0145549429
   -0.0102879772
   -0.0047978694
    0.0091693276
    0.0250709087
    0.0134759421
    0.0080051247
   -0.0119740149
   -0.0127953298
   -0.0119463081
   -0.0125726127
   -0.0041914138
    0.0142370979
    0.0164944060
    0.0108494692
   -0.0087622820
   -0.0085762514
   -0.0117530743
   -0.0144171765
    0.0018269567
    0.0144745721
    0.0132958891
    0.0094321727
   -0.0044357450
   -0.0037378414
   -0.0049163516
   -0.0119704492
   -0.0068463454
    0.0101047348
    0.0145523940
    0.0116795467
   -0.0008523923
    0.0005383065
    0.0014823657
   -0.0022248301
   -0.0055188236
    0.0057118787
    0.0144323447
    0.0135998234
   -0.0006807319
    0.0015978804
    0.0036271227
    0.0056306413
    0.0054906781
    0.0020544483
    0.0048019587
    0.0129756295
    0.0147226216
   -0.0001746820
    0.0027390727
    0.0055076953
    0.0075686669
    0.0094460916
    0.0085046313
    0.0075997156
    0.0115629821
    0.0146994873
   -0.0000819926
    0.0028445544
    0.0060939676
    0.0079340266
    0.0099547344
    0.0116079574
    0.0112023356
    0.0118647468
    0.0141053398
   -0.0000599343
    0.0027622349
    0.0058277702
    0.0072587019
    0.0081783588
    0.0109922261
    0.0130350420
    0.0135073805
    0.0141562015
   -0.0000793272
    0.0028777599
    0.0063232131
    0.0065849654
    0.0055138363
    0.0076570068
    0.0117212396
    0.0143175580
    0.0149633927
   -0.0001701161
    0.0026748033
    0.0079840952
    0.0086683104
    0.0036655146
    0.0033131781
    0.0077709590
    0.0125990351
    0.0150644118
    0.0019567273
    0.0078393450
    0.0148918822
    0.0055288081
   -0.0002105960
    0.0027868546
    0.0086197423
    0.0012363583
    0.0053887392
    0.0153345987
    0.0132954965
   -0.0008512087
   -0.0015253432
    0.0038058005
    0.0032962208
    0.0092972644
    0.0152937383
    0.0025673146
   -0.0035943285
   -0.0003835282
    0.0052780594
    0.0021629781
    0.0053854535
    0.0097829531
    0.0058887104
   -0.0025873029
   -0.0028020178
    0.0015862286
    0.0035814190
    0.0063152715
    0.0062177520
    0.0003292022
   -0.0028768333
   -0.0007656835
    0.0046334749
    0.0056905442
    0.0029440687
   -0.0010641672
   -0.0014177609
    0.0012690748
    0.0050046079
    0.0043669295
    0.0013302976
   -0.0005812009
    0.0003653982
    0.0042266008
    0.0047047320
    0.0031752776
    0.0010088317
    0.0005513625
    0.0040411005
    0.0025132207
    0.0014031250
    0.0034248170
   -0.0035904484
   -0.0017231970
   -0.0004392021
   -0.0042950319
   -0.0018176958
   -0.0001008995
    0.0009119664
   -0.0055132432
   -0.0020461446
    0.0001192269
    0.0017061884
    0.0022413853
   -0.0075876274
   -0.0027670874
    0.0000291224
    0.0022798874
    0.0036540781
    0.0033440789
   -0.0101331375
   -0.0049360084
   -0.0005448680
    0.0018609534
    0.0051901620
    0.0053115551
   -0.0119405702
   -0.0082905881
   -0.0027303457
    0.0001693283
    0.0055847968
    0.0080008695
    0.0061054925
   -0.0107209979
   -0.0065057487
   -0.0025162042
    0.0029275440
    0.0101966410
    0.0088409039
    0.0061563408
   -0.0109262410
   -0.0090248697
   -0.0060612389
   -0.0013247953
    0.0080129091
    0.0111538312
    0.0083665799
   -0.0091736085
   -0.0087664546
   -0.0079737233
   -0.0056390119
    0.0025269278
    0.0104308689
    0.0102924876
    0.0077065237
   -0.0064216963
   -0.0065296638
   -0.0073483106
   -0.0026253765
    0.0069498631
    0.0109019064
    0.0094413720
   -0.0033826522
   -0.0031558492
   -0.0045991247
   -0.0045012082
    0.0031834536
    0.0100584551
    0.0107102703
    0.0002278144
   -0.0000978133
   -0.0016341849
    0.0014927429
    0.0084966650
    0.0112744587
    0.0014010974
    0.0027185323
    0.0035668706
    0.0028683461
    0.0030431268
    0.0073761614
    0.0111489784
    0.0007518646
    0.0025993826
    0.0041459783
    0.0055754972
    0.0062453556
    0.0060545025
    0.0076594224
    0.0107191698
    0.0011008371
    0.0031008792
    0.0046772500
    0.0060266646
    0.0075846558
    0.0084064085
    0.0090185383
    0.0106446211
    0.0013014806
    0.0033742516
    0.0047089378
    0.0054653013
    0.0070032385
    0.0089708101
    0.0102195218
    0.0013735516
    0.0038063921
    0.0050346341
    0.0046835101
    0.0052608666
    0.0076188034
    0.0100964223
    0.0012152594
    0.0040523157
    0.0062440234
    0.0047880244
    0.0034162438
    0.0050586358
    0.0035631104
    0.0072328000
    0.0066277883
    0.0026501849
    0.0023782521
    0.0054169451
    0.0026459892
    0.0063451490
    0.0085791170
    0.0038033753
    0.0006815855
    0.0024143941
    0.0045608336
    0.0077798640
    0.0057882520
    0.0007039670
    0.0002581846
    0.0032560239
    0.0031789115
    0.0057127107
    0.0061704418
    0.0020769826
   -0.0004262520
    0.0010385901
    0.0041538743
    0.0053327615
    0.0034158948
    0.0003001964
    0.0000012481
    0.0044347610
    0.0040365090
    0.0016655666
    0.0001742136
    0.0010785401
    0.0040999346
    0.0028556665
    0.0011191851
    0.0008596574
    0.0035135343
    0.0022133154
   -0.0027497747
   -0.0009370824
    0.0003466002
   -0.0034704748
   -0.0011466263
    0.0006196155
    0.0016944127
   -0.0047012519
   -0.0017335177
    0.0005272161
    0.0023534661
    0.0029595950
   -0.0064216640
   -0.0029524485
   -0.0002023825
    0.0025116699
    0.0041188965
    0.0039083064
   -0.0080212166
   -0.0048573444
   -0.0016398979
    0.0016017705
    0.0048843231
    0.0054080679
   -0.0066739090
   -0.0036399023
   -0.0002873102
    0.0042884966
    0.0066977228
    0.0059445796
   -0.0073618915
   -0.0053908626
   -0.0025305589
    0.0021377244
    0.0067365995
    0.0073512859
   -0.0057633717
   -0.0042208963
   -0.0005003559
    0.0050539052
    0.0079290471
    0.0073262362
   -0.0045616343
   -0.0041597558
   -0.0023432405
    0.0026501816
    0.0072889123
    0.0082550351
   -0.0023659251
   -0.0020969682
    0.0009183374
    0.0059286974
    0.0085171108
    0.0000180668
   -0.0000176210
    0.0010235689
    0.0047799079
    0.0082234706
    0.0024417900
    0.0027255129
    0.0046753925
    0.0077740004
    0.0056214187
    0.0027048439
    0.0037213891
    0.0018518558
    0.0030314177
    0.0037437537
    0.0046489482
    0.0020820526
    0.0034426467
    0.0037797400
    0.0039831660
    0.0051788714
    0.0020721254
    0.0038740962
    0.0042547160
    0.0035083263
    0.0038434160
    0.0038742356
    0.0050093404
    0.0037460787
    0.0027526801
    0.0038806419
    0.0033144748
    0.0051866717
    0.0045743841
    0.0024560083
    0.0023267677
    0.0044940140
    0.0050409540
    0.0029712791
    0.0015316864
    0.0025300531
    0.0035412037
    0.0046637907
    0.0036321237
    0.0016267135
    0.0014413007
    0.0039338956
    0.0038619292
    0.0022425444
    0.0011872823
    0.0037119300
    0.0028548189
    0.0015759857
    0.0022079281
   -0.0021666729
   -0.0004085692
    0.0009002875
   -0.0029418494
   -0.0007965309
    0.0010163361
    0.0021495685
   -0.0040360534
   -0.0015908132
    0.0006853266
    0.0025519105
   -0.0051957218
   -0.0027539893
   -0.0002009183
    0.0024028144
    0.0039729949
   -0.0039721846
   -0.0014752124
    0.0015026530
    0.0041576598
    0.0049502317
   -0.0046839726
   -0.0027122246
    0.0001155786
    0.0034814251
    0.0054592344
   -0.0033020998
   -0.0011755497
    0.0021799647
    0.0052172362
    0.0061508545
   -0.0016816227
    0.0009237374
    0.0043497921
    0.0063704150
    0.0004450763
    0.0034047163
    0.0061035016
    0.0030016604
    0.0028074223
    0.0031293574
    0.0031541987
    0.0033304753
    0.0034510710
    0.0029333581
    0.0037362178
    0.0030499012
    0.0025658221
    0.0036771747
    0.0033439097
    0.0024049963
    0.0034619539
    0.0026018323
    0.0020364539
    0.0028606327
   -0.0005156257
    0.0012043860
   -0.0012403514
    0.0008090444
    0.0024924401
   -0.0020587713
    0.0000768939
    0.0022433588
   -0.0007547940
    0.0015855245
    0.0035999409
   -0.0013266456
    0.0007901903
    0.0031535953
    0.0002563749
    0.0025207758
