    0.0064506337
    0.0072483787
    0.0061240149
    0.0073998915
    0.0079816142
    0.0054237606
    0.0070360916
    0.0082390886
    0.0082536860
    0.0062658194
    0.0078409303
    0.0086018813
    0.0051539572
    0.0069850073
    0.0082389725
    0.0083264149
    0.0036293386
    0.0058263926
    0.0073663994
    0.0080926318
    0.0042926687
    0.0061768692
    0.0073376664
    0.0075408197
    0.0022738511
    0.0046488578
    0.0062018473
    0.0069895300
    0.0026964893
    0.0047238549
    0.0060120972
    0.0029116002
    0.0046677015
    0.0056456704
    0.0030442886
    0.0069635600
    0.0077305910
    0.0075822728
    0.0068473334
    0.0082096693
    0.0088867192
    0.0080199784
    0.0063082150
    0.0080745572
    0.0096885456
    0.0096618805
    0.0053343527
    0.0074281870
    0.0095307594
    0.0107839854
    0.0095450591
    0.0038539470
    0.0064176728
    0.0086419848
    0.0106695065
    0.0107074585
    0.0086628362
    0.0049449287
    0.0075081807
    0.0095694005
    0.0107360741
    0.0096734474
    0.0027847031
    0.0060861394
    0.0082462089
    0.0097753356
    0.0098942551
    0.0083546858
   -0.0000112551
    0.0039370867
    0.0067738008
    0.0084246683
    0.0093301604
    0.0087282714
    0.0009044198
    0.0046855807
    0.0068308548
    0.0082125332
    0.0085330676
    0.0016918124
    0.0047777846
    0.0066498235
    0.0077607043
    0.0075056515
   -0.0015533407
    0.0020847499
    0.0046750609
    0.0064244075
    0.0070178862
   -0.0008092978
    0.0023326491
    0.0046463986
    0.0059855543
   -0.0000930915
    0.0026230846
    0.0045206836
    0.0063230013
    0.0072165819
    0.0077698788
    0.0075040840
    0.0060424300
    0.0073692241
    0.0085427812
    0.0091345384
    0.0081596892
    0.0052824596
    0.0070856198
    0.0087272412
    0.0105285404
    0.0104702266
    0.0083103012
    0.0062993756
    0.0083315710
    0.0109065600
    0.0129154603
    0.0109039446
    0.0048949703
    0.0075320401
    0.0100860444
    0.0139313237
    0.0137854356
    0.0100940733
    0.0027826028
    0.0062188524
    0.0090062329
    0.0123577617
    0.0151734774
    0.0123785528
    0.0086801835
    0.0040664277
    0.0078773373
    0.0104743390
    0.0135063133
    0.0135013238
    0.0103268862
    0.0008597825
    0.0060521332
    0.0092768200
    0.0112427755
    0.0127122909
    0.0113008888
    0.0084885621
   -0.0028818868
    0.0025819890
    0.0078744554
    0.0096095596
    0.0111018729
    0.0113222591
    0.0094101343
   -0.0020161714
    0.0044215090
    0.0079914717
    0.0092500929
    0.0105683528
    0.0098314225
   -0.0006978245
    0.0048531954
    0.0071172879
    0.0090492891
    0.0096385568
    0.0082191270
   -0.0051637373
    0.0002249549
    0.0043103535
    0.0068426513
    0.0086063691
    0.0082358924
   -0.0039579720
    0.0007291749
    0.0042146852
    0.0067314156
    0.0075630245
   -0.0026518958
    0.0013411135
    0.0044117190
    0.0061800195
   -0.0013394322
    0.0020142379
    0.0043675198
    0.0072486628
    0.0074749532
    0.0070373511
    0.0066120935
    0.0077032343
    0.0084461167
    0.0086988430
    0.0077124774
    0.0061064708
    0.0077733907
    0.0089688620
    0.0102909137
    0.0101570501
    0.0080637827
    0.0072913816
    0.0089780325
    0.0111716481
    0.0133898958
    0.0111759983
    0.0078322140
    0.0060454963
    0.0085463260
    0.0107878588
    0.0168074941
    0.0162256646
    0.0108830940
    0.0039388688
    0.0074422786
    0.0099951875
    0.0161674252
    0.0238006203
    0.0153631938
    0.0095415784
    0.0010240407
    0.0053296797
    0.0092151549
    0.0126938046
    0.0238654462
    0.0208039723
    0.0124827755
    0.0079278829
    0.0019162762
    0.0078280725
    0.0113987473
    0.0157872756
    0.0207992830
    0.0150371899
    0.0099478113
   -0.0025759678
    0.0045508600
    0.0115914993
    0.0130578240
    0.0156985882
    0.0154868265
    0.0116554811
   -0.0012493341
    0.0095329944
    0.0138458782
    0.0130538609
    0.0142975275
    0.0126580522
    0.0092988298
   -0.0072121442
    0.0019017018
    0.0128297539
    0.0113712764
    0.0127260478
    0.0130501570
    0.0103978447
   -0.0110146601
   -0.0060461621
    0.0043384545
    0.0092170656
    0.0099119149
    0.0126108234
    0.0111207800
    0.0082623897
   -0.0108523913
   -0.0042291136
    0.0035762879
    0.0066470649
    0.0102704935
    0.0110331967
    0.0088592594
   -0.0093578536
   -0.0027580070
    0.0028521452
    0.0068288857
    0.0094681712
    0.0088166099
   -0.0071250154
   -0.0013529616
    0.0034103477
    0.0068193318
    0.0078417982
   -0.0047162941
    0.0001509012
    0.0039841905
    0.0060946654
   -0.0025302714
    0.0013534134
    0.0040399613
    0.0070884071
    0.0070064677
    0.0078259904
    0.0081415457
    0.0079622785
    0.0069196553
    0.0067905573
    0.0082912332
    0.0090208420
    0.0095103414
    0.0091036944
    0.0072770919
    0.0082442044
    0.0095981012
    0.0105501049
    0.0117877872
    0.0101674233
    0.0072285048
    0.0073072567
    0.0098163122
    0.0108097844
    0.0151002009
    0.0150434555
    0.0104368645
    0.0053292179
    0.0090223943
    0.0109923424
    0.0173687327
    0.0285750913
    0.0161833026
    0.0095991394
    0.0024321959
    0.0068281335
    0.0107013552
    0.0150837954
    0.0328790681
    0.0138938788
    0.0081525284
    0.0032569462
    0.0091126011
    0.0134623432
    0.0347934836
    0.0206869263
    0.0110744165
   -0.0016815508
    0.0058899363
    0.0131846257
    0.0192353977
    0.0405377535
    0.0269987987
    0.0141291955
    0.0087158067
   -0.0070564275
   -0.0003523022
    0.0139558008
    0.0210698811
    0.0220836232
    0.0221555280
    0.0161977114
    0.0108352692
   -0.0111437602
   -0.0082412390
    0.0061084265
    0.0365405547
    0.0247283547
    0.0198699439
    0.0170511408
    0.0126728486
    0.0083722349
   -0.0129333049
   -0.0141214052
   -0.0065691501
    0.0204705457
    0.0359573182
    0.0194059701
    0.0195624798
    0.0144448341
    0.0099216173
   -0.0163091747
   -0.0151144943
   -0.0021864798
    0.0201867569
    0.0136910776
    0.0200029432
    0.0166850288
    0.0113727984
   -0.0156047427
   -0.0180292116
   -0.0134500371
   -0.0001014036
    0.0075159427
    0.0116832575
    0.0166648747
    0.0124768977
    0.0085704487
   -0.0171518238
   -0.0172016341
   -0.0102287286
   -0.0003570316
    0.0055931986
    0.0116347405
    0.0121183326
    0.0091618449
   -0.0166808720
   -0.0141571391
   -0.0067275182
    0.0008610201
    0.0065507484
    0.0096899298
    0.0088979877
   -0.0143324313
   -0.0101481384
   -0.0034500789
    0.0025270612
    0.0064890267
    0.0076162999
   -0.0063347937
   -0.0008591504
    0.0034434725
    0.0056936455
    0.0076769053
    0.0076861115
    0.0071580234
    0.0084513673
    0.0088785169
    0.0087516483
    0.0079493525
    0.0088364473
    0.0099860624
    0.0100980760
    0.0101327960
    0.0087014301
    0.0083826873
    0.0110074591
    0.0111856362
    0.0120684053
    0.0120698957
    0.0090745157
    0.0067709358
    0.0109732738
    0.0134231892
    0.0135572341
    0.0184752459
    0.0136917728
    0.0087015682
    0.0041535411
    0.0088161870
    0.0150658681
    0.0171619257
    0.0280736598
    0.0132228192
    0.0076499831
    0.0008158867
    0.0051164332
    0.0119362456
    0.0211822321
    0.0232781256
    0.0112413141
    0.0062699049
   -0.0028749112
    0.0001626389
    0.0074195665
    0.0158806191
    0.0159808902
    0.0090026768
   -0.0062333844
   -0.0057239527
    0.0009349953
    0.0129729649
    0.0276139537
    0.0214935129
    0.0120709183
    0.0068955718
   -0.0110186781
   -0.0081962563
    0.0072742413
    0.0427382456
    0.0432235025
    0.0235931945
    0.0148403085
    0.0091637950
   -0.0140189493
   -0.0165734698
   -0.0071607455
    0.0282617895
    0.0173769550
    0.0113936856
   -0.0144240473
   -0.0205386696
   -0.0205240748
    0.0043064786
    0.0242866324
    0.0137185104
    0.0085084984
   -0.0200541376
   -0.0259471385
   -0.0196267759
    0.0203505246
    0.0470898497
    0.0170747647
    0.0102426175
   -0.0172778117
   -0.0246065727
   -0.0272891699
   -0.0143926408
    0.0090057283
    0.0133352624
    0.0365755870
    0.0209628101
    0.0119084929
   -0.0204509313
   -0.0259676110
   -0.0234041384
   -0.0092699372
    0.0029102855
    0.0125756279
    0.0181559222
    0.0128058908
    0.0084570419
   -0.0214050830
   -0.0232408319
   -0.0165733251
   -0.0046559779
    0.0045920130
    0.0111418738
    0.0117093691
    0.0088754432
   -0.0196537268
   -0.0177660923
   -0.0098620410
   -0.0006870928
    0.0059227845
    0.0089621172
    0.0083657886
   -0.0159208680
   -0.0118546123
   -0.0047414451
    0.0018183974
    0.0058484788
    0.0069845609
   -0.0014190786
    0.0029244090
    0.0082286458
    0.0084198304
    0.0079435877
    0.0068317867
    0.0089113548
    0.0097925939
    0.0096219526
    0.0089106647
    0.0072704291
    0.0089433394
    0.0111503584
    0.0113310714
    0.0109097026
    0.0099941595
    0.0074555950
    0.0079237125
    0.0118681061
    0.0143706519
    0.0125140711
    0.0130209558
    0.0109734346
    0.0071865326
    0.0035695757
    0.0058662608
    0.0104946136
    0.0192787621
    0.0196356108
    0.0178791881
    0.0166425230
    0.0111311888
    0.0064151621
    0.0015858597
    0.0031151835
    0.0071205633
    0.0171250423
    0.0460453138
    0.0180985377
    0.0101337745
    0.0052949135
   -0.0004482648
   -0.0000317384
    0.0027099435
    0.0102237175
    0.0390718803
    0.0156004100
    0.0084342473
   -0.0032384287
   -0.0026079962
    0.0034598183
    0.0159854569
    0.0250980491
    0.0125987907
    0.0064629074
   -0.0059889213
   -0.0082313740
   -0.0055322261
    0.0075494193
    0.0277472574
    0.0429052224
    0.0168753740
    0.0095596512
   -0.0124989225
   -0.0158447329
   -0.0062930974
    0.0285273832
    0.0508100477
    0.0203409129
    0.0127164701
    0.0068030548
   -0.0142299620
   -0.0226526789
   -0.0244486126
    0.0051434993
    0.0269370696
    0.0155415792
    0.0091560133
   -0.0137299848
   -0.0235909033
   -0.0349637068
   -0.0280321848
    0.0201591010
    0.0115082247
   -0.0207182371
   -0.0341591481
   -0.0436968555
   -0.0197599097
    0.0376170017
    0.0142561250
    0.0082048103
   -0.0167611780
   -0.0278671639
   -0.0413991014
   -0.0417163293
   -0.0098158364
    0.0186998910
    0.0177465491
    0.0099823528
   -0.0211709236
   -0.0323719526
   -0.0404250391
   -0.0295349172
   -0.0049494694
    0.0102761460
    0.0262308878
    0.0189450603
    0.0114241377
   -0.0237675172
   -0.0317596497
   -0.0313198556
   -0.0162989411
    0.0002800974
    0.0106847885
    0.0148140154
    0.0117079543
   -0.0234066208
   -0.0262174248
   -0.0199432124
   -0.0069003103
    0.0039112632
    0.0096893448
    0.0103480331
    0.0081351848
   -0.0202194729
   -0.0186125752
   -0.0108589208
   -0.0013624573
    0.0052488688
    0.0079297902
   -0.0155331428
   -0.0117197978
   -0.0049341214
    0.0014092279
    0.0051661461
    0.0091470944
    0.0087929275
    0.0077040902
    0.0058986374
    0.0090671977
    0.0105463955
    0.0107306057
    0.0099645642
    0.0083654696
    0.0058386088
    0.0065970468
    0.0087005182
    0.0114947610
    0.0131134198
    0.0122292871
    0.0112753894
    0.0088144365
    0.0054347118
    0.0040195266
    0.0053801654
    0.0073861118
    0.0110326001
    0.0165774719
    0.0164323534
    0.0141203809
    0.0128411614
    0.0087585749
    0.0046900646
    0.0028158596
    0.0038592058
    0.0053681143
    0.0086424308
    0.0175208983
    0.0389001605
    0.0228068379
    0.0192564248
    0.0139741235
    0.0080164494
    0.0037197522
    0.0022186106
    0.0030229791
    0.0051629951
    0.0122484859
    0.0253399505
    0.0134509838
    0.0067525544
    0.0026633212
    0.0005097036
    0.0006041704
    0.0012721155
    0.0058504662
    0.0257743924
    0.0232819680
    0.0118103108
    0.0051414985
   -0.0012164996
   -0.0018491631
   -0.0030087967
   -0.0009273526
    0.0103926604
    0.0514216986
    0.0196109947
    0.0091881336
    0.0034658192
   -0.0042098464
   -0.0072769410
   -0.0099389523
   -0.0007607716
    0.0220248951
    0.0272991426
    0.0147317909
    0.0062071317
   -0.0059193883
   -0.0105282279
   -0.0187814961
   -0.0201874835
    0.0073414747
    0.0360590379
    0.0189756906
    0.0096140535
    0.0038810529
   -0.0118434096
   -0.0228510051
   -0.0385790420
   -0.0285161601
    0.0637575094
    0.0216291780
    0.0126699617
    0.0060912764
   -0.0217641511
   -0.0424551697
   -0.0600193920
   -0.0230360236
    0.0364762470
    0.0154726081
    0.0084251845
   -0.0182620063
   -0.0353876495
   -0.0633141982
   -0.0685998853
   -0.0031989822
    0.0205732833
    0.0108227304
   -0.0264591793
   -0.0484382728
   -0.0725910726
   -0.0558957808
    0.0042623937
    0.0290640534
    0.0134049709
   -0.0192616415
   -0.0334390997
   -0.0535823872
   -0.0616699572
   -0.0282426875
    0.0063745130
    0.0231801345
    0.0262984675
    0.0153976218
    0.0091525341
   -0.0229881986
   -0.0358879444
   -0.0467229919
   -0.0371359466
   -0.0095875584
    0.0087924521
    0.0164113509
    0.0149665383
    0.0102690443
   -0.0242200472
   -0.0323611628
   -0.0324035701
   -0.0178385046
   -0.0003023143
    0.0095753363
    0.0122187967
    0.0102657008
   -0.0224117040
   -0.0248079267
   -0.0190139300
   -0.0068297695
    0.0035874943
    0.0085515485
    0.0090469911
   -0.0183642705
   -0.0166936786
   -0.0098010210
   -0.0012694308
    0.0046759117
    0.0069733471
    0.0097129173
    0.0096433860
    0.0086472201
    0.0067557013
    0.0043133729
    0.0075834883
    0.0108587946
    0.0117338735
    0.0111911417
    0.0096434361
    0.0068195361
    0.0037170471
    0.0053748261
    0.0069508278
    0.0087056565
    0.0111123442
    0.0138190761
    0.0140719250
    0.0129299613
    0.0105065848
    0.0063783597
    0.0028429366
    0.0044035126
    0.0058866602
    0.0075041352
    0.0099065784
    0.0147656562
    0.0194789061
    0.0166390074
    0.0154374344
    0.0107831389
    0.0053987956
    0.0018469186
    0.0032698704
    0.0045870251
    0.0058260332
    0.0074950632
    0.0122297342
    0.0286151659
    0.0350264875
    0.0242478642
    0.0191240632
    0.0100219662
    0.0041402309
    0.0008890765
    0.0031850689
    0.0041102375
    0.0047860891
    0.0071598663
    0.0227431039
    0.0480898782
    0.0207734356
    0.0087019498
    0.0028104385
    0.0015868274
    0.0025071040
    0.0024018312
    0.0026657277
    0.0095790921
    0.0204740013
    0.0069351939
    0.0014943524
   -0.0001360763
    0.0004263004
    0.0002892135
   -0.0015877379
    0.0022841254
    0.0235703739
    0.0174205386
    0.0044035095
   -0.0020469578
   -0.0029006087
   -0.0071952650
   -0.0076704003
    0.0163216438
    0.0531762127
    0.0424101580
    0.0098457490
    0.0022011840
   -0.0039376282
   -0.0064878997
   -0.0133935746
   -0.0265872484
   -0.0061178568
    0.0521177422
    0.0411196311
    0.0168229928
    0.0049906412
   -0.0083916195
   -0.0169510559
   -0.0395251619
   -0.0523104481
    0.0183742572
    0.0349999099
    0.0187212576
    0.0082143407
    0.0025309898
   -0.0165601197
   -0.0376446795
   -0.0768669009
    0.0376013628
    0.0201274647
    0.0109610907
    0.0046545625
   -0.0141695610
   -0.0293866321
   -0.0664094847
    0.0523688053
    0.0286087236
    0.0138563085
    0.0070201450
   -0.0215993195
   -0.0445009313
   -0.0845117042
   -0.0376886285
    0.0412972630
    0.0529025089
    0.0368523824
    0.0174336592
    0.0095321703
   -0.0291724176
   -0.0547992378
   -0.0855368808
   -0.0745307098
   -0.0076732305
    0.0242545611
    0.0269748928
    0.0195892877
    0.0118613535
   -0.0197441345
   -0.0338876885
   -0.0537784300
   -0.0623698603
   -0.0306893459
    0.0052964051
    0.0181976917
    0.0180336980
    0.0131680443
   -0.0220716218
   -0.0333607085
   -0.0419402946
   -0.0331199846
   -0.0087390576
    0.0089656121
    0.0141536441
    0.0127516714
    0.0091066236
   -0.0218302149
   -0.0279388661
   -0.0270287287
   -0.0148504815
    0.0002127059
    0.0088378998
    0.0106958451
   -0.0191560034
   -0.0203652301
   -0.0152682420
   -0.0053550953
    0.0033765314
    0.0075484667
   -0.0133281165
    0.0103475866
    0.0095633068
    0.0077185395
    0.0049333082
    0.0080606296
    0.0096143201
    0.0110804635
    0.0123055056
    0.0123098506
    0.0110631075
    0.0081182238
    0.0041933351
    0.0012029698
    0.0056139277
    0.0075389398
    0.0093954378
    0.0111464337
    0.0135407484
    0.0151930563
    0.0147378580
    0.0129816080
    0.0077841747
    0.0029056487
    0.0000927997
    0.0046497521
    0.0065449329
    0.0084733561
    0.0101487535
    0.0128079897
    0.0177533040
    0.0188580479
    0.0193265331
    0.0148304513
    0.0062597104
    0.0013718758
    0.0035185257
    0.0053106149
    0.0070286028
    0.0083456858
    0.0096103223
    0.0163634631
    0.0280176262
    0.0259671155
    0.0328079902
    0.0141069173
    0.0041926051
   -0.0000096833
    0.0039094615
    0.0057274717
    0.0064417862
    0.0061122414
    0.0078721229
    0.0323678682
    0.0518181613
    0.0119206545
    0.0024771618
   -0.0010797718
    0.0022577049
    0.0043574638
    0.0060396043
    0.0047562177
   -0.0000052513
    0.0132055442
    0.0115329311
    0.0008274938
    0.0020517005
    0.0055994240
    0.0066308309
    0.0005700674
    0.0020289899
    0.0397639447
    0.0069522639
   -0.0006463590
   -0.0005442534
    0.0014135024
    0.0069354591
   -0.0010751771
    0.0085740312
    0.0498739704
    0.0960604896
    0.0290068220
    0.0022423329
   -0.0030929989
   -0.0028308046
   -0.0111840825
   -0.0147364405
    0.0075029864
   -0.0000094614
   -0.0054211351
   -0.0096331027
   -0.0234772258
   -0.0598606387
    0.0704378656
    0.0294441939
    0.0120641784
    0.0023826491
   -0.0110661137
   -0.0248762161
   -0.0701781828
    0.0246699133
    0.0135205877
    0.0052909944
    0.0007615822
   -0.0205791104
   -0.0509303690
    0.0334968921
    0.0165976157
    0.0084752788
    0.0029210028
   -0.0158163721
   -0.0333346732
   -0.0769388514
    0.0379412397
    0.0402795622
    0.0212517042
    0.0120191841
    0.0055492055
   -0.0223187509
   -0.0449076613
   -0.0841675023
   -0.0446311179
    0.0398215037
    0.0439017963
    0.0240489855
    0.0152428196
    0.0083142977
   -0.0276048052
   -0.0488847924
   -0.0727893320
   -0.0606367843
   -0.0063007051
    0.0277760440
    0.0234619479
    0.0168577236
    0.0106070414
   -0.0181582732
   -0.0293869353
   -0.0429855919
   -0.0458486160
   -0.0224210421
    0.0062547304
    0.0175338158
    0.0160281465
    0.0117354660
   -0.0190481808
   -0.0268697430
   -0.0311913818
   -0.0234815514
   -0.0057292389
    0.0083457593
    0.0126385417
    0.0112840562
   -0.0178540808
   -0.0213920493
   -0.0195531422
   -0.0104099290
    0.0008211005
    0.0077282962
    0.0093294083
   -0.0151951522
   -0.0109789752
    0.0030637409
    0.0084397693
    0.0097659405
    0.0103110222
    0.0086246412
    0.0056884230
    0.0023527829
    0.0084943725
    0.0104586338
    0.0117441583
    0.0127768502
    0.0131063356
    0.0122016128
    0.0096670969
    0.0049561716
    0.0009013741
    0.0055862645
    0.0079585360
    0.0106085920
    0.0124188090
    0.0138125448
    0.0156113646
    0.0159294245
    0.0156384188
    0.0104877815
    0.0031061052
   -0.0008536305
    0.0069064319
    0.0097751754
    0.0124403111
    0.0134259797
    0.0163026233
    0.0193877428
    0.0215917185
    0.0260045233
    0.0088377250
    0.0004071921
   -0.0024621260
    0.0055956158
    0.0082369066
    0.0110436582
    0.0121726341
    0.0124433205
    0.0206462211
    0.0247109563
    0.0380131085
    0.0039838756
   -0.0020111549
   -0.0035764079
    0.0040911388
    0.0068104171
    0.0090845685
    0.0111827891
    0.0057395900
    0.0112148544
    0.0290304691
    0.0554780899
    0.0224214462
    0.0005679257
   -0.0035589247
    0.0024438409
    0.0050127516
    0.0094007539
    0.0127722396
    0.0089560242
   -0.0087101359
    0.0218277584
    0.0527147399
    0.0223635712
   -0.0012776503
   -0.0043501509
    0.0025415776
    0.0076242481
    0.0263694602
    0.0243785325
   -0.0012263588
    0.0089337163
    0.0509069165
    0.0172490520
   -0.0031998053
   -0.0044784572
    0.0002132505
    0.0026843640
    0.0195221323
    0.0239973328
    0.0790735306
    0.1320611437
    0.0023957983
   -0.0040793633
   -0.0013209642
    0.0022982999
    0.0125862084
    0.0149705168
   -0.0022362306
   -0.0050227047
   -0.0063044426
   -0.0250906483
    0.0358138716
    0.0171643197
    0.0011682384
   -0.0028639262
   -0.0069969871
   -0.0138563842
   -0.0383165077
    0.0321688429
    0.0143146235
    0.0052035359
   -0.0007145609
   -0.0131410834
   -0.0305099683
   -0.0861405112
    0.0185584604
    0.0100317071
    0.0026068297
   -0.0219151776
   -0.0518812909
    0.0283959560
    0.0155119816
    0.0068139677
   -0.0156985377
   -0.0312829812
   -0.0658518527
    0.0223208180
    0.0402621285
    0.0203752802
    0.0110762414
    0.0045301304
   -0.0202711868
   -0.0371459323
   -0.0632376049
   -0.0739665187
   -0.0292830357
    0.0347294023
    0.0423147678
    0.0229357162
    0.0143006688
    0.0074670737
   -0.0229842484
   -0.0363668744
   -0.0471855681
   -0.0354910291
   -0.0026059320
    0.0214186714
    0.0211604372
    0.0155298146
    0.0096520694
   -0.0227241094
   -0.0297474041
   -0.0284682478
   -0.0132713613
    0.0053969871
    0.0144862883
    0.0141900337
    0.0105102732
   -0.0197110023
   -0.0209360417
   -0.0148104684
   -0.0030765984
    0.0068625732
    0.0106646845
   -0.0152466792
   -0.0131022513
    0.0011687910
    0.0063828421
    0.0085281066
    0.0102931459
    0.0112255633
    0.0109255789
    0.0092818568
    0.0064027913
    0.0025962817
    0.0084870973
    0.0112464496
    0.0129626541
    0.0136226779
    0.0138478303
    0.0128986624
    0.0106965161
    0.0059876069
    0.0006642356
   -0.0022945313
    0.0078226434
    0.0114495883
    0.0148799160
    0.0156150962
    0.0164845787
    0.0168271210
    0.0161431269
    0.0136365119
    0.0040135465
   -0.0021153987
   -0.0040533469
    0.0066936226
    0.0103557208
    0.0162088364
    0.0184555412
    0.0176855897
    0.0204004216
    0.0209236447
    0.0308255053
    0.0177215705
   -0.0005797557
   -0.0049789396
    0.0053286845
    0.0085990260
    0.0140356269
    0.0244462011
    0.0178817072
    0.0200729670
    0.0255451867
    0.0403096215
    0.0090745810
   -0.0057625763
   -0.0069759633
    0.0038301909
    0.0067993410
    0.0109982677
    0.0226412411
    0.0273617041
    0.0104741856
    0.0275621751
    0.0327319988
   -0.0042372440
   -0.0088296958
   -0.0077561416
    0.0046876249
    0.0095282566
    0.0205479195
    0.0190134704
    0.0154703179
    0.0387080019
    0.0258186300
   -0.0084403974
   -0.0097167615
    0.0024387359
    0.0063491930
    0.0251039005
    0.0561356056
    0.0562545336
   -0.0101466668
   -0.0091620032
    0.0024093225
    0.0122185333
    0.0791378539
   -0.0016009637
   -0.0100686588
   -0.0004613690
    0.0018661722
    0.0321373742
    0.0149552118
   -0.0085856671
   -0.0083393191
   -0.0027216283
   -0.0017616949
    0.0170895794
   -0.0053256097
    0.0158274710
   -0.0036994957
   -0.0074508284
   -0.0076110423
   -0.0162016462
   -0.0528565432
    0.0175355734
    0.0044988514
   -0.0040978214
   -0.0053546271
   -0.0081219380
   -0.0167361621
   -0.0439253250
    0.0294100793
    0.0141974849
    0.0021042365
   -0.0028574472
   -0.0136034701
   -0.0294844101
   -0.0717480042
    0.0549185644
    0.0229871637
    0.0096732701
    0.0012632224
   -0.0199879494
   -0.0410585481
   -0.0774607738
   -0.0154218192
    0.0304252285
    0.0162388330
    0.0061841311
   -0.0252039447
   -0.0447233267
   -0.0633148832
   -0.0448827184
    0.0101631655
    0.0622394558
    0.0342400912
    0.0204847418
    0.0105948095
    0.0039761545
   -0.0166288119
   -0.0269411734
   -0.0386864976
   -0.0385210937
   -0.0140766728
    0.0163873743
    0.0268022313
    0.0211334309
    0.0134194194
    0.0067951394
   -0.0175222928
   -0.0244948696
   -0.0274926342
   -0.0186700280
   -0.0004918474
    0.0139816156
    0.0173453612
    0.0138881968
    0.0086462741
   -0.0163944688
   -0.0192757923
   -0.0167221398
   -0.0071528264
    0.0043062622
    0.0111673206
    0.0119258760
   -0.0134462659
   -0.0088823424
   -0.0013198200
    0.0054118933
    0.0081275268
    0.0103965679
    0.0117886453
    0.0120830218
    0.0097915027
    0.0068685489
    0.0028792647
   -0.0008774876
    0.0078869180
    0.0111751709
    0.0140787297
    0.0148382238
    0.0147510802
    0.0136128726
    0.0109611064
    0.0065933805
    0.0005870646
   -0.0034668637
    0.0071195188
    0.0109640658
    0.0166378142
    0.0189913548
    0.0182544324
    0.0182047721
    0.0160768119
    0.0131967711
    0.0051612117
   -0.0033958471
   -0.0063241518
    0.0060020921
    0.0096446033
    0.0171868834
    0.0296904251
    0.0233429315
    0.0229576025
    0.0225806710
    0.0210944387
    0.0211053432
   -0.0004436407
   -0.0084458946
   -0.0086522659
    0.0047084358
    0.0078875967
    0.0138130617
    0.0449123989
    0.0512385877
    0.0261555676
    0.0317342075
    0.0271024328
    0.0247266713
   -0.0107849002
   -0.0125392772
   -0.0098207180
    0.0059954668
    0.0106721590
    0.0268736903
    0.0414748435
    0.0407509009
    0.0425871037
    0.0438869466
   -0.0069254772
   -0.0188448431
   -0.0142024157
    0.0040101753
    0.0080118645
    0.0178757327
    0.0360554834
   -0.0266578486
   -0.0210354163
   -0.0135457546
    0.0048921074
    0.0130467206
   -0.0129932108
   -0.0299895813
   -0.0188128194
    0.0020438307
    0.0063096767
    0.0438655418
   -0.0306452657
   -0.0248893543
   -0.0148433935
    0.0013370373
    0.0088472457
    0.0033549053
   -0.0270353663
   -0.0177507149
   -0.0109453289
   -0.0014011589
   -0.0010665984
    0.0060037282
    0.0775395448
   -0.0135310874
   -0.0176193432
   -0.0119192622
   -0.0042158224
   -0.0076531774
   -0.0180516403
   -0.0375373110
    0.0172186357
   -0.0101866807
   -0.0107564017
   -0.0091530639
   -0.0201687188
   -0.0505255845
    0.0798353071
    0.0375936536
    0.0045597756
   -0.0060359741
   -0.0065990561
   -0.0161936747
   -0.0353801208
   -0.0693896822
    0.0376938951
    0.0422355680
    0.0182060167
    0.0018385847
   -0.0035080692
   -0.0235645825
   -0.0451826260
   -0.0631023816
   -0.0316102450
    0.0276346644
    0.0481164428
    0.0267302624
    0.0100441826
    0.0010522779
   -0.0161785044
   -0.0280894449
   -0.0430910637
   -0.0417611793
   -0.0081082902
    0.0319799930
    0.0434492273
    0.0318237795
    0.0163475619
    0.0059187839
   -0.0184446707
   -0.0274917953
   -0.0320024320
   -0.0196769227
    0.0051778162
    0.0246358755
    0.0281295653
    0.0196362010
    0.0098541205
   -0.0182666870
   -0.0224877480
   -0.0193401998
   -0.0060614226
    0.0095805510
    0.0186586473
    0.0182526152
    0.0119252567
    0.0060312211
   -0.0158439156
   -0.0157862367
   -0.0096653616
    0.0007342515
    0.0098120538
    0.0135564570
    0.0116015136
    0.0035129883
    0.0083968464
    0.0094178641
    0.0097573877
    0.0117846195
    0.0124513798
    0.0072470802
    0.0031278985
   -0.0011061442
    0.0100398732
    0.0138045766
    0.0157033271
    0.0155355816
    0.0144186950
    0.0113607210
    0.0066203026
    0.0005308767
   -0.0045254111
    0.0094566313
    0.0151075686
    0.0212748479
    0.0203741235
    0.0195696399
    0.0171635513
    0.0119101299
    0.0046685449
   -0.0044533019
   -0.0088729462
    0.0081922495
    0.0140427833
    0.0310574773
    0.0349297968
    0.0257836148
    0.0257164918
    0.0193937554
    0.0124290114
   -0.0011496800
   -0.0122424717
   -0.0130229837
    0.0066288611
    0.0114155263
    0.0295621170
    0.0417632273
    0.0375780451
    0.0333953545
    0.0204651610
    0.0119795933
   -0.0157328798
   -0.0203770002
   -0.0155198418
    0.0049546604
    0.0088712077
    0.0181229788
    0.0528585788
    0.0716543281
    0.0332803999
    0.0235342793
   -0.0123886731
   -0.0339331108
   -0.0248512240
   -0.0157115979
    0.0063034586
    0.0128076057
    0.0211479699
    0.0060122602
   -0.0533210196
   -0.0429895975
   -0.0241425986
   -0.0140929713
    0.0038201591
    0.0083058411
    0.0272856317
    0.0331181674
    0.0461889155
   -0.0270957838
   -0.0726543109
   -0.0387461249
   -0.0201187179
    0.0042240099
    0.0118405738
   -0.0600888632
   -0.0286717741
   -0.0153343199
    0.0012422902
    0.0039267301
    0.0173783870
   -0.0553205698
   -0.0381556917
   -0.0194988310
   -0.0002498373
    0.0010206693
    0.0089952951
    0.0889749657
   -0.0384039339
   -0.0224648521
   -0.0129420164
   -0.0022362298
   -0.0036198261
   -0.0074484568
   -0.0143605093
    0.0029409504
    0.1324407185
   -0.0137504671
   -0.0203338089
   -0.0134116218
   -0.0049946120
   -0.0095689402
   -0.0205319120
   -0.0342911038
    0.0007044094
    0.0779458013
    0.0245169239
   -0.0095317654
   -0.0111249081
   -0.0089108912
   -0.0172438729
   -0.0326349694
   -0.0394164179
    0.0029419366
    0.0423031734
    0.0663011391
    0.0816578629
    0.0406068117
    0.0060130181
   -0.0053444320
   -0.0064508027
   -0.0133347378
   -0.0238124694
   -0.0362571431
   -0.0288744001
    0.0073140622
    0.0354242422
    0.0643883490
    0.0602420907
    0.0185057278
    0.0024537812
   -0.0030335470
   -0.0168660645
   -0.0259282450
   -0.0294720498
   -0.0134282009
    0.0126064474
    0.0338191338
    0.0637299537
    0.0296541582
    0.0097303422
    0.0013138676
   -0.0180695646
   -0.0226915642
   -0.0182987596
   -0.0020930089
    0.0155425165
    0.0318052297
    0.0323013505
    0.0151022523
    0.0054903486
   -0.0165271158
   -0.0163969862
   -0.0086123618
    0.0041592151
    0.0157838885
    0.0224052584
    0.0167218478
    0.0085187103
   -0.0131025019
   -0.0099652420
   -0.0022219507
    0.0067828359
    0.0133457918
    0.0140830972
    0.0096748493
    0.0012988244
    0.0070556654
    0.0099216993
    0.0089000444
    0.0061109120
    0.0085549174
    0.0108806909
    0.0121809174
    0.0120985666
    0.0084406631
    0.0119513333
    0.0150079516
    0.0155968920
    0.0147880698
    0.0069882781
    0.0006439335
   -0.0051557834
    0.0077478008
    0.0119758290
    0.0183175777
    0.0209022512
    0.0198231017
    0.0181563698
    0.0125231017
    0.0041953617
   -0.0050731461
   -0.0110527047
    0.0066521558
    0.0107376795
    0.0196112600
    0.0347582305
    0.0273302007
    0.0263828417
    0.0217229479
    0.0104414624
   -0.0029406808
   -0.0151676312
   -0.0177763284
   -0.0144273007
    0.0053528805
    0.0089070909
    0.0162182262
    0.0359978390
    0.0382281832
    0.0220262721
    0.0025787045
   -0.0195744561
   -0.0287709157
   -0.0229360032
   -0.0154928993
    0.0069027905
    0.0124429698
    0.0353531104
    0.0580601301
    0.0658255863
    0.0502459980
    0.0133560930
   -0.0197754940
   -0.0488543353
   -0.0398100189
   -0.0243788855
    0.0048741894
    0.0091503506
    0.0210414471
    0.0938529533
    0.0376549304
   -0.0042105559
   -0.0661146213
   -0.0753572252
   -0.0414266642
   -0.0221530500
    0.0059397557
    0.0128674574
    0.0252861350
   -0.0749930972
   -0.0346015765
   -0.0180550321
    0.0032140151
    0.0069642334
    0.0213376523
    0.0463377202
   -0.0551245006
   -0.0254081443
    0.0029141161
    0.0068875243
    0.0372248401
    0.0555628440
   -0.0729631612
   -0.0346990119
   -0.0176139617
    0.0003490692
    0.0013647437
    0.0034849714
    0.0269895488
    0.0412111304
    0.0457945677
   -0.0417876108
   -0.0211740370
   -0.0014367101
   -0.0024015837
   -0.0044697149
    0.0000582822
    0.0091655715
    0.0389846727
    0.0778021721
   -0.0351460233
   -0.0221788306
   -0.0131508416
   -0.0044634181
   -0.0083690776
   -0.0138693684
   -0.0100158712
    0.0189863884
    0.0619583257
   -0.0085380394
   -0.0173212802
   -0.0125583554
   -0.0085157343
   -0.0147705305
   -0.0197172561
   -0.0074682810
    0.0259424669
    0.0630015404
    0.0182203718
   -0.0061825928
   -0.0092881053
   -0.0125312850
   -0.0187292049
   -0.0183560855
   -0.0001667042
    0.0241071674
    0.0523962005
    0.0455201160
    0.0061597808
   -0.0035686600
   -0.0149607255
   -0.0181474420
   -0.0117297616
    0.0053388541
    0.0201330170
    0.0171346245
    0.0029176445
   -0.0020981666
   -0.0147744792
   -0.0138217387
   -0.0046445872
    0.0084006397
    0.0231801774
    0.0563915715
    0.0259657364
    0.0085146209
    0.0015553570
   -0.0122690482
   -0.0083521641
    0.0005169616
    0.0104537310
    0.0214019898
    0.0227957336
    0.0119687374
    0.0047253264
   -0.0036822472
    0.0036201895
    0.0107025880
    0.0149213180
    0.0120761274
    0.0067176885
    0.0049657816
    0.0090692382
    0.0097624134
    0.0071865055
    0.0049946486
    0.0068812551
    0.0093690120
    0.0110881767
    0.0115737539
    0.0096822732
    0.0127463739
    0.0144096544
    0.0142683138
    0.0014276231
   -0.0049736334
    0.0092628398
    0.0136408434
    0.0177658402
    0.0183910762
    0.0176611837
    0.0135501163
    0.0053738593
   -0.0043795288
   -0.0119291191
   -0.0140285284
    0.0082252873
    0.0129550128
    0.0209329750
    0.0241504541
    0.0235825730
    0.0220571372
    0.0126304157
   -0.0014870071
   -0.0153497263
   -0.0212154904
   -0.0186358366
    0.0068415104
    0.0111387323
    0.0196892432
    0.0359204346
    0.0296677903
    0.0329089529
    0.0256900357
    0.0060835679
   -0.0172896640
   -0.0331187972
   -0.0303524905
   -0.0211801895
    0.0053071817
    0.0089869877
    0.0156625899
    0.0365383016
    0.0435894311
    0.0415375362
    0.0477860626
    0.0221066896
   -0.0118010471
   -0.0496016258
   -0.0536848680
   -0.0350680914
   -0.0209051708
    0.0066628430
    0.0121773303
    0.0277080831
    0.0525118230
    0.0696571982
    0.0522498084
    0.0079054563
   -0.0493635447
   -0.0878218514
   -0.0636540660
   -0.0332732227
   -0.0184238163
    0.0044287113
    0.0083962471
    0.0194487060
    0.0607380645
    0.0873256568
    0.0362729964
    0.0013242143
   -0.0564068628
   -0.0272293834
    0.0049910551
    0.0105432577
    0.0503862981
    0.0536298056
   -0.0865222071
   -0.0409806493
   -0.0203838876
    0.0023998784
    0.0050567187
    0.0142938991
    0.0112266756
    0.0347915782
    0.0782782155
   -0.0596109169
   -0.0271593192
    0.0016617353
    0.0038464366
    0.0168724703
    0.0094580031
    0.0138095452
    0.0569557377
   -0.0690690795
   -0.0337018678
   -0.0176227265
   -0.0000717440
    0.0006032625
    0.0053555668
    0.0068444398
    0.0113220803
   -0.0450211796
   -0.0348090579
   -0.0194185779
   -0.0019361045
   -0.0029733835
   -0.0043377111
   -0.0034777367
    0.0048821142
    0.0392947774
    0.0085704360
   -0.0236506842
   -0.0180037574
   -0.0041526416
   -0.0065086526
   -0.0086218777
   -0.0051125460
    0.0122853289
    0.0520480063
   -0.0039792551
   -0.0119898266
   -0.0102085857
   -0.0065726421
   -0.0094252532
   -0.0099906490
   -0.0020102033
    0.0175105680
    0.0474930497
    0.0131075836
   -0.0030144547
   -0.0066702849
   -0.0104638342
   -0.0080798804
    0.0020380294
    0.0146947287
    0.0356842274
    0.0378352919
    0.0056264991
   -0.0018563764
   -0.0092989307
   -0.0045259654
    0.0046331346
    0.0133681581
    0.0408448892
    0.0457525540
    0.0127205575
    0.0029314820
   -0.0067198824
   -0.0011124164
    0.0063015820
    0.0143594328
    0.0234580093
    0.0156339969
    0.0066069419
    0.0015819595
    0.0014287113
    0.0072967867
    0.0125529043
    0.0131531462
    0.0083474247
    0.0037587965
    0.0029779246
    0.0071144276
    0.0093077857
    0.0080177560
    0.0049390827
    0.0035856821
    0.0060171296
    0.0064907653
    0.0094933885
    0.0104349758
    0.0102035408
    0.0122289582
    0.0128607501
    0.0118771804
    0.0072079902
    0.0102069316
    0.0135290143
    0.0154873868
    0.0157248286
    0.0134790209
   -0.0021221172
   -0.0107874363
   -0.0149530144
    0.0063498818
    0.0094546145
    0.0136177401
    0.0175064163
    0.0191224412
    0.0193838998
    0.0140257531
    0.0022452627
   -0.0118921145
   -0.0213048809
   -0.0215388472
   -0.0169085729
    0.0081923394
    0.0124193009
    0.0176193952
    0.0209618841
    0.0243366459
    0.0235129100
    0.0109597349
   -0.0094712020
   -0.0293771294
   -0.0340579666
   -0.0263978772
   -0.0178060031
    0.0066322314
    0.0106546881
    0.0159049669
    0.0206232902
    0.0255482019
    0.0323727758
    0.0246510751
    0.0003250793
   -0.0344965423
   -0.0551215282
   -0.0440506912
   -0.0275801651
    0.0049607001
    0.0084258459
    0.0142419788
    0.0233361824
    0.0262148688
    0.0335443721
    0.0387294618
    0.0180006247
   -0.0236203891
   -0.0733781739
   -0.0765221366
   -0.0454737918
   -0.0250550053
    0.0059652056
    0.0109668238
    0.0283780243
    0.0311278828
    0.0377024527
    0.0348620322
    0.0084188559
   -0.0779427095
   -0.0386339943
   -0.0205267408
    0.0037386980
    0.0070596268
    0.0172095604
    0.0228130853
    0.0339604046
    0.0350188430
   -0.0609914361
   -0.0288692785
    0.0038638209
    0.0081628126
    0.0385348244
    0.0199883751
    0.0181347408
    0.0359471383
   -0.0862026273
   -0.0397913640
   -0.0202669608
    0.0016269244
    0.0034578954
    0.0088181801
    0.0363471801
    0.0238721402
    0.0112606806
    0.0335614364
   -0.0500223912
   -0.0247529952
    0.0007775488
    0.0021247763
    0.0061677185
    0.0110709908
    0.0099651295
    0.0304515379
   -0.0314194533
   -0.0480267884
   -0.0269727633
   -0.0155860464
   -0.0006795799
   -0.0002869311
    0.0012243370
    0.0044585912
    0.0170228820
   -0.0243986767
   -0.0233612589
   -0.0155138963
   -0.0026207437
   -0.0030291300
   -0.0015219040
    0.0058918204
    0.0340016682
    0.0035476034
   -0.0129890853
   -0.0126839764
   -0.0045396914
   -0.0047754786
   -0.0013133229
    0.0094124090
    0.0355815833
    0.0264273574
   -0.0010438896
   -0.0072215712
   -0.0047985337
    0.0006005852
    0.0102919154
    0.0189535852
    0.0086549796
   -0.0008596805
   -0.0043089393
   -0.0034147879
    0.0025124270
    0.0091928680
    0.0166361220
    0.0340288141
    0.0161326342
    0.0046241226
   -0.0006645128
   -0.0015018561
    0.0038288107
    0.0091249150
    0.0153470750
    0.0158218749
    0.0082203992
    0.0025729218
    0.0002540040
    0.0047130833
    0.0089362773
    0.0114588953
    0.0091032221
    0.0047568548
    0.0015576410
    0.0050479059
    0.0076579535
    0.0078647037
    0.0055881539
    0.0047356945
    0.0059063083
    0.0052670959
    0.0099077694
    0.0109558849
    0.0107209699
    0.0078230297
    0.0102824119
    0.0123002893
    0.0131649567
    0.0122462242
   -0.0079146516
   -0.0138441921
   -0.0150173294
    0.0071483287
    0.0099555666
    0.0127773665
    0.0147831818
    0.0156838160
    0.0133235280
    0.0054259014
   -0.0065788042
   -0.0176334370
   -0.0216436321
   -0.0189785581
    0.0061613996
    0.0090540727
    0.0123099579
    0.0149536817
    0.0175479096
    0.0185285716
    0.0125835691
   -0.0016756824
   -0.0200150285
   -0.0311900769
   -0.0288803373
   -0.0211180364
    0.0077214272
    0.0113385408
    0.0143480922
    0.0169895963
    0.0212453476
    0.0203833967
    0.0076157395
   -0.0167703498
   -0.0423286162
   -0.0454035454
   -0.0326284901
   -0.0208334701
    0.0060833667
    0.0097547324
    0.0145697475
    0.0174222994
    0.0202071652
    0.0244201542
    0.0185609086
   -0.0041047541
   -0.0457118325
   -0.0693923708
   -0.0528182818
   -0.0313485036
   -0.0185714439
    0.0074472401
    0.0131690517
    0.0255212297
    0.0221457925
    0.0220314902
    0.0243231919
    0.0130321704
   -0.0260891930
   -0.0774290757
   -0.0838522020
   -0.0488342048
   -0.0264019133
    0.0050155108
    0.0093009292
    0.0232809413
    0.0435456593
    0.0197499160
    0.0210591254
    0.0224266038
    0.0092962067
   -0.0483955546
   -0.0761388629
   -0.0377295601
   -0.0203893294
    0.0055520679
    0.0121939284
    0.0363722397
    0.0258283494
    0.0158263080
    0.0217048382
    0.0267431420
    0.0156807862
   -0.0984400477
   -0.0522850394
   -0.0264413453
    0.0028133971
    0.0057244626
    0.0137657638
    0.0217401629
    0.0139448470
    0.0190472100
    0.0308429361
    0.0224711191
   -0.0782962395
   -0.0626453986
   -0.0320876314
   -0.0179258837
    0.0022143917
    0.0048912928
    0.0095676444
    0.0107886921
    0.0154616994
    0.0433604636
    0.0046291155
   -0.0492093899
   -0.0333207454
   -0.0197072901
    0.0010493045
    0.0028039815
    0.0052732736
    0.0099112228
    0.0291624358
   -0.0112802444
   -0.0251515734
   -0.0187103892
   -0.0005016350
    0.0007378596
    0.0041657023
    0.0135188934
    0.0289028651
   -0.0100347032
   -0.0137979977
   -0.0018617991
   -0.0000974094
    0.0051684066
    0.0160204657
    0.0337342692
    0.0026872915
   -0.0062865376
   -0.0081662634
    0.0003439273
    0.0062850713
    0.0129615137
    0.0202836530
    0.0286042954
    0.0103483293
    0.0008118727
   -0.0039249402
    0.0013624378
    0.0064475951
    0.0104106375
    0.0150910383
    0.0136494195
    0.0059129621
    0.0003079462
    0.0023219822
    0.0063379987
    0.0097079086
    0.0116987118
    0.0085069414
    0.0035728645
   -0.0000108673
    0.0030311493
    0.0062504342
    0.0085994997
    0.0083879060
    0.0053715615
    0.0020688213
    0.0034420867
    0.0057911362
    0.0067941385
    0.0056751400
    0.0048988672
    0.0049713358
    0.0090332948
    0.0079459410
    0.0096570853
    0.0106898415
    0.0105057932
   -0.0110380826
   -0.0141151895
    0.0075404751
    0.0097099681
    0.0114460261
    0.0123866734
    0.0115014842
   -0.0018043068
   -0.0120184773
   -0.0186667951
   -0.0190331498
    0.0067692798
    0.0092453275
    0.0114682823
    0.0131731903
    0.0141004887
    0.0116160784
    0.0031527551
   -0.0105136339
   -0.0233441027
   -0.0270171806
   -0.0225756561
    0.0083266414
    0.0110983115
    0.0130728733
    0.0149976398
    0.0153733841
    0.0096299458
   -0.0048401067
   -0.0252726142
   -0.0374644235
   -0.0333131791
   -0.0235412127
    0.0069541763
    0.0102863936
    0.0133336049
    0.0147805981
    0.0165795085
    0.0150696928
    0.0043185134
   -0.0195179464
   -0.0467991877
   -0.0492826215
   -0.0346421344
   -0.0218365896
    0.0053055701
    0.0085399916
    0.0133486766
    0.0163468279
    0.0159408073
    0.0168679009
    0.0126021081
   -0.0050243537
   -0.0434140192
   -0.0677723799
   -0.0514048623
   -0.0308170610
    0.0061973724
    0.0107917027
    0.0178983281
    0.0168936458
    0.0156544394
    0.0159767626
    0.0091404581
   -0.0189200870
   -0.0697174944
   -0.0722072460
   -0.0430357783
   -0.0244578327
    0.0039860927
    0.0071162447
    0.0133115036
    0.0178304227
    0.0144652705
    0.0154111310
    0.0151923721
    0.0076907164
   -0.0330042572
   -0.0772222951
   -0.0559417305
   -0.0312140785
   -0.0181878305
    0.0040706611
    0.0076042265
    0.0127481126
    0.0131613792
    0.0137665536
    0.0169870490
    0.0182322526
    0.0229552117
   -0.0357539832
   -0.0564519354
   -0.0361104443
   -0.0213203690
    0.0037284246
    0.0067681598
    0.0094305610
    0.0112484019
    0.0168464318
    0.0224132852
   -0.0280151804
   -0.0332785349
   -0.0224703760
    0.0028159044
    0.0049676950
    0.0075451919
    0.0128323234
    0.0240358686
   -0.0189640156
   -0.0194992704
   -0.0142434495
    0.0016256589
    0.0036920028
    0.0077645920
    0.0156223468
    0.0255278520
    0.0005357632
   -0.0120216104
   -0.0119369680
    0.0035070376
    0.0086483202
    0.0146806257
    0.0223382041
    0.0131088889
   -0.0031739351
   -0.0076321543
    0.0039461736
    0.0085227032
    0.0114718571
    0.0154225829
    0.0121291388
    0.0032816751
   -0.0026218443
    0.0043284304
    0.0076617808
    0.0097682870
    0.0102052792
    0.0066127314
    0.0015960627
   -0.0019653022
    0.0044632767
    0.0070219057
    0.0085079836
    0.0076464040
    0.0042981051
    0.0007466077
    0.0044582960
    0.0063941070
    0.0069606849
    0.0053998464
    0.0026517113
    0.0042747533
    0.0054632400
    0.0052190511
    0.0035905131
    0.0038426731
    0.0043335029
    0.0086032244
    0.0074789123
    0.0089544055
    0.0098253411
    0.0095614021
   -0.0066657189
   -0.0138900949
   -0.0168960686
    0.0069859862
    0.0088557472
    0.0102580741
    0.0109304776
    0.0098607513
   -0.0037679857
   -0.0146399012
   -0.0215738207
   -0.0213740080
    0.0083496374
    0.0102465553
    0.0114466334
    0.0117286742
    0.0091159759
    0.0011704381
   -0.0122614890
   -0.0253388119
   -0.0288089564
   -0.0237638363
    0.0073749330
    0.0098986036
    0.0115796570
    0.0123645952
    0.0117736255
    0.0067258165
   -0.0058335643
   -0.0247201311
   -0.0365384482
   -0.0326908250
   -0.0232925886
    0.0059702844
    0.0088296046
    0.0115910641
    0.0124962723
    0.0126285556
    0.0107178437
    0.0025187912
   -0.0162862511
   -0.0392814311
   -0.0429210437
   -0.0314390123
   -0.0205063802
    0.0069499280
    0.0104230955
    0.0126000606
    0.0124690089
    0.0121987518
    0.0087976378
   -0.0029746635
   -0.0287190280
   -0.0483765838
   -0.0403538546
   -0.0263517171
    0.0048451809
    0.0078360551
    0.0111902370
    0.0119586396
    0.0120004890
    0.0115362701
    0.0069003783
   -0.0070486183
   -0.0362822319
   -0.0444919718
   -0.0317387164
   -0.0202113978
    0.0050645369
    0.0080237745
    0.0102213904
    0.0109286081
    0.0120407719
    0.0108725337
    0.0109475437
   -0.0020551386
   -0.0328264889
   -0.0327680931
   -0.0226698611
    0.0048199027
    0.0071507503
    0.0088667931
    0.0109610596
    0.0124645087
    0.0145633193
    0.0030348229
   -0.0240026596
   -0.0219737138
   -0.0156661727
    0.0040776670
    0.0060214227
    0.0085040724
    0.0118184957
    0.0128950678
   -0.0043209877
   -0.0162625685
   -0.0145120763
    0.0032509825
    0.0055009812
    0.0089231028
    0.0118464647
    0.0174333670
    0.0212142572
   -0.0066195863
   -0.0108611113
    0.0055746447
    0.0089754753
    0.0107939425
    0.0199789432
    0.0236183554
    0.0024727238
   -0.0055247716
    0.0056937664
    0.0082358598
    0.0098926827
    0.0119582979
    0.0065997893
   -0.0004032668
   -0.0041077916
    0.0029539472
    0.0055365480
    0.0074105022
    0.0083591116
    0.0070978457
    0.0030408164
   -0.0008950768
    0.0031210277
    0.0052225560
    0.0066058173
    0.0066645937
    0.0046904116
    0.0015833812
    0.0031899099
    0.0048255172
    0.0056322516
    0.0050199172
    0.0030447316
    0.0042806086
    0.0045056384
    0.0035625643
    0.0080395957
    0.0086629281
   -0.0077765859
   -0.0149873646
   -0.0178783373
    0.0078564020
    0.0089623970
    0.0092362931
   -0.0045482613
   -0.0147141288
   -0.0213503547
   -0.0211775405
    0.0072620250
    0.0088735248
    0.0096540630
    0.0093702845
    0.0001793105
   -0.0111670413
   -0.0226341376
   -0.0261704570
   -0.0221156464
    0.0062195053
    0.0082833490
    0.0096420753
    0.0099110507
    0.0089058090
    0.0048251785
   -0.0046186071
   -0.0189819979
   -0.0289864301
   -0.0274009733
   -0.0205641068
    0.0070195703
    0.0090327357
    0.0098439557
    0.0096874070
    0.0079310700
    0.0022542967
   -0.0098342319
   -0.0253769900
   -0.0305271023
   -0.0247902051
    0.0075300247
    0.0090911197
    0.0095328451
    0.0092484848
    0.0068124584
    0.0004948724
   -0.0130401683
   -0.0268058808
   -0.0268295525
   -0.0201199195
    0.0054919737
    0.0074209327
    0.0085757029
    0.0092207075
    0.0088435785
    0.0068174633
    0.0035614183
   -0.0125340042
   -0.0231115335
   -0.0208338027
    0.0052415612
    0.0068300712
    0.0081477370
    0.0091715328
    0.0088310544
    0.0138396299
    0.0117106204
   -0.0110843328
   -0.0176246802
   -0.0152167591
    0.0081118672
    0.0091308397
    0.0118080804
    0.0303632536
    0.0080573457
   -0.0097640275
   -0.0127414397
    0.0061567166
    0.0081272906
    0.0092568024
    0.0183803739
    0.0218237678
    0.0004160611
   -0.0079192243
    0.0061412600
    0.0078351760
    0.0098128757
    0.0151658202
    0.0073308973
   -0.0022440973
   -0.0060300496
    0.0039810893
    0.0059653061
    0.0073669610
    0.0088873432
    0.0079280091
    0.0021003569
   -0.0025480442
    0.0039552821
    0.0056016729
    0.0066568510
    0.0066741620
    0.0041661255
    0.0004103888
    0.0038404280
    0.0051139959
    0.0056093085
    0.0046893756
    0.0023123520
    0.0036273191
    0.0044888424
    0.0044307502
    0.0031905999
    0.0037467013
    0.0033148382
   -0.0074848875
   -0.0139857328
   -0.0167576547
    0.0075543920
   -0.0040602873
   -0.0124205708
   -0.0182364136
   -0.0186195869
    0.0072894352
    0.0078289627
    0.0052212046
    0.0001823652
   -0.0081696841
   -0.0169606968
   -0.0205827168
   -0.0184224155
    0.0075645839
    0.0077552298
    0.0068530835
    0.0038865746
   -0.0023374878
   -0.0117671004
   -0.0194579564
   -0.0202063159
    0.0067204186
    0.0074699361
    0.0074544364
    0.0062089199
    0.0028090226
   -0.0038361044
   -0.0134883190
   -0.0189899919
   -0.0176610439
    0.0071426704
    0.0058400907
    0.0032795027
   -0.0034175545
   -0.0130497051
   -0.0163244149
    0.0069748496
    0.0069852016
    0.0066939387
    0.0063032395
   -0.0027740341
   -0.0114164512
    0.0068721483
    0.0072619627
    0.0095984531
    0.0075953386
   -0.0035482571
   -0.0093894093
    0.0058788216
    0.0068111451
    0.0081912915
    0.0107212060
    0.0040623419
   -0.0042093444
    0.0057484186
    0.0067552926
    0.0083633592
    0.0071862270
    0.0007095060
   -0.0040411074
    0.0043231992
    0.0055065598
    0.0064119086
    0.0065869569
    0.0035502313
   -0.0007889008
    0.0041518918
    0.0051038733
    0.0054746167
    0.0043608424
    0.0015194677
    0.0038816308
    0.0044923413
    0.0042314754
    0.0027067560
    0.0035025988
    0.0037252962
    0.0030698096
   -0.0028231246
   -0.0090268288
   -0.0137710883
    0.0006871504
   -0.0048799788
   -0.0110929002
   -0.0145397326
    0.0034385558
   -0.0002941697
   -0.0061025266
   -0.0117528620
    0.0050109370
    0.0031893103
   -0.0003637699
   -0.0063615137
   -0.0110955227
    0.0055155440
    0.0049657054
    0.0037973160
    0.0000337547
   -0.0061679931
    0.0054326337
    0.0054159642
    0.0045583664
   -0.0003452530
   -0.0058039681
    0.0050883211
    0.0054924101
    0.0058429789
    0.0038489796
   -0.0013611031
    0.0049523527
    0.0054509798
    0.0051591244
    0.0020331912
   -0.0020601976
    0.0040903097
    0.0047079224
    0.0048766395
    0.0035623890
    0.0005266197
    0.0038469149
    0.0042289729
    0.0038073589
    0.0020614897
    0.0035210039
    0.0026811923
    0.0011527477
   -0.0024112100
    0.0030408594
    0.0008056863
   -0.0028127903
    0.0040039552
    0.0029605436
    0.0007959831
   -0.0029649339
    0.0039340979
    0.0030650083
    0.0006425835
   -0.0031172555
    0.0040759000
    0.0039151879
    0.0028716999
    0.0000459023
    0.0039236391
    0.0036459885
    0.0021106331
    0.0036102569
    0.0029605783
    0.0011350732
    0.0030631226
