    0.0042480943
   -0.0008605546
    0.0042385352
    0.0071960528
   -0.0053480896
   -0.0018878013
    0.0036341660
    0.0079744125
    0.0090943424
   -0.0023874917
    0.0026382420
    0.0078786520
    0.0102629959
    0.0097854606
   -0.0023063924
    0.0017637320
    0.0069555467
    0.0105103079
    0.0109423070
    0.0012342252
    0.0057952667
    0.0098040309
    0.0113768445
    0.0107237828
    0.0047505108
    0.0086674359
    0.0110325596
    0.0112520711
    0.0074546839
    0.0102079881
    0.0112306403
   -0.0093129658
   -0.0071430887
   -0.0019272155
    0.0030218423
    0.0054902174
   -0.0030796530
   -0.0096109340
   -0.0091081179
   -0.0039886240
    0.0027641091
    0.0067715514
    0.0075094247
   -0.0029545421
   -0.0040664753
   -0.0060702235
   -0.0086852771
   -0.0097928464
   -0.0060536057
    0.0017725077
    0.0081687956
    0.0096304293
    0.0086470065
   -0.0030344254
   -0.0038028891
   -0.0052179897
   -0.0089170941
   -0.0070995540
    0.0001007779
    0.0086407104
    0.0121452866
    0.0108638957
   -0.0032883690
   -0.0037658214
   -0.0047788856
   -0.0060799676
   -0.0072685816
   -0.0066233494
   -0.0012792060
    0.0074181218
    0.0136198831
    0.0133247279
    0.0108706822
   -0.0039446019
   -0.0046317051
   -0.0054691441
   -0.0059038996
   -0.0052798657
   -0.0016552833
    0.0055929764
    0.0127241361
    0.0148588614
    0.0127587907
   -0.0047718760
   -0.0052790489
   -0.0052187555
   -0.0041089861
   -0.0013192196
    0.0042066860
    0.0107008329
    0.0144982300
    0.0140143353
    0.0118195262
   -0.0052594317
   -0.0054815743
   -0.0051282489
   -0.0036114466
   -0.0009300178
    0.0032989310
    0.0087921539
    0.0130655031
    0.0142052684
    0.0128914019
   -0.0038217845
    0.0026798100
    0.0071553115
    0.0114230581
    0.0136094088
    0.0133845537
    0.0020230139
    0.0058586491
    0.0097662814
    0.0125683125
    0.0133099225
    0.0082577783
    0.0127364713
   -0.0114694410
   -0.0097465247
   -0.0042326123
    0.0013144569
    0.0044065316
   -0.0017863492
   -0.0024612987
   -0.0045048206
   -0.0124336398
   -0.0132204824
   -0.0077556726
    0.0002208447
    0.0052945847
    0.0067507045
   -0.0019488752
   -0.0022361731
   -0.0035697947
   -0.0066293626
   -0.0114905477
   -0.0152143407
   -0.0118859133
   -0.0018977572
    0.0065944780
    0.0089815961
    0.0083546419
   -0.0022965311
   -0.0023568287
   -0.0032022192
   -0.0052938416
   -0.0092971008
   -0.0144416067
   -0.0147903652
   -0.0052091354
    0.0076148170
    0.0128053257
    0.0111289374
    0.0090847146
   -0.0026367553
   -0.0031938197
   -0.0046823926
   -0.0073514511
   -0.0115727665
   -0.0144725308
   -0.0082274311
    0.0063254243
    0.0176462582
    0.0156004190
    0.0115921829
   -0.0031141184
   -0.0032786695
   -0.0044649164
   -0.0063787841
   -0.0088263289
   -0.0113811833
   -0.0087323916
    0.0033214883
    0.0181378032
    0.0211040627
    0.0149286017
    0.0111950695
   -0.0036674392
   -0.0043352700
   -0.0059347228
   -0.0073888391
   -0.0081409860
   -0.0067793058
    0.0014631047
    0.0138380378
    0.0221425196
    0.0182510485
    0.0134798613
   -0.0045064360
   -0.0046494442
   -0.0057156141
   -0.0067702035
   -0.0063619360
   -0.0044155949
    0.0009746344
    0.0104160135
    0.0182225676
    0.0192312280
    0.0155099811
    0.0122467917
   -0.0055795300
   -0.0060711187
   -0.0066528530
   -0.0057814596
   -0.0030560786
    0.0010816267
    0.0079057488
    0.0148909432
    0.0178994090
    0.0165955489
    0.0138018783
   -0.0070254837
   -0.0072472303
   -0.0060952541
   -0.0028985311
    0.0012139477
    0.0060962406
    0.0120895354
    0.0162074587
    0.0167245098
    0.0149261873
    0.0124132745
   -0.0082922646
   -0.0072345157
   -0.0038918067
    0.0007193250
    0.0051104069
    0.0097522970
    0.0142445589
    0.0162088272
    0.0154962680
    0.0134262043
   -0.0086160476
   -0.0057427797
   -0.0008463714
    0.0040841294
    0.0082238804
    0.0122202892
    0.0150623866
    0.0154573566
    0.0140369634
   -0.0076426782
   -0.0032365379
    0.0022088838
    0.0068131038
    0.0104847814
    0.0134730352
    0.0147667776
   -0.0004312106
    0.0047565520
    0.0087306041
   -0.0122168655
   -0.0109724589
   -0.0057755271
   -0.0002170798
   -0.0011204030
   -0.0016497662
   -0.0040044245
   -0.0085529539
   -0.0139469597
   -0.0158001397
   -0.0106558298
   -0.0024036507
    0.0033362594
    0.0056002377
   -0.0012267917
   -0.0011351220
   -0.0024947082
   -0.0065008722
   -0.0133744279
   -0.0196656002
   -0.0173984491
   -0.0064073669
    0.0033471349
    0.0071574234
    0.0075097359
   -0.0016341417
   -0.0012876993
   -0.0017915585
   -0.0043931603
   -0.0105569234
   -0.0200022062
   -0.0240127542
   -0.0129543186
    0.0030070142
    0.0102847053
    0.0100698903
    0.0086540236
   -0.0021977245
   -0.0017434853
   -0.0019951850
   -0.0034460887
   -0.0074598603
   -0.0161622587
   -0.0260103103
   -0.0206351346
    0.0006715567
    0.0173587911
    0.0153461869
    0.0113768024
    0.0090836981
   -0.0022950199
   -0.0022933695
   -0.0035554397
   -0.0060398443
   -0.0113628433
   -0.0212615623
   -0.0240042969
   -0.0047030050
    0.0249545212
    0.0290193752
    0.0160476107
    0.0114598844
   -0.0030903493
   -0.0025213255
   -0.0034161588
   -0.0058537489
   -0.0091161504
   -0.0142256457
   -0.0196598223
   -0.0082129990
    0.0185614878
    0.0484808074
    0.0248863964
    0.0146697602
    0.0109958965
   -0.0033789557
   -0.0030807424
   -0.0053167570
   -0.0085770503
   -0.0104417076
   -0.0121549083
   -0.0069751144
    0.0116665322
    0.0349275959
    0.0340854875
    0.0185431134
    0.0133201924
   -0.0047283828
   -0.0040508850
   -0.0047613350
   -0.0077656471
   -0.0092932977
   -0.0074426540
   -0.0037367039
    0.0084621975
    0.0217126179
    0.0284932711
    0.0213280920
    0.0157244225
    0.0121421354
   -0.0058509898
   -0.0058518679
   -0.0074212464
   -0.0084890275
   -0.0058096235
   -0.0012354013
    0.0056455637
    0.0163946238
    0.0221668456
    0.0213531036
    0.0176726218
    0.0140227296
   -0.0077737108
   -0.0085785565
   -0.0087918221
   -0.0057386715
   -0.0002430818
    0.0046523687
    0.0113754246
    0.0187339927
    0.0207003878
    0.0189024340
    0.0157271310
   -0.0101966938
   -0.0104347946
   -0.0074135468
   -0.0011213389
    0.0046105729
    0.0089165055
    0.0149198189
    0.0194876463
    0.0194857217
    0.0170334500
    0.0138635997
   -0.0119685052
   -0.0100983770
   -0.0040172262
    0.0032828576
    0.0083207650
    0.0124745702
    0.0172623962
    0.0191512408
    0.0177405440
    0.0149433430
   -0.0120594398
   -0.0076659483
   -0.0000218029
    0.0068656782
    0.0112231181
    0.0150374181
    0.0177917038
    0.0176488332
   -0.0102873960
   -0.0041044357
    0.0035876208
    0.0093562950
    0.0130459287
    0.0158137289
   -0.0072721796
   -0.0005216687
    0.0061348825
    0.0106334323
    0.0135224658
    0.0022718200
    0.0074911081
   -0.0114069672
   -0.0104913605
   -0.0006663924
   -0.0010737314
   -0.0035073079
   -0.0135837606
   -0.0156943676
   -0.0113832992
   -0.0039162830
    0.0017617788
   -0.0005831484
   -0.0000497857
   -0.0013437571
   -0.0059293381
   -0.0136065440
   -0.0208204579
   -0.0195644522
   -0.0093087069
    0.0004198877
    0.0051751582
    0.0064315494
   -0.0009607501
    0.0000716586
    0.0003332817
   -0.0027925636
   -0.0106428619
   -0.0228624943
   -0.0297669719
   -0.0191463821
   -0.0025894506
    0.0062358525
    0.0082581954
    0.0078493069
   -0.0015894986
   -0.0005743435
    0.0003511980
   -0.0005252899
   -0.0060881744
   -0.0191453137
   -0.0365091251
   -0.0342917065
   -0.0090312690
    0.0089464141
    0.0117051040
    0.0102442004
    0.0086079565
   -0.0023361897
   -0.0013836830
   -0.0007350834
   -0.0007784892
   -0.0032070672
   -0.0117858208
   -0.0326718412
   -0.0470327019
   -0.0212423112
    0.0160216891
    0.0236235781
    0.0145145036
    0.0110129839
   -0.0022825774
   -0.0013333282
   -0.0019934192
   -0.0034449097
   -0.0075634161
   -0.0205625018
   -0.0439312163
   -0.0331326359
    0.0157857808
    0.0275568342
    0.0145924489
    0.0109723595
   -0.0033770363
   -0.0020429971
   -0.0011022040
   -0.0038646878
   -0.0080762425
   -0.0130032718
   -0.0276887250
   -0.0314951200
    0.0071076240
    0.0207827306
    0.0137484071
    0.0105148109
   -0.0035869052
   -0.0011543753
   -0.0008948794
   -0.0078559859
   -0.0138140715
   -0.0146222444
   -0.0190681379
    0.0059973356
    0.0406954219
    0.0318714540
    0.0170960194
    0.0127470960
   -0.0052282684
   -0.0038413779
   -0.0007907098
   -0.0051110131
   -0.0130290015
   -0.0122143721
   -0.0075982235
    0.0039651807
    0.0292706579
    0.0421053042
    0.0347958022
    0.0203631924
    0.0152812442
    0.0116556735
   -0.0064399783
   -0.0052096929
   -0.0053412053
   -0.0103560713
   -0.0108847212
   -0.0031843532
    0.0030049816
    0.0171815401
    0.0290313568
    0.0279048603
    0.0224802951
    0.0178697939
    0.0136836181
   -0.0085899276
   -0.0092022543
   -0.0111175139
   -0.0099269712
   -0.0021746904
    0.0046919028
    0.0084155601
    0.0194515077
    0.0259824180
    0.0239659084
    0.0202283338
    0.0157944630
   -0.0119148470
   -0.0139267583
   -0.0127979479
   -0.0044906273
    0.0050763223
    0.0088094438
    0.0123618238
    0.0221104259
    0.0248532812
    0.0220675853
    0.0177499564
   -0.0153884785
   -0.0162285426
   -0.0101381664
    0.0014981342
    0.0097556642
    0.0124912922
    0.0179739073
    0.0236764451
    0.0229398086
    0.0192136177
    0.0151192560
   -0.0172831611
   -0.0149425760
   -0.0051220949
    0.0066890782
    0.0132197269
    0.0164422011
    0.0210683266
    0.0223960523
    0.0198612693
   -0.0165457939
   -0.0108275914
    0.0003338859
    0.0104086846
    0.0151259581
    0.0183767021
    0.0205041661
    0.0194791718
   -0.0157165136
   -0.0134185472
   -0.0056658422
    0.0045910669
    0.0118458600
    0.0154947813
    0.0178032535
   -0.0091246972
   -0.0011587516
    0.0068360157
    0.0118726670
    0.0146790810
    0.0018857232
    0.0076523277
   -0.0010463619
   -0.0117654704
   -0.0134186875
   -0.0101006312
   -0.0041032921
    0.0008526887
   -0.0003195165
    0.0003193792
   -0.0009353383
   -0.0053728925
   -0.0122961583
   -0.0184298285
   -0.0176216715
   -0.0094517851
   -0.0010286605
    0.0037159795
   -0.0005116539
    0.0010082661
    0.0017961410
   -0.0016751243
   -0.0098698205
   -0.0215212882
   -0.0282097835
   -0.0197708650
   -0.0053533435
    0.0035051031
    0.0066036942
   -0.0010872042
    0.0005898200
    0.0033248949
    0.0030717945
   -0.0044475457
   -0.0191466667
   -0.0382136061
   -0.0384861921
   -0.0150521433
    0.0022872541
    0.0082586765
    0.0088332871
   -0.0018479366
   -0.0004234885
    0.0020802848
    0.0063185207
    0.0018306958
   -0.0104185170
   -0.0382540895
   -0.0619132859
   -0.0363147129
   -0.0002792878
    0.0115355600
    0.0117384145
    0.0100850283
   -0.0015171036
    0.0001766169
    0.0031881668
    0.0053997863
   -0.0015787635
   -0.0233237858
   -0.0650130991
   -0.0659990829
   -0.0059026731
    0.0308652365
    0.0185961422
    0.0132640755
    0.0104845981
   -0.0026932302
   -0.0009655834
    0.0005462643
    0.0024122306
    0.0003563564
   -0.0065707281
   -0.0461761636
   -0.0155126073
    0.0190714587
    0.0133626217
    0.0103290586
   -0.0038790087
   -0.0024800721
    0.0013864868
    0.0051404008
    0.0001046302
   -0.0089862500
   -0.0170713828
   -0.0472746005
   -0.0035932118
    0.0434217307
    0.0172387109
    0.0127984128
   -0.0043486176
   -0.0011359613
    0.0142343646
    0.0075560277
   -0.0144146774
   -0.0164756632
   -0.0222869715
   -0.0020218907
    0.0229318770
    0.0158356444
    0.0119268035
   -0.0058218599
   -0.0048894131
    0.0029978439
    0.0199379738
   -0.0088156185
   -0.0241008626
   -0.0088769350
   -0.0012013288
    0.0570962785
    0.0702935754
    0.0299836012
    0.0193868861
    0.0144299241
   -0.0072780897
   -0.0060751091
    0.0013380588
   -0.0045854642
   -0.0166136569
   -0.0082144026
    0.0049857497
    0.0156952455
    0.0464287095
    0.0451494158
    0.0329551281
    0.0235564940
    0.0173654484
    0.0128757448
   -0.0096389165
   -0.0101055870
   -0.0115573697
   -0.0145366800
   -0.0053146844
    0.0086938305
    0.0089844729
    0.0115220012
    0.0330178902
    0.0332849230
    0.0277041734
    0.0206350817
    0.0151131292
   -0.0133948815
   -0.0172483023
   -0.0204249154
   -0.0116756032
    0.0068642342
    0.0143599401
    0.0080073750
    0.0180498290
    0.0325264785
    0.0300936108
    0.0236710566
    0.0174416891
   -0.0181345485
   -0.0234187184
   -0.0216504987
   -0.0043367824
    0.0133294746
    0.0173900339
    0.0158576374
    0.0279090772
    0.0308055309
    0.0256364579
    0.0194934032
   -0.0220857670
   -0.0251457746
   -0.0165124020
    0.0034776129
    0.0196707324
    0.0204122727
    0.0241048244
    0.0289473551
    0.0261825481
    0.0208283332
   -0.0189547729
   -0.0232648131
   -0.0215856354
   -0.0082552804
    0.0108040012
    0.0206035797
    0.0219048436
    0.0252417535
    0.0249816720
    0.0211450346
   -0.0195968608
   -0.0209245211
   -0.0147395529
   -0.0004921723
    0.0133868431
    0.0185094129
    0.0210478390
    0.0221847261
   -0.0180629439
   -0.0160744142
   -0.0076695900
    0.0042223282
    0.0127134790
    0.0165600049
    0.0185210719
   -0.0105815769
   -0.0023562644
    0.0061664910
    0.0116531533
    0.0145620722
    0.0009179696
    0.0068027271
   -0.0001376181
   -0.0013523787
   -0.0049727836
   -0.0101906689
   -0.0143721168
   -0.0136274323
   -0.0078076650
   -0.0013435212
   -0.0004734088
    0.0008582038
    0.0013254425
   -0.0018395064
   -0.0087109041
   -0.0174174702
   -0.0218574491
   -0.0159893739
   -0.0053328386
    0.0021569092
    0.0052892574
   -0.0008566478
    0.0009829674
    0.0039497727
    0.0035502344
   -0.0039910566
   -0.0166501700
   -0.0309480236
   -0.0311479690
   -0.0143831734
    0.0000590982
    0.0062666707
    0.0075074286
   -0.0015123602
    0.0002232799
    0.0043150609
    0.0119661600
    0.0047382893
   -0.0094691078
   -0.0342335452
   -0.0546703271
   -0.0355975069
   -0.0058670841
    0.0070436581
    0.0097451855
    0.0089873938
   -0.0008927973
    0.0021304957
    0.0154895630
    0.0244918641
    0.0028732464
   -0.0226067479
   -0.0677588903
   -0.0775367059
   -0.0206729654
    0.0080666097
    0.0129385502
    0.0117725835
    0.0096912815
   -0.0021018963
    0.0001001172
    0.0060862015
    0.0178776067
    0.0030546506
   -0.0506703200
   -0.0489949164
    0.0196888940
    0.0242481954
    0.0158147033
    0.0124635875
    0.0098114982
   -0.0033127663
   -0.0016406410
    0.0022552046
    0.0181457505
    0.0366348347
    0.0165008071
    0.0010424048
    0.0304806505
    0.0161863889
    0.0123303671
   -0.0035167415
    0.0001813881
    0.0231641701
    0.0208527159
    0.0292295175
   -0.0253049726
    0.0236533900
    0.0155547171
    0.0117512345
   -0.0051628788
   -0.0033987821
    0.0155410975
    0.0119300943
    0.0198767305
    0.0145279570
   -0.0063359513
   -0.0016221813
   -0.0147326302
   -0.0101533441
    0.0076526590
    0.0284525624
    0.0181093752
    0.0132044492
   -0.0078805674
   -0.0082996647
   -0.0001475659
   -0.0079184301
   -0.0100657195
    0.0168551022
    0.0242819950
    0.0924236211
    0.0491498575
    0.0232611113
    0.0160312360
   -0.0104143584
   -0.0123841635
   -0.0122667577
   -0.0183638810
   -0.0064237316
    0.0263188798
    0.0294493117
    0.0119765021
    0.0371725238
    0.0536520646
    0.0515158349
    0.0303664826
    0.0194797407
    0.0138464688
   -0.0142641879
   -0.0200330099
   -0.0292102580
   -0.0280949248
    0.0110014253
    0.0321815362
    0.0259241412
    0.0081522048
    0.0417895766
    0.0450020774
    0.0347229962
    0.0232009331
    0.0161629985
   -0.0194520162
   -0.0292352004
   -0.0388975730
   -0.0232013329
    0.0163133886
    0.0427521699
    0.0239999409
    0.0298633601
    0.0442045143
    0.0361188637
    0.0261300389
    0.0184405195
   -0.0248123928
   -0.0353382863
   -0.0373085810
   -0.0113092712
    0.0317215710
    0.0468296297
    0.0294471462
    0.0382840967
    0.0361381119
    0.0276651783
    0.0202413736
   -0.0200013369
   -0.0281542227
   -0.0346074095
   -0.0262181374
    0.0030475786
    0.0387687182
    0.0311942603
    0.0311378607
    0.0327546055
    0.0275620974
    0.0211817900
   -0.0217704642
   -0.0276615762
   -0.0273838453
   -0.0128248615
    0.0118426183
    0.0249346129
    0.0250539137
    0.0270863542
    0.0254477604
   -0.0213706708
   -0.0233874177
   -0.0176949089
   -0.0029664570
    0.0121649579
    0.0184326216
    0.0211449761
    0.0217660403
   -0.0188088881
   -0.0171768663
   -0.0093302859
    0.0021446014
    0.0109535447
    0.0154312966
    0.0174605551
   -0.0036354576
    0.0043856339
    0.0100197798
    0.0000137894
   -0.0000856179
   -0.0025665294
   -0.0128848959
   -0.0151674688
   -0.0112859424
   -0.0041738623
    0.0014432066
    0.0004466773
    0.0020876347
    0.0011581248
   -0.0043982796
   -0.0131546212
   -0.0214912699
   -0.0209602857
   -0.0106411899
   -0.0003887362
    0.0048164658
    0.0062271384
    0.0001676744
    0.0033873108
    0.0073748811
    0.0021894583
   -0.0089901357
   -0.0252469568
   -0.0361259131
   -0.0248426851
   -0.0054459542
    0.0053216549
    0.0081017787
    0.0077882909
   -0.0006436352
    0.0026235669
    0.0147026391
    0.0205533869
    0.0011226694
   -0.0199278289
   -0.0514126391
   -0.0555961216
   -0.0191719307
    0.0049562557
    0.0111405995
    0.0103618444
    0.0086985380
   -0.0016992278
    0.0008313308
    0.0112843921
    0.0270940311
   -0.0005882772
   -0.0472915746
   -0.0554864859
    0.0025542165
    0.0184704266
    0.0144839029
    0.0113637779
   -0.0028260384
   -0.0009789035
    0.0042664278
    0.0261701712
   -0.0003618493
    0.0013528763
    0.0252092141
    0.0151173955
    0.0115120663
   -0.0028092122
    0.0007102567
    0.0234843008
    0.0218560551
    0.0147415734
    0.0111911588
   -0.0044625268
   -0.0025174905
    0.0115275828
    0.0191004234
    0.0140124522
   -0.0053498754
    0.0002654764
    0.0307949277
    0.0177198284
    0.0129970250
   -0.0071948203
   -0.0067118049
    0.0196984317
    0.0630919772
    0.0685204778
    0.0241208058
    0.0161247108
   -0.0096907172
   -0.0093843368
    0.0630037468
    0.0432205687
    0.0205073270
    0.0142092436
   -0.0104790847
   -0.0139889852
   -0.0181190310
   -0.0245988969
   -0.0154112024
    0.1052120667
    0.0679724303
    0.0269002927
    0.0172046687
   -0.0141056212
   -0.0211698746
   -0.0354422067
   -0.0550140680
    0.0004961470
    0.0792482424
    0.0558554252
    0.0332854735
    0.0206661836
   -0.0190324428
   -0.0310009625
   -0.0535147826
   -0.0620249785
    0.0050957980
    0.0503587076
    0.0794061513
    0.0552264391
    0.0364255710
    0.0239406676
   -0.0246822903
   -0.0402900097
   -0.0607936867
   -0.0496738356
    0.0172123938
    0.0607225231
    0.0527804324
    0.0541167823
    0.0380143465
    0.0262226105
   -0.0293903768
   -0.0439403156
   -0.0518015841
   -0.0244151390
    0.0392669571
    0.0431764287
    0.0368003071
    0.0271231319
   -0.0217971363
   -0.0310275814
   -0.0392985675
   -0.0331418815
   -0.0030730176
    0.0342978866
    0.0312885519
    0.0318605183
    0.0316964470
    0.0261973317
   -0.0225155530
   -0.0285621623
   -0.0290313370
   -0.0162626397
    0.0056646987
    0.0192747957
    0.0229300436
    0.0250009128
   -0.0210728166
   -0.0229853305
   -0.0182131019
   -0.0057211513
    0.0075338946
    0.0149917582
    0.0185696278
   -0.0164327587
   -0.0098757642
   -0.0002302554
    0.0079180984
    0.0128008963
   -0.0004030047
    0.0001300209
   -0.0009758208
   -0.0045987751
   -0.0098510084
   -0.0140592121
   -0.0131705882
   -0.0070485578
   -0.0003876827
    0.0035789996
   -0.0003832633
    0.0012448459
    0.0021340889
   -0.0010659240
   -0.0080725168
   -0.0169869451
   -0.0214881317
   -0.0151444165
   -0.0038527798
    0.0037524330
    0.0063625230
   -0.0008156913
    0.0014024269
    0.0057097614
    0.0060898358
   -0.0025572179
   -0.0156321010
   -0.0307254153
   -0.0306500430
   -0.0124356005
    0.0031940039
    0.0086772081
    0.0086496700
   -0.0015692976
    0.0005586535
    0.0066424091
    0.0256995973
    0.0103594964
   -0.0065411472
   -0.0332691229
   -0.0551620036
   -0.0339560577
   -0.0003013746
    0.0138356007
    0.0125070954
    0.0099646746
   -0.0024887714
   -0.0007568269
    0.0038425814
    0.0111364585
   -0.0156120763
   -0.0653004180
   -0.0736252206
   -0.0134929455
    0.0318834245
    0.0231424860
    0.0138679528
    0.0104127517
   -0.0022898110
    0.0010619519
    0.0215984895
    0.0328248915
   -0.0358203465
   -0.0294291932
    0.0219191211
    0.0136835367
    0.0103387356
   -0.0038029777
   -0.0017704578
    0.0091033140
    0.0182073364
    0.0130979598
   -0.0043892645
   -0.0000147170
    0.0269507276
    0.0166168624
    0.0123367704
   -0.0063116742
   -0.0054831112
    0.0123852652
    0.0217703869
    0.0154057402
   -0.0085487034
   -0.0073778511
    0.0837645803
    0.0411614883
    0.0197646665
    0.0139314493
   -0.0098416819
   -0.0127436937
   -0.0129999933
    0.0619994117
    0.0278998454
    0.0172570346
   -0.0137928073
   -0.0208517509
   -0.0351921158
   -0.0502707908
    0.1262407067
    0.0422221117
    0.0217248607
    0.0147118514
   -0.0199558980
   -0.0351922157
   -0.0722632349
    0.0828275426
    0.0490744722
    0.0269920437
    0.0174912429
   -0.0285655740
   -0.0546771400
   -0.0930016380
    0.1085965809
    0.0511326377
    0.0313381156
    0.0203763457
   -0.0223590355
   -0.0381262785
   -0.0699317541
   -0.0875150840
   -0.0371203439
    0.0712039612
    0.0873574046
    0.0546454336
    0.0340879061
    0.0228108973
   -0.0272376629
   -0.0447379795
   -0.0695250586
   -0.0690466100
   -0.0021161156
    0.0566614207
    0.0521117963
    0.0490824695
    0.0348098924
    0.0242878688
   -0.0302272517
   -0.0443975713
   -0.0534586682
   -0.0323282547
    0.0170197801
    0.0396339502
    0.0340946816
    0.0372341803
    0.0321287113
   -0.0298671197
   -0.0369362272
   -0.0323925059
   -0.0099831597
    0.0138587651
    0.0222847408
    0.0265065489
    0.0267073086
   -0.0261045036
   -0.0262474581
   -0.0164944944
   -0.0003569282
    0.0118117488
    0.0179562102
    0.0205683356
   -0.0203660008
   -0.0164638170
   -0.0069627043
    0.0035600443
    0.0108716139
    0.0148494895
   -0.0017199054
    0.0051861159
   -0.0003709263
   -0.0005477071
   -0.0026831195
   -0.0111833148
   -0.0127255127
   -0.0089798067
   -0.0025065698
    0.0025183072
   -0.0011858260
   -0.0000298184
    0.0011193960
    0.0001863917
   -0.0043176725
   -0.0113765308
   -0.0177344409
   -0.0165324997
   -0.0073463500
    0.0017782648
    0.0060837167
   -0.0016542090
   -0.0002711409
    0.0020514674
    0.0043727569
    0.0005208912
   -0.0080262871
   -0.0204510953
   -0.0275934234
   -0.0175735689
   -0.0009371500
    0.0083650665
    0.0094781124
    0.0082771618
   -0.0010043941
    0.0015900853
    0.0085091845
    0.0113227288
   -0.0005754123
   -0.0160119470
   -0.0381216326
   -0.0375205150
   -0.0093978467
    0.0129150951
    0.0153789519
    0.0115406680
    0.0090375712
   -0.0020712397
    0.0003409107
    0.0071825920
    0.0151639213
   -0.0017375548
   -0.0349775718
   -0.0612447963
   -0.0305307770
    0.0188864692
    0.0380072529
    0.0183712072
    0.0120891010
   -0.0032852397
   -0.0014406308
    0.0043462356
    0.0179808929
    0.0002220926
    0.0145609107
    0.0463723352
    0.0169732538
    0.0118610676
   -0.0035349562
    0.0003447950
   -0.0106815146
    0.0264957034
    0.0153344925
    0.0113567442
   -0.0053526847
   -0.0040284328
    0.0099364840
    0.0505963543
    0.0195979451
    0.0142267454
   -0.0070841837
   -0.0054634254
    0.0546629517
    0.0265641782
    0.0179205152
    0.0131234952
   -0.0087463479
   -0.0106871266
   -0.0099385481
    0.1010422783
    0.0238842359
    0.0163005506
   -0.0125225360
   -0.0184233289
   -0.0268706267
    0.0000024661
    0.1084731804
    0.0386569614
    0.0207790414
    0.0143679349
   -0.0125360921
   -0.0190805106
   -0.0342838638
   -0.0710147693
    0.0903758997
    0.0573478280
    0.0272761515
    0.0174780121
   -0.0173833023
   -0.0298141897
   -0.0634497896
    0.0601380857
    0.0342931906
    0.0211612229
   -0.0240641885
   -0.0450496078
   -0.0976035280
    0.0731732985
    0.0394911139
    0.0248506487
   -0.0319504555
   -0.0607881728
   -0.1002975153
    0.0120382024
    0.0997236138
    0.0782236491
    0.0435372132
    0.0277758322
   -0.0233612658
   -0.0388349637
   -0.0676898830
   -0.0960350705
   -0.0663523894
    0.0353845089
    0.0505936221
    0.0577364625
    0.0433207209
    0.0293285901
   -0.0266584299
   -0.0414991494
   -0.0606093380
   -0.0622990411
   -0.0196706182
    0.0240978359
    0.0306059271
    0.0378456013
    0.0368220920
    0.0286587771
   -0.0277328232
   -0.0382013106
   -0.0436002712
   -0.0293577517
   -0.0013534171
    0.0164602826
    0.0244762510
    0.0279577593
    0.0254966359
   -0.0259745297
   -0.0303888096
   -0.0264848501
   -0.0115711274
    0.0047135949
    0.0146912577
    0.0198409443
    0.0208344587
   -0.0219199014
   -0.0213851535
   -0.0142784539
   -0.0029264121
    0.0069172293
    0.0130471677
    0.0012452592
    0.0074966725
   -0.0010296048
   -0.0008722094
   -0.0018709328
   -0.0044803518
   -0.0105730766
   -0.0092859063
   -0.0010568148
   -0.0002495200
   -0.0002742519
   -0.0025294949
   -0.0071104627
   -0.0125784602
   -0.0145153967
   -0.0093144563
   -0.0008330354
    0.0049759293
    0.0067703960
   -0.0014233350
   -0.0001652121
    0.0010165799
    0.0001970254
   -0.0042934263
   -0.0120044051
   -0.0196977694
   -0.0176528981
   -0.0053568938
    0.0058382951
    0.0095425372
    0.0088482974
   -0.0020912747
   -0.0006377719
    0.0012347013
    0.0029921971
   -0.0002589703
   -0.0078135995
   -0.0210292535
   -0.0287076483
   -0.0150325619
    0.0055599868
    0.0152988458
    0.0129818045
    0.0099745024
   -0.0029633505
   -0.0016095105
    0.0007836245
    0.0043419682
    0.0058748913
   -0.0020634872
   -0.0143484594
   -0.0358106968
   -0.0311588986
    0.0006096361
    0.0279831454
    0.0228402660
    0.0140046573
    0.0102815146
   -0.0030164994
   -0.0004059977
    0.0070095931
    0.0221287916
    0.0083925175
   -0.0047188021
   -0.0269083782
   -0.0433627285
   -0.0083467014
    0.0377808637
    0.0577687275
    0.0217014904
    0.0135260373
   -0.0045038433
   -0.0029252146
    0.0061212119
    0.0024662913
   -0.0036275953
   -0.0352586161
   -0.0058064894
    0.0359927166
    0.0402854747
    0.0179408028
    0.0127740109
   -0.0055643192
   -0.0021778644
   -0.0031385212
    0.0074509378
    0.0662027643
    0.0230571038
    0.0160541156
    0.0119844784
   -0.0073935613
   -0.0078023010
    0.0023956290
    0.0300903883
    0.0203579338
    0.0569559191
    0.0285379610
    0.0199711958
    0.0148071937
   -0.0104678505
   -0.0132805449
   -0.0001509729
    0.0595145524
    0.0647420380
    0.0420266686
    0.0263313664
    0.0184967366
    0.0134464378
   -0.0112778288
   -0.0162845725
   -0.0265639658
   -0.0396681763
    0.0225389636
    0.0729389483
    0.0557254722
    0.0392568996
    0.0238826876
    0.0164333876
   -0.0160897798
   -0.0270060641
   -0.0554896736
    0.0833372569
    0.0509237564
    0.0314417532
    0.0202365351
   -0.0235051631
   -0.0452051611
   -0.1045924361
    0.0672954045
    0.0389507703
    0.0246738199
    0.0167655694
   -0.0338180841
   -0.0708510886
    0.0931246897
    0.0463603625
    0.0289561562
    0.0194612199
   -0.0252819770
   -0.0454689737
   -0.0902358100
    0.0721815660
    0.0808921201
    0.0517492958
    0.0323485967
    0.0218700521
   -0.0309514169
   -0.0537943644
   -0.0907491768
   -0.1048474717
   -0.0335731963
    0.0322214640
    0.0399129249
    0.0514477367
    0.0476598852
    0.0336713801
   -0.0345042276
   -0.0537231970
   -0.0717426340
   -0.0525161862
   -0.0040999975
    0.0198879450
    0.0316336177
    0.0366322816
    0.0314486282
   -0.0238557914
   -0.0341972274
   -0.0447412940
   -0.0430169045
   -0.0193175953
    0.0052457100
    0.0185651646
    0.0256655523
    0.0262571380
   -0.0235335949
   -0.0299111930
   -0.0316694313
   -0.0221455633
   -0.0050377114
    0.0087002857
    0.0167224924
    0.0200903037
   -0.0233181110
   -0.0198894545
   -0.0100667341
    0.0012399535
    0.0095539144
    0.0142497287
   -0.0034661973
    0.0039923778
   -0.0013738287
   -0.0017772469
   -0.0032456957
   -0.0012387767
   -0.0011056624
   -0.0021178758
   -0.0047086595
   -0.0083941248
   -0.0109926530
   -0.0091324621
   -0.0030098584
    0.0030703645
    0.0060893790
   -0.0014179405
   -0.0007741884
   -0.0010858748
   -0.0031535048
   -0.0073118854
   -0.0125477096
   -0.0140096009
   -0.0075167215
    0.0021373851
    0.0079885433
    0.0088348286
   -0.0019467538
   -0.0008367703
   -0.0006305123
   -0.0018958713
   -0.0053033877
   -0.0115474147
   -0.0179010865
   -0.0142976287
   -0.0008823981
    0.0104840932
    0.0127525476
    0.0105720839
   -0.0028229694
   -0.0013427693
   -0.0000409068
   -0.0011935138
   -0.0038143298
   -0.0090116062
   -0.0176049420
   -0.0212527729
   -0.0067525671
    0.0119219247
    0.0197396698
    0.0151220006
    0.0111494992
   -0.0038975457
   -0.0026323915
    0.0007860582
    0.0061132228
    0.0000224483
   -0.0089401389
   -0.0138366154
   -0.0226197028
   -0.0132938585
    0.0104068876
    0.0283477678
    0.0230367312
    0.0149216752
    0.0110395117
   -0.0044597928
   -0.0014333014
    0.0243588330
   -0.0041711425
   -0.0183003509
   -0.0156999392
   -0.0145289429
    0.0112886444
    0.0286759342
    0.0330239583
    0.0198985447
    0.0139924514
   -0.0060992039
   -0.0053243202
    0.0084884634
   -0.0248841735
   -0.0145339963
   -0.0064210589
    0.0149685986
    0.0325342500
    0.0331028393
    0.0243902295
    0.0174145037
    0.0131145997
   -0.0081805384
   -0.0069191045
   -0.0006844123
   -0.0148544529
    0.0068034265
    0.0124221934
    0.0352856452
    0.0351556837
    0.0269365202
    0.0209462929
    0.0161165137
   -0.0095777792
   -0.0122462797
   -0.0123631067
    0.0054650897
    0.0371994375
    0.0235885337
    0.0117447111
    0.0330817184
    0.0330230606
    0.0257945651
    0.0198693687
    0.0148016215
   -0.0136697349
   -0.0205749895
   -0.0329826017
   -0.0473980709
    0.0262633819
    0.0134723251
    0.0389146045
    0.0337864949
    0.0250873482
    0.0180862881
   -0.0205137212
   -0.0366723369
   -0.0762177049
    0.0446914476
    0.0443170965
    0.0319049118
    0.0221948734
    0.0157808422
   -0.0182736037
   -0.0312450200
   -0.0641581454
    0.0608121388
    0.0596924681
    0.0397213245
    0.0268453925
    0.0186471341
   -0.0249621521
   -0.0458876576
   -0.0952250933
    0.0685877500
    0.0684472861
    0.0479579476
    0.0313896387
    0.0215731007
   -0.0326848406
   -0.0606150959
   -0.1022409320
   -0.0292250792
    0.0555923815
    0.0502898098
    0.0348107827
    0.0240733999
   -0.0239087992
   -0.0393364307
   -0.0672458195
   -0.0978417688
   -0.0764717267
    0.0005814792
    0.0354863790
    0.0383704385
    0.0424300233
    0.0349357435
   -0.0271490940
   -0.0419258634
   -0.0609475152
   -0.0647784707
   -0.0282092978
    0.0074195659
    0.0229323608
    0.0309263259
    0.0307464431
   -0.0282032247
   -0.0387891685
   -0.0448318056
   -0.0326421799
   -0.0074987694
    0.0106139003
    0.0204183069
    0.0241670849
   -0.0264796091
   -0.0311964155
   -0.0280838782
   -0.0144322285
    0.0011378202
    0.0117287181
    0.0173492952
   -0.0224775347
   -0.0222992454
   -0.0157892232
   -0.0049990894
    0.0048098712
    0.0112428526
   -0.0001645382
   -0.0027085367
   -0.0017338347
   -0.0021972635
   -0.0035871968
   -0.0057765499
   -0.0076099130
   -0.0017363200
   -0.0018271677
   -0.0029293295
   -0.0051277465
   -0.0080770592
   -0.0098505394
   -0.0072433854
   -0.0006863043
    0.0053453956
    0.0078612923
   -0.0020258360
   -0.0016068961
   -0.0025082102
   -0.0044587062
   -0.0074790408
   -0.0108088769
   -0.0106527432
   -0.0037276563
    0.0053012407
    0.0102546662
    0.0102764492
   -0.0027377206
   -0.0015008520
   -0.0016582886
   -0.0041164631
   -0.0071161535
   -0.0103392012
   -0.0125633659
   -0.0074372091
    0.0039733677
    0.0127316877
    0.0139096874
    0.0114285514
   -0.0038680650
   -0.0022343088
    0.0010846150
   -0.0008386158
   -0.0072739358
   -0.0109271762
   -0.0119523397
   -0.0098057717
    0.0019582914
    0.0137996795
    0.0181385257
    0.0150007694
    0.0115847718
   -0.0050998403
   -0.0041938036
    0.0011023067
    0.0179858580
   -0.0016040732
   -0.0143458372
   -0.0122527086
   -0.0087219036
    0.0007976524
    0.0140294314
    0.0205789875
    0.0188694214
    0.0145437945
    0.0112810997
   -0.0063630149
   -0.0040862409
    0.0213232290
   -0.0124933304
   -0.0179013247
   -0.0057277501
    0.0011983436
    0.0143024667
    0.0214803908
    0.0214199128
    0.0176411195
    0.0138081006
   -0.0078618778
   -0.0086077852
   -0.0029144624
   -0.0009160941
   -0.0176771963
   -0.0035965609
    0.0048427607
    0.0101699365
    0.0214760283
    0.0234303383
    0.0205295429
    0.0166780993
    0.0129828634
   -0.0108581004
   -0.0133412764
   -0.0097354552
   -0.0102529304
   -0.0128831003
    0.0077229336
    0.0148940068
    0.0082261508
    0.0127518401
    0.0250983656
    0.0241652825
    0.0200331771
    0.0156336175
   -0.0160978076
   -0.0240065654
   -0.0372507114
   -0.0411818134
    0.0130816647
    0.0342098359
    0.0243973790
    0.0068570193
    0.0212699094
    0.0288227803
    0.0243707230
    0.0188456928
   -0.0158349397
   -0.0250364611
   -0.0444522738
   -0.0753715105
   -0.0422746474
    0.0382409913
    0.0574859374
    0.0323137601
    0.0199986846
    0.0330485884
    0.0297594383
    0.0226996052
    0.0168391100
   -0.0222660424
   -0.0387706826
   -0.0746527097
   -0.0295752009
    0.0371917090
    0.0376938185
    0.0356433906
    0.0269492497
    0.0197203482
   -0.0306662678
   -0.0559098851
   -0.0957958519
   -0.0128799728
    0.0415040096
    0.0401034375
    0.0309403612
    0.0225526930
   -0.0237242734
   -0.0395693244
   -0.0691460922
   -0.0973063276
   -0.0720085682
    0.0243980093
    0.0409012300
    0.0391932052
    0.0331205756
    0.0247840016
   -0.0284290671
   -0.0456341928
   -0.0697084360
   -0.0764608871
   -0.0296222443
    0.0233065153
    0.0317697996
    0.0326732003
    0.0315618468
    0.0255814443
   -0.0312766104
   -0.0454562030
   -0.0559273005
   -0.0412404484
   -0.0070741268
    0.0151685084
    0.0235475937
    0.0264970312
    0.0242202739
   -0.0309449080
   -0.0386305372
   -0.0363260816
   -0.0183011620
    0.0019178531
    0.0140922491
    0.0198733826
    0.0208644128
   -0.0273379212
   -0.0284141311
   -0.0205121758
   -0.0063825767
    0.0058247673
    0.0132132412
    0.0164261445
   -0.0217276791
   -0.0186898483
   -0.0102993515
   -0.0003647086
    0.0073118316
   -0.0023596807
   -0.0030940274
   -0.0024032295
   -0.0022957125
   -0.0028544652
   -0.0040849922
   -0.0056793369
   -0.0058924479
   -0.0020326914
    0.0028667850
   -0.0028519628
   -0.0023907730
   -0.0026260807
   -0.0038723084
   -0.0055787714
   -0.0071649419
   -0.0073662056
   -0.0041044984
    0.0019207085
    0.0070278515
    0.0089158574
   -0.0028392604
   -0.0022698968
   -0.0034419752
   -0.0056283233
   -0.0073659399
   -0.0079673121
   -0.0058727209
    0.0004180089
    0.0073797717
    0.0109376767
    0.0107263197
   -0.0038542977
   -0.0023350601
   -0.0016714945
   -0.0051836614
   -0.0081697933
   -0.0083186949
   -0.0065256681
   -0.0009994183
    0.0070778015
    0.0125388057
    0.0132810789
    0.0114413745
   -0.0052241488
   -0.0039382900
    0.0000782709
   -0.0012810379
   -0.0086932478
   -0.0099406452
   -0.0063105880
   -0.0015103740
    0.0065420227
    0.0133093562
    0.0154954599
    0.0139426879
    0.0114599012
   -0.0064461493
   -0.0033514814
    0.0038380215
   -0.0063253316
   -0.0120509727
   -0.0068076771
   -0.0006698146
    0.0058006300
    0.0134521123
    0.0169584936
    0.0163063294
    0.0137759611
   -0.0084462443
   -0.0086847116
   -0.0041596226
   -0.0049215244
   -0.0128614282
   -0.0077641230
    0.0014019781
    0.0056152791
    0.0118994430
    0.0178076000
    0.0184397989
    0.0162333408
    0.0132625083
   -0.0118802827
   -0.0140151290
   -0.0155550239
   -0.0195359081
   -0.0096885606
    0.0043977545
    0.0087752033
    0.0095037007
    0.0166985563
    0.0205303084
    0.0189223554
    0.0156934612
   -0.0128814270
   -0.0179982532
   -0.0258825774
   -0.0352225879
   -0.0258024697
    0.0032538621
    0.0149633339
    0.0132536879
    0.0144504539
    0.0218295202
    0.0219886495
    0.0184828020
    0.0146366971
   -0.0181407887
   -0.0281437115
   -0.0447838016
   -0.0538925326
   -0.0209620939
    0.0162429743
    0.0277855656
    0.0187844621
    0.0226093235
    0.0251188945
    0.0216134401
    0.0170736780
   -0.0255850666
   -0.0422632029
   -0.0654786508
   -0.0597590887
   -0.0071495036
    0.0502872973
    0.0374028092
    0.0258945503
    0.0278668435
    0.0247742414
    0.0196321261
   -0.0345930561
   -0.0566032021
   -0.0746948418
   -0.0469313325
    0.0202627559
    0.0322167943
    0.0296062664
    0.0272376388
    0.0219681882
   -0.0269809277
   -0.0426742037
   -0.0631260166
   -0.0647125733
   -0.0211270965
    0.0374906564
    0.0363967341
    0.0289449451
    0.0277882425
   -0.0313332243
   -0.0459392149
   -0.0564166142
   -0.0401719983
   -0.0019916308
    0.0228826059
    0.0246984797
    0.0255329238
    0.0233694884
   -0.0328409787
   -0.0420439700
   -0.0399772856
   -0.0188815018
    0.0048876371
    0.0166298765
    0.0208182567
    0.0212723612
   -0.0239487847
   -0.0305715238
   -0.0326890419
   -0.0236005672
   -0.0065486731
    0.0073724107
    0.0147167022
    0.0175780210
   -0.0252748708
   -0.0221835800
   -0.0120770432
   -0.0001702444
    0.0084469846
    0.0130896109
   -0.0188286611
   -0.0050183132
    0.0030463419
   -0.0028896231
   -0.0035444914
   -0.0044115186
   -0.0029579846
   -0.0035215908
   -0.0045262373
   -0.0053343511
    0.0001568172
   -0.0032368868
   -0.0034029648
   -0.0046107315
   -0.0057284700
   -0.0058224571
   -0.0044605469
   -0.0009305285
    0.0039828543
    0.0078169888
    0.0091778101
   -0.0040266826
   -0.0033844879
   -0.0043446815
   -0.0062206933
   -0.0065415696
   -0.0049661860
   -0.0017278327
    0.0033865093
    0.0082508295
    0.0106357190
    0.0104909146
   -0.0053497764
   -0.0043916816
   -0.0038735799
   -0.0063810247
   -0.0076948154
   -0.0056198712
   -0.0020115095
    0.0028293744
    0.0082847856
    0.0117260847
    0.0122649939
   -0.0066303331
   -0.0053540978
   -0.0064976072
   -0.0090368545
   -0.0069374867
   -0.0020146726
    0.0026222098
    0.0079383061
    0.0123447503
    0.0138090189
    0.0128911931
   -0.0088611098
   -0.0092192191
   -0.0094113438
   -0.0116107804
   -0.0092468543
   -0.0023427402
    0.0031702938
    0.0074187055
    0.0123107737
    0.0150441896
    0.0147504765
    0.0128879031
   -0.0125488439
   -0.0150167754
   -0.0176707544
   -0.0149599724
   -0.0044895728
    0.0042129275
    0.0079975034
    0.0116960826
    0.0157828747
    0.0165744364
    0.0148899680
   -0.0139551718
   -0.0188687973
   -0.0249119386
   -0.0261082255
   -0.0130126314
    0.0031935182
    0.0104513542
    0.0123570376
    0.0160067719
    0.0182429532
    0.0170070107
   -0.0195499900
   -0.0281880846
   -0.0364671336
   -0.0299623411
   -0.0059599529
    0.0122729204
    0.0162894760
    0.0170632405
    0.0196085014
    0.0191113060
    0.0163647501
   -0.0268637937
   -0.0388024338
   -0.0443638745
   -0.0254558756
    0.0055236154
    0.0224693550
    0.0203111856
    0.0208972896
    0.0209103462
   -0.0232721006
   -0.0345027254
   -0.0462692461
   -0.0424248244
   -0.0131246980
    0.0190218044
    0.0243816409
    0.0220172812
    0.0219716277
   -0.0281508379
   -0.0395387998
   -0.0454956965
   -0.0303294911
    0.0005540483
    0.0209812427
    0.0215887574
    0.0216795750
   -0.0310987348
   -0.0390253342
   -0.0359365270
   -0.0156569450
    0.0073568965
    0.0171834331
    0.0194393938
    0.0196249071
   -0.0239282394
   -0.0306474497
   -0.0326810707
   -0.0230737200
   -0.0051709670
    0.0088938990
    0.0150830931
    0.0172283349
   -0.0235310405
   -0.0266981636
   -0.0234852410
   -0.0123636296
    0.0006002143
    0.0093186644
    0.0135632649
   -0.0207066431
   -0.0148587763
   -0.0052432311
    0.0035919420
    0.0092612678
   -0.0034862877
   -0.0039655164
   -0.0037969862
   -0.0042148729
   -0.0048047665
   -0.0044466500
   -0.0045561997
   -0.0053092288
   -0.0055129515
    0.0014052837
    0.0052076615
   -0.0055861420
   -0.0054035211
   -0.0059667336
   -0.0065489478
   -0.0053273942
   -0.0025316780
    0.0009614666
    0.0049603783
    0.0083889555
    0.0100530135
   -0.0071171729
   -0.0073770067
   -0.0080989653
   -0.0069437511
   -0.0033836847
    0.0006729168
    0.0046595129
    0.0084920882
    0.0108944527
    0.0113143294
   -0.0091467921
   -0.0099930230
   -0.0108453729
   -0.0097858843
   -0.0051809619
    0.0002923322
    0.0045470801
    0.0083484197
    0.0114220678
    0.0125248799
   -0.0127712762
   -0.0148046333
   -0.0146591047
   -0.0091718678
   -0.0011171643
    0.0046987876
    0.0083579078
    0.0116309808
    0.0135324341
    0.0133218268
   -0.0182093404
   -0.0206413923
   -0.0164893381
   -0.0055470215
    0.0041344652
    0.0090091573
    0.0119022351
    0.0142778141
    0.0146858624
   -0.0194588647
   -0.0247393069
   -0.0250620444
   -0.0145620228
    0.0003622151
    0.0096154520
    0.0128173970
    0.0149040248
   -0.0252434197
   -0.0301688172
   -0.0252598727
   -0.0086830457
    0.0073947961
    0.0139175757
    0.0156096586
    0.0166464584
   -0.0230375330
   -0.0299721296
   -0.0315469582
   -0.0200323395
   -0.0006211025
    0.0125993202
    0.0158675965
    0.0169137424
   -0.0264342836
   -0.0313797820
   -0.0273351730
   -0.0115030209
    0.0058460671
    0.0139971860
    0.0161540774
   -0.0274063697
   -0.0282819487
   -0.0193080378
   -0.0036532377
    0.0085783813
    0.0136850233
    0.0154185118
   -0.0225202385
   -0.0252519391
   -0.0218372045
   -0.0110493161
    0.0013368920
    0.0093073485
    0.0129136552
   -0.0206333677
   -0.0146118053
   -0.0047912525
    0.0040120790
    0.0093560119
   -0.0050248670
   -0.0049940574
   -0.0059979891
   -0.0060778039
   -0.0052208788
   -0.0074494887
   -0.0076616798
   -0.0069117859
   -0.0044379135
   -0.0098586559
   -0.0094547052
   -0.0067139027
   -0.0022891039
    0.0019439444
   -0.0122132978
   -0.0127687833
   -0.0103751393
   -0.0048646803
    0.0009596138
    0.0052086595
   -0.0159215504
   -0.0150913503
   -0.0094240089
   -0.0014723327
    0.0046720039
    0.0083253267
   -0.0177081015
   -0.0192547891
   -0.0154519324
   -0.0063115502
    0.0027906875
    0.0081772305
    0.0109363222
   -0.0212137226
   -0.0206794233
   -0.0130361428
   -0.0016462789
    0.0068888305
    0.0108424073
    0.0126957037
   -0.0207385096
   -0.0229910460
   -0.0190459379
   -0.0082952158
    0.0031358374
    0.0096934383
    0.0123627449
   -0.0222944572
   -0.0219359753
   -0.0145963769
   -0.0029221764
    0.0064631850
    0.0109886973
   -0.0215775239
   -0.0181387062
   -0.0089932392
    0.0013098939
    0.0080823805
    0.0112598281
   -0.0186153380
   -0.0129443819
   -0.0040265819
    0.0038988148
   -0.0066299511
   -0.0020145732
   -0.0100975025
   -0.0048615846
    0.0007356687
    0.0049142561
   -0.0136734362
   -0.0088387854
   -0.0020299682
    0.0037100754
   -0.0130232947
   -0.0061210220
    0.0012570194
    0.0063200718
   -0.0160366415
   -0.0105960767
   -0.0026014820
    0.0041872839
   -0.0139951881
    0.0007356224
    0.0062161511
