    0.0065115208
    0.0066027421
    0.0075624264
    0.0076414646
    0.0074853892
    0.0086552056
    0.0086801532
    0.0085315824
    0.0078822043
    0.0097715971
    0.0095023681
    0.0089639829
    0.0108004574
    0.0105013345
    0.0099121249
    0.0088804978
    0.0115717707
    0.0114560283
    0.0108223198
    0.0098900692
    0.0121997669
    0.0116639141
    0.0107909244
    0.0094635338
    0.0123420600
    0.0115529205
    0.0103930901
    0.0127710816
    0.0121400506
    0.0111199273
    0.0046720412
    0.0048056116
    0.0057282017
    0.0061038503
    0.0059711870
    0.0068732120
    0.0072521839
    0.0075803682
    0.0067057029
    0.0081670541
    0.0083983579
    0.0087941066
    0.0085361275
    0.0067184254
    0.0095040019
    0.0097484775
    0.0097886927
    0.0098296022
    0.0085377778
    0.0106206229
    0.0112247053
    0.0109775820
    0.0107186796
    0.0099317496
    0.0078505460
    0.0124459573
    0.0123680525
    0.0116858768
    0.0109629588
    0.0093214072
    0.0131023599
    0.0135863566
    0.0128003348
    0.0119316332
    0.0105968424
    0.0142571117
    0.0138569826
    0.0128705325
    0.0117497458
    0.0097528073
    0.0144526628
    0.0145784439
    0.0137130613
    0.0126972041
    0.0110136947
    0.0148875320
    0.0143666829
    0.0133825184
    0.0119969161
    0.0147195474
    0.0138593379
    0.0126267234
    0.0141172974
    0.0129912637
    0.0031305225
    0.0034605688
    0.0036823792
    0.0041015578
    0.0044916257
    0.0050238478
    0.0051078914
    0.0040302684
    0.0052191188
    0.0056393523
    0.0062405238
    0.0070768321
    0.0063448391
    0.0070166140
    0.0074346826
    0.0086281661
    0.0090590371
    0.0067617073
    0.0085910154
    0.0089698229
    0.0095814375
    0.0111354647
    0.0096169895
    0.0062914590
    0.0100941060
    0.0109275200
    0.0108501717
    0.0117181564
    0.0118487144
    0.0087030686
    0.0111643964
    0.0128672485
    0.0128738528
    0.0123310191
    0.0125783021
    0.0107373252
    0.0073770124
    0.0139904434
    0.0151387439
    0.0138084788
    0.0130906514
    0.0120482460
    0.0092469492
    0.0142563060
    0.0163431511
    0.0156945474
    0.0140587337
    0.0131950091
    0.0109461913
    0.0078033896
    0.0163700519
    0.0169736656
    0.0152076166
    0.0143443537
    0.0126241280
    0.0095210700
    0.0161410357
    0.0172903067
    0.0163575519
    0.0151834060
    0.0141070162
    0.0112424583
    0.0172158082
    0.0171021222
    0.0158881032
    0.0149407858
    0.0127234672
    0.0094631190
    0.0173419932
    0.0164908486
    0.0153054697
    0.0136208462
    0.0107702831
    0.0167442150
    0.0155625263
    0.0140077981
    0.0116843023
    0.0156393529
    0.0141710843
    0.0020015608
    0.0022183180
    0.0025097299
    0.0029289382
    0.0034162382
    0.0035843258
    0.0027759000
    0.0034968888
    0.0039817422
    0.0045678928
    0.0055076537
    0.0050655553
    0.0032804893
    0.0046588849
    0.0052674631
    0.0057212145
    0.0073031785
    0.0083670551
    0.0060103907
    0.0068283033
    0.0072746709
    0.0083690851
    0.0123792963
    0.0102830477
    0.0059136295
    0.0085314568
    0.0094448725
    0.0095981266
    0.0137138899
    0.0161793980
    0.0095760824
    0.0051113955
    0.0100050504
    0.0120023670
    0.0121643722
    0.0126821039
    0.0181452881
    0.0137883630
    0.0077918480
    0.0109869809
    0.0139499759
    0.0161167277
    0.0143756253
    0.0151639737
    0.0155904341
    0.0105090943
    0.0061752721
    0.0145094211
    0.0190858828
    0.0187764162
    0.0155441033
    0.0151235709
    0.0125307956
    0.0083234362
    0.0145273807
    0.0187097936
    0.0224225426
    0.0175768446
    0.0161605994
    0.0143155364
    0.0104517590
    0.0066141494
    0.0176748208
    0.0213573124
    0.0197253774
    0.0171450437
    0.0168621099
    0.0128007309
    0.0085309975
    0.0173616445
    0.0199798533
    0.0203870491
    0.0176581542
    0.0185478963
    0.0154637973
    0.0106142440
    0.0194764798
    0.0204897624
    0.0188754973
    0.0181780299
    0.0172184118
    0.0127088095
    0.0203956029
    0.0198313877
    0.0182478328
    0.0172683521
    0.0142208697
    0.0100592390
    0.0200174952
    0.0186953666
    0.0170565793
    0.0148247129
    0.0113572333
    0.0187234214
    0.0170625374
    0.0149731970
    0.0121768536
    0.0149901099
    0.0004515821
    0.0006512736
    0.0007484529
    0.0012108148
    0.0016069643
    0.0017566483
    0.0015018408
    0.0021053861
    0.0026006812
    0.0032439571
    0.0030692861
    0.0018057623
    0.0024311109
    0.0031715693
    0.0036652330
    0.0046908428
    0.0057476475
    0.0042292819
    0.0044389716
    0.0050725094
    0.0057500625
    0.0099169727
    0.0085465745
    0.0046433310
    0.0059692028
    0.0069857690
    0.0070853042
    0.0144500459
    0.0195345722
    0.0091783555
    0.0042184198
    0.0076437704
    0.0094065040
    0.0097825074
    0.0132528521
    0.0425504557
    0.0193325379
    0.0076627971
    0.0033811731
    0.0080983691
    0.0091159320
    0.0118773461
    0.0141669221
    0.0138401587
    0.0300989827
    0.0367781585
    0.0124695183
    0.0059065598
    0.0094067466
    0.0103022296
    0.0131951274
    0.0197308069
    0.0210350264
    0.0192126563
    0.0277890688
    0.0169089128
    0.0087732121
    0.0044127203
    0.0104722857
    0.0114385299
    0.0135019220
    0.0205513181
    0.0370580840
    0.0261537460
    0.0205285396
    0.0172318074
    0.0114406003
    0.0066043203
    0.0111818048
    0.0125515094
    0.0140550006
    0.0183086834
    0.0330172569
    0.0420752528
    0.0257432673
    0.0202175484
    0.0140925312
    0.0089147451
    0.0133318378
    0.0150574680
    0.0175633934
    0.0238557304
    0.0348348108
    0.0246313568
    0.0299530022
    0.0190185116
    0.0115583793
    0.0068198975
    0.0134629083
    0.0157743056
    0.0181299640
    0.0214982798
    0.0255988250
    0.0228778369
    0.0265594174
    0.0269675313
    0.0150393119
    0.0089612791
    0.0156506248
    0.0184638796
    0.0214376199
    0.0240759148
    0.0234268662
    0.0210511172
    0.0258632833
    0.0186543850
    0.0113345884
    0.0178049835
    0.0210421545
    0.0237933975
    0.0242916059
    0.0219254628
    0.0212241859
    0.0195290006
    0.0135091118
    0.0241469977
    0.0229205934
    0.0205679896
    0.0186279721
    0.0147791437
    0.0101481276
    0.0227029414
    0.0207337740
    0.0182393214
    0.0152208987
    0.0203104245
    0.0180880822
    0.0153635015
   -0.0005678720
   -0.0001802876
   -0.0000343175
    0.0000727837
    0.0006158339
    0.0010296684
    0.0009641721
    0.0008402750
    0.0016101181
    0.0021048637
    0.0027139300
    0.0019723060
    0.0016710703
    0.0029465148
    0.0031043028
    0.0048172278
    0.0048817062
    0.0026183280
    0.0027048328
    0.0043699247
    0.0048629144
    0.0074903139
    0.0116077935
    0.0064168221
    0.0026202034
    0.0042263877
    0.0058506353
    0.0074332896
    0.0104378642
    0.0174363588
    0.0061655956
    0.0021037414
    0.0064948312
    0.0062160995
    0.0061452378
    0.0078735140
    0.0100931201
    0.0138218232
    0.0130882841
    0.0049282130
    0.0078419015
    0.0081398718
    0.0080903431
    0.0098324377
    0.0145205717
    0.0171292342
    0.0408195008
    0.0324143714
    0.0087228339
    0.0035656139
    0.0087549880
    0.0096526230
    0.0098893324
    0.0109509599
    0.0177666946
    0.0357073326
    0.0365638215
    0.0129471654
    0.0062734635
    0.0107400843
    0.0115497913
    0.0119840837
    0.0164690216
    0.0487705042
    0.0288414910
    0.0159127980
    0.0090806525
    0.0043713265
    0.0113535420
    0.0129640583
    0.0137348252
    0.0153093114
    0.0289226499
    0.0210014075
    0.0119776719
    0.0066327279
    0.0113690403
    0.0137834147
    0.0156068386
    0.0167988853
    0.0211795036
    0.0455740577
    0.0166718497
    0.0091018276
    0.0046095359
    0.0136906887
    0.0165695757
    0.0189637329
    0.0216264783
    0.0276106210
    0.0350510063
    0.0361370934
    0.0279176688
    0.0122316123
    0.0065872201
    0.0161870562
    0.0196686027
    0.0232485889
    0.0272831277
    0.0294508351
    0.0256432254
    0.0386115131
    0.0365363929
    0.0162055391
    0.0088255513
    0.0186410277
    0.0228992042
    0.0274896340
    0.0301730680
    0.0279064180
    0.0247294810
    0.0271028969
    0.0190473618
    0.0111992610
    0.0207981878
    0.0255167310
    0.0293053311
    0.0290593988
    0.0254494761
    0.0226176554
    0.0191693060
    0.0131706088
    0.0263118801
    0.0278829077
    0.0258240496
    0.0223001971
    0.0187802456
    0.0143506632
    0.0246460023
    0.0220552937
    0.0186888583
    0.0149540903
   -0.0020241834
   -0.0013804178
   -0.0009717841
   -0.0009577397
   -0.0017042165
   -0.0006914334
   -0.0001494100
    0.0001996154
   -0.0002070295
   -0.0013928282
    0.0003637945
    0.0009435036
    0.0014525002
    0.0016356928
    0.0003793840
   -0.0009960007
    0.0014203148
    0.0035010825
    0.0025885937
    0.0041771472
    0.0029742579
    0.0005712094
    0.0000218532
    0.0018527164
    0.0075316951
    0.0073301282
    0.0104155499
    0.0079947962
    0.0034842411
    0.0003285572
    0.0048969530
    0.0037078047
    0.0021171037
    0.0026964256
    0.0076756729
    0.0217692266
    0.0089924723
    0.0030129492
   -0.0001833930
    0.0067239079
    0.0065191778
    0.0050648363
    0.0047561069
    0.0080336803
    0.0186055043
    0.0332398559
    0.0071870395
    0.0020564651
    0.0079479157
    0.0086865274
    0.0080951149
    0.0071883670
    0.0107587860
    0.0177795617
    0.0138210575
    0.0052892953
    0.0009736530
    0.0086738550
    0.0100534619
    0.0104490858
    0.0093654197
    0.0117087318
    0.0287153494
    0.0235420964
    0.0090803411
    0.0034426206
    0.0109159158
    0.0121354605
    0.0116934974
    0.0108610675
    0.0252853445
    0.0288532432
    0.0124011206
    0.0063289461
    0.0017637120
    0.0112657237
    0.0134806061
    0.0143028592
    0.0127168609
    0.0157097664
    0.0165905041
    0.0090403543
    0.0038690462
    0.0109923650
    0.0140521894
    0.0165851451
    0.0171565891
    0.0157226309
    0.0287169195
    0.0340696552
    0.0121324515
    0.0060610711
    0.0135199220
    0.0173800866
    0.0204756081
    0.0219120843
    0.0253772677
    0.0377778930
    0.0544387517
    0.0179403086
    0.0084934242
    0.0038391851
    0.0163502238
    0.0209719619
    0.0253469941
    0.0305206233
    0.0360457560
    0.0348927663
    0.0371432451
    0.0268257505
    0.0115814006
    0.0058064457
    0.0144132516
    0.0191025131
    0.0244743226
    0.0311935730
    0.0383436276
    0.0378149434
    0.0311549356
    0.0312070127
    0.0273593093
    0.0148795337
    0.0080283342
    0.0163772103
    0.0213969696
    0.0276268912
    0.0351830193
    0.0383542196
    0.0335301177
    0.0275550142
    0.0236750661
    0.0169739316
    0.0102917164
    0.0179090534
    0.0230374705
    0.0292624877
    0.0342396678
    0.0331784307
    0.0281099776
    0.0230215377
    0.0178486841
    0.0121855211
    0.0283057629
    0.0299142009
    0.0272952404
    0.0229377511
    0.0183047749
    0.0135050921
    0.0183548592
   -0.0040974427
   -0.0030944352
   -0.0023357094
   -0.0019543075
   -0.0043877355
   -0.0028232314
   -0.0016729012
   -0.0010740337
   -0.0009661898
   -0.0017355730
   -0.0046750715
   -0.0025899928
   -0.0000339960
    0.0000151639
    0.0005958185
   -0.0000025069
   -0.0015673119
   -0.0044139367
   -0.0029677102
    0.0035442761
    0.0042785143
    0.0023316515
    0.0026733765
    0.0005474971
   -0.0017070867
    0.0027720175
    0.0005064065
   -0.0027118092
   -0.0034009719
    0.0044305602
    0.0305156871
    0.0110175441
    0.0079898354
    0.0042211552
    0.0004284535
   -0.0020650255
    0.0051197679
    0.0041650438
    0.0008948975
   -0.0020131011
    0.0013813072
    0.0130459854
    0.0041678757
   -0.0001766062
    0.0067843410
    0.0074066746
    0.0057795073
    0.0017827817
    0.0019396763
    0.0142186976
    0.0110336546
    0.0031470123
   -0.0009709963
    0.0077721368
    0.0092918196
    0.0099912641
    0.0068166582
    0.0051075294
    0.0122939622
    0.0417764715
    0.0291411920
    0.0086866286
    0.0017359090
   -0.0017477432
    0.0082838473
    0.0102188684
    0.0118504763
    0.0111815956
    0.0070693527
    0.0152267554
    0.0419695823
    0.0162215215
    0.0061136185
    0.0001539019
    0.0107300487
    0.0128038156
    0.0133912006
    0.0093610371
    0.0085072931
    0.0489099634
    0.0214110590
    0.0111491553
    0.0029155872
   -0.0010691868
    0.0107364150
    0.0137509492
    0.0155157362
    0.0143735149
    0.0041510328
    0.0216519652
    0.0312450706
    0.0130206494
    0.0058064343
    0.0006582831
    0.0137590284
    0.0178026820
    0.0197734759
    0.0146467986
    0.0087520138
    0.0491204596
    0.0164555335
    0.0078652099
    0.0026107217
    0.0127411294
    0.0177040628
    0.0233357976
    0.0253996176
    0.0228494726
    0.0341618060
    0.0542401991
    0.0303402875
    0.0104605777
    0.0045962649
    0.0157426624
    0.0222211267
    0.0285929919
    0.0349055572
    0.0473760682
    0.0489669254
    0.0447399787
    0.0441852802
    0.0149019134
    0.0069319773
    0.0026440361
    0.0188037261
    0.0258501423
    0.0340313689
    0.0491098733
    0.0572832136
    0.0445960777
    0.0352422398
    0.0320411897
    0.0192041189
    0.0098387338
    0.0154658609
    0.0212177547
    0.0285011200
    0.0395405741
    0.0523485774
    0.0476672125
    0.0365116411
    0.0285902518
    0.0210337617
    0.0127944243
    0.0170898214
    0.0227746040
    0.0303567786
    0.0401123685
    0.0435834375
    0.0368335026
    0.0290884046
    0.0220449447
    0.0151023502
    0.0091913884
    0.0235095464
    0.0301124081
    0.0352444543
    0.0339428893
    0.0285384720
    0.0225659141
    0.0165981042
    0.0275152790
    0.0289578028
    0.0264908858
    0.0221602362
    0.0173034595
   -0.0056029401
   -0.0042958728
   -0.0034223949
   -0.0031871297
   -0.0063990124
   -0.0041771574
   -0.0028847127
   -0.0022086201
   -0.0025681411
   -0.0081132007
   -0.0077379417
   -0.0036773643
   -0.0014229425
   -0.0009506076
   -0.0007830734
   -0.0022140109
   -0.0037071980
   -0.0029386790
   -0.0073304432
   -0.0093390102
   -0.0040661938
    0.0064077086
    0.0020376978
    0.0018691745
    0.0003494366
   -0.0023335970
    0.0029086926
    0.0008282330
   -0.0041739462
   -0.0094426519
   -0.0074605501
    0.0226808795
    0.0094643509
    0.0053030745
    0.0004966538
   -0.0028325432
    0.0050521724
    0.0049635442
    0.0016638734
   -0.0058525891
   -0.0096672066
    0.0088316591
    0.0245324924
    0.0066924731
   -0.0002425012
   -0.0034349672
    0.0064437673
    0.0079067112
    0.0086959927
    0.0022367016
   -0.0060869901
   -0.0026351347
    0.0293940241
    0.0057231672
   -0.0012276435
   -0.0039564097
    0.0072273274
    0.0092260981
    0.0127267176
    0.0136160010
    0.0021782099
    0.0021774335
    0.0185717915
    0.0262275834
    0.0043918419
   -0.0023554540
    0.0098063167
    0.0127875348
    0.0194306736
    0.0126657122
    0.0061548614
    0.0296285683
    0.0237187617
    0.0012008553
   -0.0032982478
    0.0100082398
    0.0129682454
    0.0161396663
    0.0204034481
    0.0029945292
    0.0255161699
    0.0080302895
   -0.0014290760
    0.0097506190
    0.0132596987
    0.0169530570
    0.0208602648
    0.0143965265
   -0.0048463881
    0.0625260284
    0.0241278817
    0.0126210329
    0.0011748471
   -0.0026772831
    0.0126508813
    0.0181512605
    0.0264670803
    0.0299195350
    0.0069164306
    0.0268277143
    0.0246087699
    0.0097403398
    0.0033189564
   -0.0011792062
    0.0114093316
    0.0166366988
    0.0271607759
    0.0399171746
    0.0353761095
    0.0470121716
    0.0643603344
    0.0405217454
    0.0112563174
    0.0047974962
    0.0005531487
    0.0142041870
    0.0218571039
    0.0362926991
    0.0427023470
    0.0712025691
    0.0646293767
    0.0627523041
    0.0418791403
    0.0173699893
    0.0073844843
    0.0025535674
    0.0172640062
    0.0263700160
    0.0371338569
    0.0548157377
    0.0752335234
    0.0524182563
    0.0386420046
    0.0228315453
    0.0114174769
    0.0051134389
    0.0198533625
    0.0282242260
    0.0395693027
    0.0648287816
    0.0757172493
    0.0519220267
    0.0394655783
    0.0263063162
    0.0156143004
    0.0081892812
    0.0155642790
    0.0214140262
    0.0292046281
    0.0414291901
    0.0549133135
    0.0494264386
    0.0380242742
    0.0282912260
    0.0188017132
    0.0112462059
    0.0221260632
    0.0293461942
    0.0380059185
    0.0409432341
    0.0353327050
    0.0280886395
    0.0205760374
    0.0136873500
    0.0220648512
    0.0276487930
    0.0317042639
    0.0308231748
    0.0264186289
    0.0209078296
    0.0152020792
   -0.0071389298
   -0.0055543534
   -0.0046831582
   -0.0047266575
   -0.0108348595
   -0.0085013277
   -0.0058243289
   -0.0041465250
   -0.0037773515
   -0.0046176530
   -0.0104982968
   -0.0132844917
   -0.0109650153
   -0.0058199780
   -0.0033982019
   -0.0020706900
   -0.0030669933
   -0.0048576438
   -0.0027029965
   -0.0086217084
   -0.0149446921
   -0.0153644563
   -0.0054603030
    0.0005440200
    0.0004475170
    0.0002369322
   -0.0031267986
   -0.0054039955
    0.0028009813
    0.0013287089
   -0.0038089359
   -0.0133849182
   -0.0201761345
   -0.0108916690
    0.0266246224
    0.0095815139
    0.0079280587
    0.0011877074
   -0.0039959118
   -0.0059868988
    0.0046088829
    0.0050523760
    0.0036291214
   -0.0060437241
   -0.0202182731
   -0.0221126845
    0.0380636270
    0.0179224266
   -0.0001442207
   -0.0049983251
   -0.0063694118
    0.0057696442
    0.0073238628
    0.0105862820
    0.0093465387
   -0.0103545598
   -0.0238386994
   -0.0078398258
    0.0184206750
   -0.0014906927
   -0.0057475459
    0.0083624910
    0.0125567550
    0.0302416248
    0.0151188193
   -0.0100445591
   -0.0033442839
    0.0325252362
    0.0221873726
   -0.0030194751
   -0.0061958392
    0.0088150897
    0.0121010887
    0.0262694710
    0.0103715246
    0.0288554928
    0.0590946346
    0.0096926739
   -0.0047919559
    0.0088446962
    0.0121145482
    0.0170618050
    0.0482759126
    0.0241220005
   -0.0010918076
   -0.0056110249
    0.0118424164
    0.0169251479
    0.0292276291
    0.0041741225
   -0.0042316136
    0.0109763459
    0.0163156735
    0.0315987180
    0.0452157025
    0.0087312112
    0.0041599069
   -0.0024074254
   -0.0047205443
    0.0143116744
    0.0248892667
    0.0079916813
    0.0026725110
   -0.0006907267
   -0.0034175736
    0.0121581243
    0.0187638588
    0.0398216035
    0.0797791781
    0.0199521234
    0.0058134381
    0.0015291865
   -0.0016047270
    0.0147856157
    0.0235108673
    0.0420979938
    0.0535632356
    0.0783624054
    0.0329382076
    0.0127887016
    0.0050951482
    0.0008221736
    0.0172608329
    0.0259703081
    0.0370351077
    0.0586154166
    0.1134444063
    0.0779886131
    0.0585744159
    0.0410842556
    0.0199040067
    0.0096876076
    0.0038620928
    0.0189713141
    0.0264268423
    0.0370799102
    0.0562919424
    0.0635542089
    0.0483531650
    0.0379369579
    0.0244872274
    0.0140269773
    0.0071666751
    0.0198066025
    0.0264676111
    0.0357884237
    0.0442991936
    0.0417394256
    0.0340710662
    0.0256882275
    0.0170298735
    0.0101496490
    0.0199751320
    0.0256134037
    0.0314935842
    0.0335431446
    0.0302334103
    0.0247347933
    0.0183735955
    0.0227583013
   -0.0107325603
   -0.0085573733
   -0.0068364843
   -0.0062479669
   -0.0146463964
   -0.0138939834
   -0.0105189405
   -0.0073085508
   -0.0056240503
   -0.0059832046
   -0.0068981591
   -0.0111447520
   -0.0170801550
   -0.0187245550
   -0.0141876814
   -0.0084502136
   -0.0045859886
   -0.0041160015
   -0.0062443884
   -0.0075146671
   -0.0021625435
   -0.0081585502
   -0.0175339989
   -0.0247093281
   -0.0215343523
   -0.0105027974
   -0.0038225763
    0.0005642072
   -0.0035759237
   -0.0072263086
   -0.0081551452
    0.0014175464
   -0.0026169662
   -0.0135139164
   -0.0286387169
   -0.0339379033
   -0.0172517145
   -0.0012974015
    0.0100739296
    0.0069490076
   -0.0052922068
   -0.0084263351
    0.0043508462
    0.0040769880
   -0.0028820519
   -0.0243834942
   -0.0453165705
   -0.0379808539
    0.0044055247
    0.0201269667
    0.0040622331
   -0.0076952324
   -0.0091968372
    0.0061658420
    0.0086758748
    0.0150635390
   -0.0040101868
   -0.0416192008
   -0.0509129747
   -0.0201089149
    0.0366764540
   -0.0015463213
   -0.0089995162
   -0.0093526340
    0.0071240210
    0.0100444735
    0.0260730636
   -0.0110568852
   -0.0249885825
   -0.0135661582
    0.0280034183
   -0.0032551735
   -0.0095355954
    0.0075265245
    0.0103828095
    0.0184477600
    0.0161318003
    0.0661978049
   -0.0072107791
   -0.0094033863
    0.0104030290
    0.0152509215
    0.0494569833
    0.0036551164
   -0.0089249917
    0.0099675227
    0.0146389767
    0.0271984167
    0.0143119415
   -0.0071330157
   -0.0085475888
    0.0134052916
    0.0234436871
    0.0004691488
    0.0004678683
   -0.0052619636
   -0.0077694924
    0.0117358679
    0.0186879938
    0.0084375908
   -0.0060599864
   -0.0040455862
   -0.0062154608
    0.0149389255
    0.0274803927
    0.0460668574
    0.0014826467
   -0.0011163532
   -0.0037325950
    0.0121923172
    0.0185243440
    0.0346237671
    0.0608170629
    0.0769597385
    0.1139410286
    0.0174285113
    0.0048877709
   -0.0000973494
    0.0142605177
    0.0212946106
    0.0323639208
    0.0444983098
    0.0851930319
    0.1075458006
    0.0661679596
    0.0747655079
    0.0299156170
    0.0123764430
    0.0044646064
   -0.0000522027
    0.0159366834
    0.0224027128
    0.0307291279
    0.0446897543
    0.0633396247
    0.0556397602
    0.0455689983
    0.0331462788
    0.0182655343
    0.0090857971
    0.0169627242
    0.0226353684
    0.0302222209
    0.0400488306
    0.0437758652
    0.0380660253
    0.0307009975
    0.0212062396
    0.0127471507
    0.0173815451
    0.0223256679
    0.0282089012
    0.0327353175
    0.0320647495
    0.0276733009
    0.0215952411
    0.0149434868
    0.0205606664
   -0.0122116877
   -0.0097840720
   -0.0083267977
   -0.0081517382
   -0.0166041589
   -0.0184637043
   -0.0161656350
   -0.0119814889
   -0.0086470463
   -0.0078284281
   -0.0086522030
   -0.0179763409
   -0.0238369388
   -0.0229873259
   -0.0164777227
   -0.0097049455
   -0.0060762338
   -0.0077812949
   -0.0096529589
   -0.0016594448
   -0.0067620721
   -0.0166180782
   -0.0287772379
   -0.0338827170
   -0.0259177580
   -0.0135743246
   -0.0021700377
   -0.0024915345
   -0.0092343532
   -0.0109167387
    0.0012247959
   -0.0018022017
   -0.0109530627
   -0.0293781468
   -0.0474792352
   -0.0451994391
   -0.0237332509
   -0.0013011967
    0.0297248255
   -0.0035798269
   -0.0118457670
   -0.0118475118
    0.0035080336
    0.0030317527
   -0.0010396910
   -0.0202868930
   -0.0554427945
   -0.0711034844
   -0.0493731211
   -0.0113746335
   -0.0110713278
   -0.0137762129
   -0.0120444893
    0.0050156474
    0.0061915026
    0.0091817438
    0.0045529948
   -0.0425237637
   -0.0314810171
    0.0057962050
   -0.0153950414
   -0.0142069195
    0.0058712085
    0.0077540957
    0.0126827375
    0.0143692742
   -0.0413983996
    0.0273646596
   -0.0081031581
   -0.0161148991
   -0.0134512889
    0.0084132864
    0.0124771380
    0.0452971354
    0.0125059126
    0.0331948883
   -0.0134775701
   -0.0152505079
    0.0084814587
    0.0122682798
    0.0239254714
    0.0050426322
   -0.0158250882
   -0.0133519102
    0.0116686935
    0.0190003963
    0.0049081050
   -0.0142541619
   -0.0140793916
    0.0106506111
    0.0164285365
    0.0439341924
   -0.0113524410
   -0.0125047970
   -0.0135623331
   -0.0113506877
    0.0139631634
    0.0257114862
   -0.0170529362
   -0.0100257753
   -0.0112342457
   -0.0106234997
    0.0117496896
    0.0182238174
    0.0445099582
    0.1038429635
    0.0069135204
   -0.0040232624
   -0.0067290552
   -0.0084667116
    0.0142462176
    0.0225877157
    0.0434309771
    0.0509272168
    0.0855122683
    0.0780956628
    0.0341837257
    0.0074042212
   -0.0004456659
   -0.0047985252
    0.0165097141
    0.0244114921
    0.0333875984
    0.0467352353
    0.0731992216
    0.0616428495
    0.0652473350
    0.0464145205
    0.0180481324
    0.0064665231
   -0.0001324075
    0.0179882078
    0.0243897066
    0.0325900127
    0.0454083105
    0.0512701792
    0.0449139999
    0.0387826899
    0.0238442355
    0.0122838315
    0.0046132284
    0.0186593289
    0.0243151854
    0.0316833457
    0.0382950815
    0.0376655278
    0.0327703209
    0.0250010563
    0.0159658002
    0.0085708380
    0.0187709840
    0.0236114024
    0.0285312649
    0.0305923372
    0.0284650528
    0.0237853376
    0.0175290345
    0.0112825160
    0.0216994787
    0.0175540483
   -0.0110513527
   -0.0101846812
   -0.0163818596
   -0.0206968775
   -0.0208598005
   -0.0172901348
   -0.0129973857
   -0.0106193143
   -0.0107783088
   -0.0163056627
   -0.0247941308
   -0.0286224194
   -0.0247465513
   -0.0171170877
   -0.0107709121
   -0.0099860671
   -0.0121564520
   -0.0123735379
   -0.0052299241
   -0.0136088933
   -0.0268918551
   -0.0386984919
   -0.0383041739
   -0.0263204533
   -0.0127000302
   -0.0041288849
   -0.0110417957
   -0.0144015230
   -0.0133883813
   -0.0013210168
   -0.0080309827
   -0.0238873958
   -0.0477440424
   -0.0603853074
   -0.0465577601
   -0.0220078423
    0.0134962814
    0.0053560211
   -0.0157524140
   -0.0165127309
    0.0021495838
   -0.0010316398
   -0.0138319739
   -0.0472743610
   -0.0815114460
   -0.0835793216
   -0.0449264032
    0.0064756631
   -0.0085290110
   -0.0208138333
   -0.0173493281
    0.0045790082
    0.0046524175
    0.0012011013
   -0.0281455607
   -0.0870305759
   -0.0886743368
   -0.0247600561
   -0.0260467380
   -0.0225613446
   -0.0166852834
    0.0059957919
    0.0077615269
    0.0123558531
    0.0121616063
   -0.0577449196
   -0.0555298344
   -0.0212624367
   -0.0298613960
   -0.0212237554
    0.0066499080
    0.0091124814
    0.0146436074
    0.0266368676
   -0.0351258923
   -0.0270079151
   -0.0183105328
    0.0093977545
    0.0144916829
    0.0464865813
   -0.0238190307
   -0.0323860156
   -0.0220093553
    0.0090631542
    0.0134272201
    0.0289040219
    0.0105072857
   -0.0323092668
   -0.0249588510
   -0.0170492591
    0.0121016722
    0.0196534179
   -0.0212916290
   -0.0246036414
   -0.0181563462
    0.0106667016
    0.0159691325
    0.0313674629
   -0.0061800266
   -0.0182817337
   -0.0170637335
    0.0132738163
    0.0204624223
    0.0413083964
    0.0711374974
    0.0405521725
    0.0067220885
   -0.0075200656
   -0.0127752591
   -0.0118248468
    0.0110980165
    0.0158859721
    0.0235471592
    0.0318068072
    0.0371548458
    0.0343485919
    0.0463460229
    0.0675579954
    0.0490798292
    0.0184418019
    0.0032444733
   -0.0059284449
   -0.0087963964
    0.0128221229
    0.0178447344
    0.0237642775
    0.0297161021
    0.0362575725
    0.0416428211
    0.0460484956
    0.0448786537
    0.0251984172
    0.0114185935
    0.0013726730
   -0.0043686986
    0.0142004301
    0.0188550713
    0.0240601693
    0.0305465243
    0.0366914492
    0.0384475674
    0.0363376230
    0.0273233425
    0.0164011142
    0.0073310222
    0.0004684026
    0.0150800625
    0.0192839280
    0.0242095513
    0.0294998555
    0.0323637899
    0.0311370012
    0.0262964219
    0.0187750043
    0.0113012848
    0.0047083093
    0.0154864703
    0.0192210547
    0.0232487745
    0.0263322753
    0.0266523050
    0.0240465225
    0.0192047655
    0.0134594482
    0.0078079966
    0.0183989451
    0.0142547102
    0.0097183620
   -0.0126153527
   -0.0202437092
   -0.0230524076
   -0.0215468326
   -0.0176633721
   -0.0144100490
   -0.0134662638
   -0.0135939671
   -0.0221973845
   -0.0294000658
   -0.0299371854
   -0.0242041143
   -0.0174645974
   -0.0141355817
   -0.0151661537
   -0.0155213659
   -0.0102251345
   -0.0215508580
   -0.0355418932
   -0.0427165284
   -0.0365571908
   -0.0242692635
   -0.0142079704
   -0.0145473452
   -0.0185115570
   -0.0174730065
   -0.0008921761
   -0.0056228640
   -0.0169426138
   -0.0377553612
   -0.0588899479
   -0.0594935462
   -0.0393115322
   -0.0183037653
   -0.0048787900
   -0.0200869744
   -0.0226565272
   -0.0186031351
    0.0016700767
   -0.0007774844
   -0.0089485282
   -0.0312622746
   -0.0709699637
   -0.0878064978
   -0.0719496989
   -0.0334538147
    0.0091069015
   -0.0079940515
   -0.0304164659
   -0.0251535428
    0.0035234448
    0.0030929519
   -0.0004472525
   -0.0162082311
   -0.0637299663
   -0.0640976952
   -0.0143551776
   -0.0405641623
   -0.0364138823
   -0.0247164410
    0.0055522200
    0.0057326857
    0.0005071897
   -0.0313134237
   -0.0371632609
    0.0154338426
   -0.0419771264
   -0.0566210902
   -0.0349506987
   -0.0220225185
    0.0067765954
    0.0090078782
    0.0123360520
    0.0089393093
   -0.0444315829
   -0.0464666803
    0.0308719667
   -0.0767417380
   -0.0515375810
   -0.0292078058
    0.0071561617
    0.0099912667
    0.0164674475
    0.0024557694
    0.0181488541
   -0.0701087102
   -0.0386661034
   -0.0227708719
    0.0097865527
    0.0149381973
    0.0505590796
    0.0875500600
   -0.0534861430
   -0.0471507006
   -0.0273258123
    0.0091185386
    0.0131346721
    0.0228644282
    0.0973954279
   -0.0434338322
   -0.0299601754
   -0.0192338243
    0.0115746727
    0.0166333600
    0.0311426251
    0.0332025951
    0.0243252710
    0.0808666829
    0.0948728094
   -0.0201126803
   -0.0269319411
   -0.0196116198
    0.0100947896
    0.0140987324
    0.0190530405
    0.0276363683
    0.0317951745
    0.0023252688
    0.0372332465
    0.0679426362
    0.0509737595
    0.0054004327
   -0.0166004436
   -0.0170812438
    0.0119260255
    0.0161534830
    0.0198884591
    0.0234869487
    0.0178791214
    0.0208438232
    0.0508654163
    0.0543008530
    0.0333494380
    0.0155073274
   -0.0036351509
   -0.0113438660
   -0.0113418108
    0.0135039515
    0.0174450444
    0.0208769144
    0.0237295273
    0.0246459356
    0.0336860698
    0.0409521351
    0.0277870471
    0.0180203889
    0.0060782600
   -0.0040117619
   -0.0077579415
    0.0146266236
    0.0182613603
    0.0219784106
    0.0253674507
    0.0288371719
    0.0316289048
    0.0268907616
    0.0189666224
    0.0114996328
    0.0026113620
   -0.0032740793
    0.0152922058
    0.0187154697
    0.0222633528
    0.0252722359
    0.0268012127
    0.0250248068
    0.0197063954
    0.0139990887
    0.0072578397
    0.0010828916
    0.0155479695
    0.0185838942
    0.0213581951
    0.0229485776
    0.0224070622
    0.0193572060
    0.0149638699
    0.0099047147
    0.0045404858
    0.0180387792
    0.0149853910
    0.0111457762
    0.0068530099
   -0.0224254366
   -0.0234375197
   -0.0181736326
   -0.0165539621
   -0.0162044418
   -0.0179293836
   -0.0261583858
   -0.0304748079
   -0.0284125433
   -0.0231686074
   -0.0193558323
   -0.0188445899
   -0.0189374486
   -0.0157858707
   -0.0280961436
   -0.0389313854
   -0.0400496038
   -0.0320544858
   -0.0238912461
   -0.0212415092
   -0.0232479315
   -0.0221899481
   -0.0037818894
   -0.0112885003
   -0.0259564872
   -0.0460098211
   -0.0570305107
   -0.0483989679
   -0.0326528972
   -0.0240613127
   -0.0276366209
   -0.0299497500
   -0.0247186780
   -0.0003461757
   -0.0054703057
   -0.0187597528
   -0.0457473233
   -0.0747056452
   -0.0760812278
   -0.0497183394
   -0.0305348168
   -0.0310721399
   -0.0425847152
   -0.0357025022
   -0.0252328759
    0.0023691717
    0.0000444149
   -0.0086803068
   -0.0334431104
   -0.0807587805
   -0.0813516087
   -0.0407736609
   -0.0342858582
   -0.0624677305
   -0.0572524959
   -0.0366898662
   -0.0235424018
    0.0041556513
    0.0040875181
    0.0008199038
   -0.0142859349
   -0.0592946807
   -0.0574752357
   -0.0203785666
   -0.0603797538
   -0.0975597660
   -0.0585465930
   -0.0328426550
    0.0051218119
    0.0063415663
    0.0073426074
    0.0057668448
   -0.0185048383
   -0.0726652429
   -0.0627719336
    0.0061971521
   -0.0977972209
   -0.0481039380
   -0.0268301865
    0.0072063926
    0.0099069427
    0.0194740058
   -0.0147945538
    0.0144371549
   -0.0712599388
   -0.0354519039
    0.0072894092
    0.0100838254
    0.0170817544
   -0.0012377608
    0.0185311019
    0.0285433870
   -0.0841536223
   -0.0452513561
   -0.0253004615
    0.0095051276
    0.0136125360
    0.0390225690
    0.0267961251
    0.0174058512
    0.0471778207
   -0.0512874525
   -0.0501973636
   -0.0289367102
    0.0087021693
    0.0119023320
    0.0168237124
    0.0047637098
    0.0345960338
    0.0169681745
   -0.0397070255
   -0.0291926713
   -0.0192464662
    0.0105052758
    0.0138989523
    0.0176683354
    0.0240893123
    0.0110199567
    0.0139465757
    0.0449906074
   -0.0148637202
   -0.0233166106
   -0.0183512813
    0.0121330780
    0.0151342743
    0.0172373789
    0.0169565879
    0.0137120884
    0.0336969216
    0.0373836827
    0.0057519026
   -0.0122093784
   -0.0146482062
    0.0104642254
    0.0133708916
    0.0160056640
    0.0179286298
    0.0182946026
    0.0225048104
    0.0387306866
    0.0371838119
    0.0251797259
    0.0153608313
   -0.0008341337
   -0.0086467445
    0.0114809327
    0.0142164747
    0.0167731196
    0.0189146546
    0.0210332344
    0.0250744068
    0.0260111272
    0.0188148387
    0.0166385876
    0.0070612277
   -0.0021029065
    0.0121924343
    0.0147361620
    0.0172040363
    0.0194154853
    0.0214230153
    0.0220952354
    0.0188559233
    0.0154735116
    0.0107283891
    0.0032417787
    0.0148970766
    0.0170648438
    0.0187756110
    0.0194705248
    0.0181467869
    0.0152184623
    0.0117764225
    0.0066193777
    0.0166293388
    0.0147338780
    0.0119713511
    0.0083277555
    0.0138069972
    0.0117802253
    0.0090571654
   -0.0227455886
   -0.0211075073
   -0.0272236039
   -0.0287341244
   -0.0261335829
   -0.0232195951
   -0.0223176135
   -0.0221673461
   -0.0203973567
   -0.0309581370
   -0.0367751865
   -0.0344579567
   -0.0290185521
   -0.0267814072
   -0.0277906555
   -0.0268698565
   -0.0073546416
   -0.0168861789
   -0.0316085063
   -0.0452260545
   -0.0468831225
   -0.0380619764
   -0.0322595099
   -0.0347737125
   -0.0369296768
   -0.0314679255
   -0.0032179055
   -0.0109870699
   -0.0268422752
   -0.0495814076
   -0.0621843617
   -0.0527955236
   -0.0387973749
   -0.0416829981
   -0.0529494636
   -0.0474112957
   -0.0336671426
    0.0004426496
   -0.0042919068
   -0.0170605669
   -0.0433604978
   -0.0719126631
   -0.0723556786
   -0.0481021558
   -0.0416499691
   -0.0712571495
   -0.0788981789
   -0.0524537957
   -0.0322344461
    0.0030804118
    0.0014498776
   -0.0055415572
   -0.0261350414
   -0.0641740836
   -0.0792010446
   -0.0613854384
   -0.0301984338
   -0.0547619864
   -0.0908596773
   -0.0484250122
   -0.0280744957
    0.0046261886
    0.0051291808
    0.0043453100
   -0.0042178568
   -0.0353761149
   -0.0673405236
   -0.0626464714
   -0.0212363107
   -0.0781927037
   -0.0390990240
    0.0067752789
    0.0092524300
    0.0193363200
    0.0030947330
   -0.0340850709
   -0.0433655614
   -0.0178021171
   -0.0555199730
   -0.0294814624
    0.0072003845
    0.0099495219
    0.0221536724
    0.0020658678
   -0.0156410335
   -0.0052119412
   -0.0744418734
   -0.0371215136
    0.0070638593
    0.0094671395
    0.0146075247
    0.0419038196
    0.0016020298
    0.0081241946
   -0.0767103669
   -0.0432882763
   -0.0250326528
    0.0087715422
    0.0117597218
    0.0191239716
    0.0357178498
    0.0114635849
    0.0096575673
   -0.0460763479
   -0.0419487898
   -0.0265668906
    0.0104219930
    0.0133387087
    0.0174723581
    0.0152695451
    0.0099545298
    0.0316007308
    0.0001277564
   -0.0284091498
   -0.0242773503
    0.0092855694
    0.0117245538
    0.0139347451
    0.0149011789
    0.0131408258
    0.0175135932
    0.0364154931
   -0.0085954478
   -0.0172911468
   -0.0154168676
    0.0103764298
    0.0126081860
    0.0143128794
    0.0149656480
    0.0160375377
    0.0241005427
    0.0475520185
    0.0379126870
    0.0083944848
   -0.0076256657
   -0.0113229866
    0.0111945679
    0.0132143485
    0.0148148276
    0.0160601401
    0.0184355308
    0.0217932243
    0.0183068643
    0.0239037925
    0.0168264371
    0.0012898305
   -0.0059594240
    0.0117405999
    0.0136020736
    0.0151997740
    0.0166962334
    0.0180595918
    0.0170697230
    0.0150138419
    0.0148024915
    0.0069339003
   -0.0007375949
    0.0161071306
    0.0159942594
    0.0143019572
    0.0126165859
    0.0090084838
    0.0031960243
    0.0145682661
    0.0136453158
    0.0118976184
    0.0094168592
    0.0055285237
    0.0113772655
    0.0094246379
   -0.0222439173
   -0.0259422778
   -0.0260712614
   -0.0242294698
   -0.0243874259
   -0.0227840979
   -0.0299728217
   -0.0320204913
   -0.0299172264
   -0.0287250272
   -0.0301382559
   -0.0302420057
   -0.0265027701
   -0.0108859337
   -0.0207284085
   -0.0322016610
   -0.0387273424
   -0.0368923486
   -0.0335360199
   -0.0362472562
   -0.0404339568
   -0.0370852502
   -0.0288166341
   -0.0065069626
   -0.0157471020
   -0.0301989022
   -0.0436530021
   -0.0455332926
   -0.0387973198
   -0.0401516569
   -0.0531721361
   -0.0550785744
   -0.0420820745
   -0.0289259599
   -0.0021215438
   -0.0088938947
   -0.0227731152
   -0.0421351133
   -0.0526332354
   -0.0452150376
   -0.0386959193
   -0.0602837149
   -0.0833954543
   -0.0670566922
   -0.0422108925
   -0.0267381814
    0.0013982495
   -0.0020285793
   -0.0117850983
   -0.0311738816
   -0.0509921730
   -0.0503719154
   -0.0340746667
   -0.0439113577
   -0.1046428470
   -0.0666920683
   -0.0374860727
    0.0036654354
    0.0031006034
   -0.0005131125
   -0.0141521045
   -0.0362367102
   -0.0463708665
   -0.0311253225
   -0.0076285882
   -0.1038038663
   -0.0550145052
   -0.0305289522
    0.0048401366
    0.0057729508
    0.0071543442
    0.0043776498
   -0.0145493515
   -0.0302655552
   -0.0255650116
    0.0085660078
   -0.0817723306
   -0.0407069984
    0.0066995041
    0.0092548949
    0.0160671030
    0.0073062065
   -0.0106967040
   -0.0138356687
    0.0102340069
   -0.0994908634
   -0.0529380940
   -0.0290204842
    0.0068155260
    0.0090029113
    0.0142527097
    0.0202631583
    0.0044293076
   -0.0019855774
    0.0078414202
   -0.0615934326
   -0.0337724307
    0.0084473386
    0.0112456790
    0.0162233367
    0.0127086951
    0.0053487777
    0.0105247039
   -0.0322196454
   -0.0542702868
   -0.0351472074
   -0.0223658132
    0.0078416218
    0.0098951880
    0.0123278524
    0.0132708555
    0.0097215421
    0.0109192047
   -0.0273969518
   -0.0296943146
   -0.0218545922
    0.0089733169
    0.0108703496
    0.0122451999
    0.0118092490
    0.0115971010
    0.0199042752
    0.0063453110
   -0.0174418838
   -0.0181897086
    0.0098557965
    0.0114259661
    0.0122676222
    0.0125196679
    0.0146475642
    0.0226675937
    0.0327048917
   -0.0029527434
   -0.0117164349
    0.0104747261
    0.0118149185
    0.0127036023
    0.0137579738
    0.0156609128
    0.0157301110
    0.0209945451
    0.0393619632
    0.0087033356
   -0.0042764130
    0.0121063176
    0.0131212625
    0.0141467652
    0.0143504449
    0.0130361662
    0.0162991153
    0.0121261617
    0.0018975905
    0.0133999948
    0.0126657755
    0.0118313021
    0.0106597020
    0.0054225379
   -0.0001021977
    0.0120305324
    0.0110056488
    0.0095982659
    0.0067629850
    0.0104503583
    0.0091601640
    0.0071826051
   -0.0227798765
   -0.0269127108
   -0.0276659062
   -0.0277004153
   -0.0295250387
   -0.0310738967
   -0.0289826058
   -0.0219530195
   -0.0291664218
   -0.0316332905
   -0.0310621732
   -0.0333787996
   -0.0387665626
   -0.0392401649
   -0.0328200308
   -0.0095058216
   -0.0184338117
   -0.0287583229
   -0.0347510912
   -0.0341582280
   -0.0348992877
   -0.0450970171
   -0.0537590920
   -0.0471768115
   -0.0343643462
   -0.0049068867
   -0.0125487390
   -0.0241894048
   -0.0346243032
   -0.0363783727
   -0.0336277606
   -0.0442267141
   -0.0694702798
   -0.0710514082
   -0.0505160998
   -0.0327671305
   -0.0007621989
   -0.0057220552
   -0.0158232851
   -0.0288475459
   -0.0353752460
   -0.0309913433
   -0.0324807874
   -0.0699474871
   -0.0988907611
   -0.0787216842
   -0.0469505433
   -0.0287461799
    0.0022220369
    0.0002429443
   -0.0059751903
   -0.0179670419
   -0.0284652261
   -0.0271361203
   -0.0176580536
   -0.0377301640
   -0.1076035373
   -0.0701598345
   -0.0388575985
    0.0039503259
    0.0040188721
    0.0024107983
   -0.0054585021
   -0.0166540469
   -0.0202037282
   -0.0078730976
    0.0079377742
   -0.1008141250
   -0.0529190593
   -0.0300416318
    0.0056856286
    0.0067676087
    0.0048525292
   -0.0042597701
   -0.0105508383
   -0.0045553885
   -0.0691203541
   -0.0371569520
    0.0061949462
    0.0077724178
    0.0092945562
    0.0051933383
   -0.0013683958
   -0.0016707975
   -0.0824026417
   -0.0760409049
   -0.0429242558
   -0.0258761361
    0.0076732154
    0.0094455555
    0.0093910400
    0.0051759002
    0.0032943690
    0.0122790444
   -0.0058009919
   -0.0558829795
   -0.0424861956
   -0.0275227067
    0.0073358116
    0.0088483697
    0.0098828787
    0.0086261740
    0.0069505526
    0.0090537314
   -0.0157037023
   -0.0315658817
   -0.0256842921
    0.0082802186
    0.0094983194
    0.0097760535
    0.0090918311
    0.0097842349
    0.0156174707
   -0.0131018282
   -0.0194157804
    0.0089557515
    0.0098404363
    0.0100594657
    0.0104151582
    0.0118514284
    0.0150215277
    0.0078876982
   -0.0101235314
    0.0094099722
    0.0101601774
    0.0106644617
    0.0114247117
    0.0117300739
    0.0121569126
    0.0339817307
    0.0200982086
   -0.0007991502
   -0.0077444874
    0.0110674625
    0.0114336998
    0.0108240276
    0.0121824028
    0.0146421307
    0.0052944967
   -0.0025303097
    0.0109125139
    0.0107076957
    0.0100801021
    0.0100767370
    0.0071366052
    0.0014422417
    0.0102322604
    0.0096621246
    0.0087992034
    0.0071722730
    0.0037431401
    0.0083928232
    0.0070618682
   -0.0268625413
   -0.0292966990
   -0.0292429994
   -0.0210236736
   -0.0251063273
   -0.0266723815
   -0.0288137292
   -0.0337103670
   -0.0370886864
   -0.0342120790
   -0.0274410308
   -0.0187770634
   -0.0249633268
   -0.0275775981
   -0.0290163955
   -0.0354523214
   -0.0452530594
   -0.0462529083
   -0.0374842492
   -0.0273445252
   -0.0073467326
   -0.0143847134
   -0.0222441697
   -0.0268455627
   -0.0275055287
   -0.0323140110
   -0.0491587765
   -0.0617089061
   -0.0529549243
   -0.0373519579
   -0.0030849462
   -0.0086250558
   -0.0166770690
   -0.0234024557
   -0.0245749578
   -0.0248827298
   -0.0415205314
   -0.0738358454
   -0.0757356992
   -0.0527283104
   -0.0337840251
    0.0003784505
   -0.0028790051
   -0.0093565480
   -0.0169579992
   -0.0200120334
   -0.0164791749
   -0.0217151261
   -0.0639858357
   -0.0984852151
   -0.0755795959
   -0.0456414680
   -0.0283417717
    0.0026586378
    0.0015179680
   -0.0021989876
   -0.0088529593
   -0.0136507484
   -0.0101337535
    0.0051586720
   -0.0231654786
   -0.0925836930
   -0.1004800948
   -0.0611823017
   -0.0358930458
    0.0040333094
    0.0029610843
   -0.0012439837
   -0.0063904085
   -0.0062453698
    0.0254276402
   -0.0372874559
   -0.0991984334
   -0.0756226899
   -0.0439091463
   -0.0269735386
    0.0051393974
    0.0054927359
    0.0040269798
    0.0001180535
   -0.0019859273
    0.0088924161
   -0.0495406643
   -0.0720918332
   -0.0487006138
   -0.0305141480
    0.0063285714
    0.0064650257
    0.0046110616
    0.0023406767
    0.0032360035
    0.0093876118
   -0.0415339893
   -0.0437861037
   -0.0313205472
    0.0071765674
    0.0068691458
    0.0055050592
    0.0050545100
    0.0086640505
   -0.0031306917
   -0.0274016632
   -0.0271940780
   -0.0209413064
    0.0076546690
    0.0072931484
    0.0069082671
    0.0073041689
    0.0123607940
   -0.0056062649
   -0.0180666181
   -0.0179234727
    0.0080270340
    0.0079970442
    0.0082249524
    0.0083594397
    0.0110204041
    0.0367797749
    0.0164591882
   -0.0066974123
   -0.0125708308
    0.0086885991
    0.0088413177
    0.0083608944
    0.0117419259
    0.0179233419
    0.0029703061
   -0.0062253323
    0.0089850288
    0.0087504126
    0.0084549406
    0.0103933457
    0.0069785271
   -0.0007044021
    0.0087809113
    0.0083077423
    0.0080105903
    0.0069759178
    0.0027180850
    0.0082046164
    0.0075486662
    0.0065632131
    0.0042519337
    0.0064416627
    0.0048851252
   -0.0273631009
   -0.0278520385
   -0.0320918508
   -0.0325201475
   -0.0283342315
   -0.0211616649
   -0.0233884455
   -0.0274842121
   -0.0350799552
   -0.0401230530
   -0.0369565918
   -0.0292154676
   -0.0191088762
   -0.0214824496
   -0.0243764883
   -0.0336155130
   -0.0461888916
   -0.0479601115
   -0.0386592284
   -0.0280179764
   -0.0153693729
   -0.0183521278
   -0.0193509616
   -0.0261106387
   -0.0451253692
   -0.0590659746
   -0.0513184250
   -0.0365786652
   -0.0052709389
   -0.0103050395
   -0.0140576328
   -0.0139699643
   -0.0142746014
   -0.0316469655
   -0.0615413342
   -0.0655385256
   -0.0476143660
   -0.0316546085
   -0.0010259190
   -0.0048855079
   -0.0089106260
   -0.0094168150
   -0.0025577504
   -0.0052381200
   -0.0434736746
   -0.0716219543
   -0.0592895633
   -0.0392032650
   -0.0257723085
    0.0019704549
   -0.0002453326
   -0.0036721622
   -0.0054010079
    0.0011632904
   -0.0029048632
   -0.0538515448
   -0.0637089651
   -0.0457678578
   -0.0301301087
    0.0028832498
    0.0007123126
   -0.0014410028
    0.0003079082
    0.0357111814
   -0.0193974534
   -0.0498038215
   -0.0465019233
   -0.0329458290
    0.0045481145
    0.0036460374
    0.0019887847
    0.0015269334
    0.0083587735
    0.0179310198
   -0.0248728047
   -0.0367466192
   -0.0318151294
   -0.0234364232
    0.0052056877
    0.0043859652
    0.0036015987
    0.0042736175
    0.0130096691
    0.0212892493
   -0.0043581349
   -0.0200124862
   -0.0251852179
   -0.0218784163
    0.0052650005
    0.0051444626
    0.0056811696
    0.0077513986
    0.0061595027
   -0.0032453895
   -0.0146524908
   -0.0174387302
    0.0061540794
    0.0061193037
    0.0057580654
    0.0061208911
    0.0070479780
   -0.0038016099
   -0.0109852650
    0.0067631039
    0.0064443669
    0.0059144662
    0.0071951366
    0.0033661671
   -0.0043738911
    0.0069426770
    0.0064325568
    0.0062259393
    0.0053570792
    0.0005016264
   -0.0042655070
    0.0067583590
    0.0061821691
    0.0054395678
    0.0029873222
   -0.0008732124
    0.0063029386
    0.0054932495
    0.0039960705
   -0.0263893006
   -0.0286322663
   -0.0266191105
   -0.0321199363
   -0.0331164546
   -0.0289160434
   -0.0188035768
   -0.0238973869
   -0.0326842979
   -0.0386029380
   -0.0360409100
   -0.0287308003
   -0.0152011320
   -0.0183830126
   -0.0280983878
   -0.0405997627
   -0.0433210544
   -0.0358564212
   -0.0113744096
   -0.0116990631
   -0.0180442893
   -0.0348808020
   -0.0472277895
   -0.0432445760
   -0.0324804711
   -0.0077043899
   -0.0063784743
   -0.0048828830
   -0.0199442265
   -0.0418730399
   -0.0475405224
   -0.0381545267
   -0.0273269252
   -0.0041889621
   -0.0034962888
    0.0040502658
    0.0030460095
   -0.0255394722
   -0.0431125858
   -0.0409167402
   -0.0307929582
   -0.0014384562
    0.0033334362
    0.0200534707
   -0.0029856271
   -0.0290213894
   -0.0370236240
   -0.0317709853
   -0.0237361050
    0.0007101062
    0.0018623305
    0.0105971524
    0.0129705630
   -0.0130354344
   -0.0262084085
   -0.0283335099
   -0.0236302709
    0.0024967406
    0.0042189136
    0.0076583086
   -0.0024002195
   -0.0136996524
   -0.0205447671
   -0.0207950595
    0.0036992386
    0.0037887933
    0.0040837963
    0.0015254570
   -0.0040828758
   -0.0111154829
   -0.0154133530
    0.0045272459
    0.0042719506
    0.0031806342
    0.0011310921
   -0.0031607918
   -0.0089166777
    0.0049566326
    0.0043083639
    0.0032665521
    0.0013969609
   -0.0031746215
   -0.0072730883
    0.0054619666
    0.0050322658
    0.0042790071
    0.0032153155
    0.0005526758
   -0.0032918497
    0.0054488290
    0.0048680064
    0.0040039182
    0.0024228837
   -0.0003630861
    0.0044793149
    0.0033428057
   -0.0248901173
   -0.0276690093
   -0.0178658405
   -0.0233972494
   -0.0292093044
   -0.0307373265
   -0.0273018537
   -0.0140905633
   -0.0190831829
   -0.0273848561
   -0.0331855806
   -0.0318827463
   -0.0100807357
   -0.0127778674
   -0.0212117971
   -0.0315868586
   -0.0348835809
   -0.0303755303
   -0.0067075165
   -0.0066409270
   -0.0116964016
   -0.0243935322
   -0.0337525814
   -0.0330558219
   -0.0267529268
   -0.0040414372
   -0.0029291156
   -0.0023974933
   -0.0129456809
   -0.0268416812
   -0.0320650279
   -0.0285049571
   -0.0017257199
   -0.0012699152
    0.0015521384
   -0.0016955733
   -0.0161119488
   -0.0261496213
   -0.0273414398
    0.0000392338
    0.0014715525
    0.0027610122
   -0.0061249197
   -0.0171630515
   -0.0225473088
   -0.0217814126
    0.0014364849
    0.0016141823
    0.0023485600
   -0.0007229081
   -0.0087182092
   -0.0153842204
   -0.0180416106
    0.0024232851
    0.0023636062
    0.0011949808
   -0.0029266245
   -0.0082657706
   -0.0126422752
    0.0030293454
    0.0023266819
    0.0003586321
   -0.0029195015
   -0.0070823090
    0.0037471623
    0.0032352079
    0.0021554270
    0.0002972794
   -0.0026693120
   -0.0060498193
    0.0039164886
    0.0032078194
    0.0020405304
    0.0001444733
   -0.0026341987
    0.0030337673
    0.0017478022
   -0.0002439825
   -0.0141424648
   -0.0191997945
   -0.0244772925
   -0.0263272871
   -0.0102637930
   -0.0145249880
   -0.0213263697
   -0.0262909837
   -0.0261761036
   -0.0067747505
   -0.0090638676
   -0.0154911756
   -0.0230904345
   -0.0262674797
   -0.0041819892
   -0.0046557226
   -0.0086341821
   -0.0169340437
   -0.0233405334
   -0.0241743540
   -0.0022358181
   -0.0021648833
   -0.0033520754
   -0.0097280514
   -0.0176610465
   -0.0216009506
   -0.0007562763
   -0.0008535098
   -0.0040742691
   -0.0110366208
   -0.0167499518
    0.0004274596
    0.0002480069
   -0.0010753890
   -0.0055282119
   -0.0110266189
   -0.0146036853
    0.0011671626
    0.0004247217
   -0.0019580998
   -0.0059770456
   -0.0099067397
    0.0014862659
    0.0001641348
   -0.0023426929
   -0.0055826461
    0.0015093835
   -0.0000217344
   -0.0023041363
   -0.0049808246
    0.0014225140
   -0.0001227148
   -0.0022189222
   -0.0076995842
   -0.0111001327
   -0.0161407221
   -0.0049749955
   -0.0070578889
   -0.0115787202
   -0.0167030391
   -0.0040062092
   -0.0070676010
   -0.0121566542
   -0.0163262739
   -0.0020381997
   -0.0037156225
   -0.0076054524
   -0.0121700128
   -0.0016216392
   -0.0040645554
   -0.0079147183
   -0.0113626420
   -0.0002349161
   -0.0017008194
   -0.0044047493
   -0.0076079189
   -0.0001299943
   -0.0018860860
   -0.0043720788
   -0.0001726297
   -0.0019373453
   -0.0058212411
   -0.0059471126
