    0.0032942081
    0.0054712834
    0.0022798386
    0.0047999240
    0.0065580973
    0.0011999641
    0.0037889748
    0.0059975740
    0.0001837807
    0.0026833207
    0.0050543979
    0.0067543849
    0.0016382744
    0.0039596903
    0.0059776922
    0.0006650679
    0.0028775539
    0.0049890598
    0.0065298060
    0.0018572981
    0.0039119438
    0.0057139028
    0.0008809154
    0.0028373006
    0.0047048988
    0.0059977231
    0.0018112055
    0.0036029568
    0.0050909858
    0.0042505906
    0.0004115466
    0.0034890821
    0.0061880982
    0.0074803791
   -0.0009175361
    0.0022924052
    0.0056055856
    0.0078300966
    0.0082815400
    0.0009320126
    0.0043771585
    0.0074385057
    0.0087336247
   -0.0003398415
    0.0029341160
    0.0062300425
    0.0084970760
    0.0089569300
   -0.0014619269
    0.0016466906
    0.0047157050
    0.0075000694
    0.0088566565
   -0.0024970971
    0.0005518061
    0.0033291143
    0.0061278671
    0.0082168069
    0.0087934780
   -0.0005438991
    0.0021709900
    0.0047089184
    0.0072231209
    0.0084506342
   -0.0016495645
    0.0010620080
    0.0034143700
    0.0059805489
    0.0078135002
    0.0081752375
   -0.0000978456
    0.0022456437
    0.0045934895
    0.0068179435
    0.0076866747
    0.0011033643
    0.0032602378
    0.0054644874
    0.0068479061
    0.0020434480
    0.0040250267
    0.0056470703
    0.0027153173
    0.0042975621
    0.0013039541
    0.0041346712
    0.0061875478
   -0.0000500897
    0.0033942752
    0.0064988305
    0.0079475268
   -0.0016904588
    0.0020601335
    0.0061894053
    0.0089260295
    0.0091856830
   -0.0034015434
    0.0003669157
    0.0048677887
    0.0092466229
    0.0104833931
    0.0096967308
   -0.0049593789
   -0.0013178122
    0.0029821266
    0.0079389016
    0.0111244415
    0.0108236149
   -0.0027787681
    0.0013025004
    0.0056477418
    0.0099857822
    0.0113192936
    0.0105366203
   -0.0040508343
    0.0000827184
    0.0037322100
    0.0076853194
    0.0105934199
    0.0109140597
   -0.0051557559
   -0.0010676017
    0.0025250163
    0.0055608454
    0.0090591231
    0.0106526858
    0.0103411585
   -0.0025043563
    0.0015145930
    0.0039395797
    0.0073504597
    0.0100170083
    0.0103171355
   -0.0037763239
   -0.0000187970
    0.0028063518
    0.0055022199
    0.0091298085
    0.0100787317
    0.0095073348
   -0.0016175349
    0.0015245634
    0.0039064626
    0.0074689970
    0.0095292008
    0.0092427116
    0.0000692319
    0.0026015683
    0.0053807628
    0.0081535248
    0.0086450071
   -0.0011468983
    0.0012952630
    0.0036539134
    0.0061542848
    0.0074921812
    0.0000860702
    0.0022187332
    0.0042961336
    0.0059030874
    0.0027668406
    0.0042915963
    0.0009490044
    0.0037336716
    0.0058283442
   -0.0005255875
    0.0029691123
    0.0061464485
    0.0077936714
   -0.0024534470
    0.0015459551
    0.0060056875
    0.0090915365
    0.0094759484
   -0.0046711844
   -0.0004555432
    0.0048088353
    0.0104647494
    0.0116426677
    0.0104423202
   -0.0068797598
   -0.0027199106
    0.0025849210
    0.0101664097
    0.0147057131
    0.0125881334
    0.0107022024
   -0.0048917569
    0.0003090304
    0.0068885834
    0.0158727287
    0.0151171274
    0.0123388535
   -0.0067143578
   -0.0013879286
    0.0038741743
    0.0111816865
    0.0157894726
    0.0136713921
    0.0117521616
   -0.0081172391
   -0.0025938282
    0.0026266580
    0.0069445844
    0.0123854082
    0.0137803136
    0.0126185840
   -0.0088961340
   -0.0042444278
    0.0026124942
    0.0050745395
    0.0091725507
    0.0126195928
    0.0128558513
    0.0116325474
   -0.0059837347
    0.0007599795
    0.0048963919
    0.0067019785
    0.0120536236
    0.0128225166
    0.0118861285
   -0.0068442781
   -0.0022260894
    0.0033982984
    0.0045048508
    0.0112515519
    0.0134980047
    0.0119452812
   -0.0041365919
    0.0005364675
    0.0033349067
    0.0072676949
    0.0135001202
    0.0120490225
    0.0103954283
   -0.0016373583
    0.0018530929
    0.0044950347
    0.0097370874
    0.0114119196
    0.0099778871
   -0.0028436999
    0.0001780023
    0.0029662768
    0.0061175385
    0.0090763242
    0.0090639669
   -0.0011528719
    0.0014554668
    0.0039533238
    0.0063795124
    0.0074821748
    0.0022807390
    0.0042638599
    0.0056255903
    0.0025947186
    0.0032470039
   -0.0008706477
    0.0024336469
    0.0053981574
    0.0071781632
   -0.0029731963
    0.0009615668
    0.0050909538
    0.0081778294
    0.0090605180
   -0.0056267803
   -0.0012437804
    0.0038945280
    0.0094091236
    0.0111983253
    0.0104842845
   -0.0085807004
   -0.0040983619
    0.0015925147
    0.0102477013
    0.0157805464
    0.0131935617
    0.0112132344
   -0.0073441144
   -0.0012555222
    0.0076921044
    0.0262238637
    0.0190250236
    0.0136199387
    0.0113452303
   -0.0103883482
   -0.0041444511
    0.0034408580
    0.0249084991
    0.0334510251
    0.0169289805
    0.0132979222
   -0.0125874081
   -0.0064787968
    0.0011261354
    0.0106734338
    0.0331970775
    0.0207753822
    0.0151281304
    0.0126386765
   -0.0135342889
   -0.0084835453
    0.0020882603
    0.0073751604
    0.0151627295
    0.0191986048
    0.0160867256
    0.0139868832
   -0.0103921468
    0.0017032345
    0.0134388972
    0.0132148059
    0.0155141182
    0.0158180931
    0.0146875036
    0.0126587185
   -0.0110848014
   -0.0034521080
    0.0154582310
    0.0130569506
    0.0211830554
    0.0178566256
    0.0149180492
    0.0131641773
   -0.0068921714
    0.0039963532
    0.0113888758
    0.0169410538
    0.0326138975
    0.0163162508
    0.0132266578
   -0.0077185875
   -0.0022632719
    0.0047623519
    0.0061733211
    0.0296983516
    0.0207353166
    0.0132865999
    0.0111827694
   -0.0044671003
    0.0005952633
    0.0038024745
    0.0102656432
    0.0187044494
    0.0132891959
    0.0106827712
   -0.0016744323
    0.0021570830
    0.0053452579
    0.0106097109
    0.0116891753
    0.0098462041
    0.0002933520
    0.0033912272
    0.0063767062
    0.0086392467
    0.0084659349
    0.0015314922
    0.0040079508
    0.0059332503
    0.0066445333
    0.0021076152
    0.0038266888
    0.0047970400
    0.0019994568
    0.0046685572
   -0.0031445371
    0.0005664401
    0.0041906518
    0.0070215840
    0.0082794691
   -0.0059974793
   -0.0016586510
    0.0029204470
    0.0073679833
    0.0097662736
    0.0099320479
   -0.0094951852
   -0.0048540560
    0.0006552550
    0.0070764307
    0.0122688332
    0.0122797949
    0.0110896853
   -0.0090973389
   -0.0025219497
    0.0052516373
    0.0206402014
    0.0174737598
    0.0137354626
    0.0116499669
   -0.0159993253
   -0.0138063950
   -0.0068642704
    0.0019819799
    0.0371825461
    0.0490234132
    0.0183389795
    0.0141604488
    0.0116684203
   -0.0173223358
   -0.0176658041
   -0.0119255386
   -0.0017272834
    0.0212345569
    0.0347721688
    0.0171767372
    0.0139385670
   -0.0194629676
   -0.0161278231
   -0.0047396274
    0.0100686706
    0.0204948025
    0.0163186769
    0.0131598716
   -0.0188813577
   -0.0185146747
   -0.0051909099
    0.0148060620
    0.0306859988
    0.0417618694
    0.0222531210
    0.0180376187
    0.0150783062
   -0.0166155416
   -0.0184680442
   -0.0094965605
    0.0213955347
    0.0184062614
    0.0163964100
    0.0133295238
   -0.0163501423
   -0.0133386355
    0.0172196744
    0.0195749146
    0.0166786151
    0.0141970729
   -0.0133171435
   -0.0035020451
    0.0404345719
    0.0168221186
    0.0142662373
   -0.0114856048
   -0.0079507175
    0.0036148119
    0.0130996196
    0.0194234202
    0.0138051562
    0.0117592022
   -0.0081457397
   -0.0027233728
    0.0041018968
    0.0085292469
    0.0356409900
    0.0221378310
    0.0132538410
    0.0110782421
   -0.0044984064
    0.0006575133
    0.0049767043
    0.0103068996
    0.0155550579
    0.0121829721
    0.0100257018
   -0.0015630571
    0.0026321607
    0.0061676606
    0.0093387057
    0.0098896541
    0.0086481674
    0.0003463892
    0.0035918009
    0.0060704311
    0.0072327116
    0.0069646428
    0.0013248672
    0.0035896263
    0.0049045270
    0.0051771195
    0.0003593338
    0.0035679542
    0.0060836776
   -0.0058105848
   -0.0017277692
    0.0024111992
    0.0060664533
    0.0084502685
    0.0091047869
   -0.0094370090
   -0.0048882812
    0.0004038540
    0.0051854545
    0.0093798787
    0.0108993923
    0.0104891162
   -0.0095227591
   -0.0026375780
    0.0031507751
    0.0102553997
    0.0134134667
    0.0129026871
    0.0113938685
   -0.0173849365
   -0.0154569235
   -0.0077640166
    0.0011290863
    0.0133294450
    0.0226200921
    0.0165267493
    0.0140809664
    0.0117665213
   -0.0197323973
   -0.0212609285
   -0.0156134336
   -0.0025669077
    0.0175893235
    0.0298467941
    0.0176685776
    0.0144692089
   -0.0199763365
   -0.0248569224
   -0.0238753002
   -0.0115474334
    0.0165459804
    0.0234429633
    0.0178774256
    0.0141465718
   -0.0250145847
   -0.0290548019
   -0.0204740382
    0.0028677455
    0.0396712983
    0.0216976122
    0.0172322910
    0.0131768921
   -0.0222796998
   -0.0291322798
   -0.0262960878
    0.0091999573
    0.0555723823
    0.0241597613
    0.0205350819
    0.0155822842
   -0.0182569450
   -0.0251603058
   -0.0277585200
    0.0088512311
    0.0249229873
    0.0221719363
    0.0177781483
    0.0134722194
   -0.0198162529
   -0.0242239942
   -0.0126452401
    0.0374606386
    0.0211810353
    0.0186357363
    0.0147797273
   -0.0188832524
   -0.0168829918
    0.0165708608
    0.0236195632
    0.0177860502
    0.0151461096
   -0.0141553778
   -0.0145523712
   -0.0058671758
    0.0181568600
    0.0463265004
    0.0168867700
    0.0144147176
   -0.0115351171
   -0.0081407263
    0.0015245834
    0.0106744809
    0.0293318480
    0.0446138237
    0.0169277174
    0.0130734063
    0.0113900820
   -0.0077872125
   -0.0024750557
    0.0048104482
    0.0102798880
    0.0170349790
    0.0150526833
    0.0115077575
   -0.0041559669
    0.0010582622
    0.0063180911
    0.0099207307
    0.0111039901
    0.0096119636
    0.0084109513
   -0.0014943754
    0.0027515989
    0.0063297753
    0.0078733022
    0.0074361500
    0.0066161959
    0.0000476696
    0.0030909740
    0.0050212664
    0.0052824075
    0.0048455892
    0.0024965844
    0.0032703088
   -0.0016392772
    0.0020782348
    0.0052435288
    0.0073820232
   -0.0045357108
    0.0003358368
    0.0045485041
    0.0079533989
    0.0096272767
   -0.0089090630
   -0.0024147863
    0.0030325455
    0.0077442873
    0.0111640275
    0.0117193628
    0.0107234500
   -0.0149806556
   -0.0072619272
    0.0017522907
    0.0063559685
    0.0125294194
    0.0143950202
    0.0132799812
    0.0113630315
   -0.0201392327
   -0.0218388410
   -0.0159085767
    0.0000667121
    0.0102566630
    0.0183306367
    0.0186305278
    0.0167386864
    0.0141347891
   -0.0213827904
   -0.0273118338
   -0.0272153415
   -0.0116733860
    0.0221070560
    0.0179193718
    0.0142993000
   -0.0204263650
   -0.0292372788
   -0.0367044782
   -0.0301970962
    0.0095173778
    0.0402492096
    0.0237183505
    0.0181473045
    0.0137814570
   -0.0271975311
   -0.0396438974
   -0.0456264897
   -0.0220709592
    0.0341156412
    0.0245962749
    0.0171565119
   -0.0227280114
   -0.0354319217
   -0.0497712320
   -0.0388443991
    0.0460036492
    0.0368619660
    0.0218125838
    0.0152611038
   -0.0278018087
   -0.0422195859
   -0.0458025023
    0.0377870717
    0.0271603493
    0.0180269873
   -0.0204277594
   -0.0308788323
   -0.0393178034
    0.0020716730
    0.0303427725
    0.0264634907
    0.0199530901
    0.0147045658
   -0.0214090059
   -0.0280034786
   -0.0197798324
    0.0427669762
    0.0215383636
    0.0194274709
    0.0155576138
   -0.0149163916
   -0.0191735524
   -0.0175339552
    0.0021909767
    0.0203195632
    0.0170357410
    0.0150619363
   -0.0134336195
   -0.0135734554
   -0.0051430205
    0.0109686799
    0.0299317663
    0.0395229459
    0.0212636912
    0.0146188227
    0.0133569435
   -0.0104581894
   -0.0069413519
    0.0026199913
    0.0127741193
    0.0189667311
    0.0171521413
    0.0125633733
    0.0110628256
   -0.0069293991
   -0.0019183078
    0.0057455827
    0.0123167502
    0.0134084282
    0.0104028410
    0.0086643625
   -0.0038950810
    0.0008525885
    0.0063264633
    0.0094727391
    0.0081706842
    0.0064172925
   -0.0018336812
    0.0018802991
    0.0050583090
    0.0056017303
    0.0044334480
   -0.0007488198
    0.0016581541
    0.0029284228
    0.0026583560
    0.0002083289
    0.0039875562
    0.0068898974
   -0.0077604821
   -0.0023365420
    0.0027844708
    0.0068918998
    0.0096867183
    0.0104330686
   -0.0131104078
   -0.0066394318
    0.0010980539
    0.0060516488
    0.0105963341
    0.0126469619
    0.0121028847
   -0.0196831590
   -0.0141752610
   -0.0011645336
    0.0068229821
    0.0105497692
    0.0151878813
    0.0151779781
    0.0132088158
   -0.0206631783
   -0.0259449857
   -0.0253134004
   -0.0099221980
    0.0267099660
    0.0176331532
    0.0196120915
    0.0196657449
    0.0167552043
    0.0137086757
   -0.0206978305
   -0.0296454114
   -0.0370989173
   -0.0298486327
    0.0312057372
    0.0223444095
    0.0174625135
    0.0136208466
   -0.0293622715
   -0.0441299430
   -0.0530839856
   -0.0233462278
    0.0388212803
    0.0241144563
    0.0173105670
   -0.0257015014
   -0.0428200978
   -0.0666124856
   -0.0671760172
    0.0541365021
    0.0236391176
    0.0161624031
   -0.0206104380
   -0.0351764043
   -0.0620777284
   -0.0877747231
   -0.0459467585
    0.0437060351
    0.0205601232
    0.0143305711
   -0.0260475877
   -0.0464574375
   -0.0774764998
   -0.0677598799
    0.0266152666
    0.0172170159
   -0.0185180737
   -0.0310771157
   -0.0530915379
   -0.0618983200
    0.0204417162
    0.0669572131
    0.0458913773
    0.0303562740
    0.0197879738
   -0.0204149400
   -0.0322903730
   -0.0422368276
   -0.0097651093
    0.0260650989
    0.0246449553
    0.0204491573
    0.0153307743
   -0.0200987184
   -0.0257401622
   -0.0144185145
    0.0291398675
    0.0249512167
    0.0181376330
    0.0183446939
    0.0153699617
   -0.0133360896
   -0.0166551520
   -0.0132349485
    0.0070406294
    0.0377465689
    0.0277222161
    0.0147557363
    0.0147781446
    0.0138339410
   -0.0115454923
   -0.0111237263
   -0.0026017504
    0.0133697457
    0.0350136926
    0.0306907857
    0.0136320150
    0.0111522013
    0.0111220062
   -0.0089190151
   -0.0059136963
    0.0026331565
    0.0143480014
    0.0253336139
    0.0134154707
    0.0081464663
    0.0078850529
    0.0079699178
   -0.0062321192
   -0.0023745253
    0.0044516440
    0.0118667650
    0.0112283860
    0.0059272561
    0.0047990802
    0.0053802435
   -0.0040394173
   -0.0004758247
    0.0040672875
    0.0062773758
    0.0040073610
    0.0023980529
    0.0000537406
    0.0021351073
    0.0019301976
    0.0007564224
   -0.0003775942
    0.0001116663
   -0.0021136448
    0.0022943885
    0.0059266200
    0.0083010084
   -0.0057728352
    0.0003683206
    0.0053910482
    0.0091983068
    0.0109569732
    0.0107511661
   -0.0161770857
   -0.0117370995
   -0.0029071700
    0.0044278679
    0.0094901349
    0.0131265906
    0.0134088199
    0.0119798830
   -0.0219714663
   -0.0206704727
   -0.0098546918
    0.0056741339
    0.0097745387
    0.0153098706
    0.0170989582
    0.0151430772
    0.0126858688
   -0.0264336574
   -0.0314498144
   -0.0244804891
    0.0071345090
    0.0313983516
    0.0197319442
    0.0237516826
    0.0197385871
    0.0160440919
    0.0128872450
   -0.0279038047
   -0.0403931305
   -0.0459518360
   -0.0186088894
    0.0480001969
    0.0314888273
    0.0208373059
    0.0163125507
   -0.0259727367
   -0.0430793166
   -0.0653906378
   -0.0641448449
    0.0351553197
    0.0214794328
    0.0159032652
   -0.0218210868
   -0.0384320434
   -0.0703268052
   -0.0971358460
   -0.0640397906
    0.0395526536
    0.0207321901
    0.0147504119
   -0.0298973234
   -0.0587188407
   -0.0064784058
    0.0302936115
    0.0186572753
   -0.0215815148
   -0.0406840555
   -0.0826389335
    0.0561318198
    0.0236352364
    0.0158456103
   -0.0262141983
   -0.0511216168
   -0.0762621670
    0.0580767128
    0.0280050430
    0.0188286840
   -0.0170777135
   -0.0290885302
   -0.0499237255
   -0.0338992331
    0.0426637286
    0.0272934416
    0.0269791210
    0.0206156560
    0.0144319038
   -0.0176230430
   -0.0269124798
   -0.0282402611
    0.0282472881
    0.0143769819
    0.0210275826
    0.0196214187
    0.0150457520
   -0.0162090623
   -0.0187878164
   -0.0022872316
    0.0410604852
    0.0161704793
    0.0145572231
    0.0161438325
    0.0139811897
    0.0108376415
   -0.0108443727
   -0.0130184090
   -0.0095708312
    0.0079379809
    0.0403335629
    0.0261213081
    0.0099217233
    0.0112959323
    0.0113079253
    0.0097956697
   -0.0093764548
   -0.0093105901
   -0.0035905766
    0.0098619022
    0.0452050279
    0.0371619282
    0.0074721673
    0.0060772207
    0.0075405703
    0.0077365043
   -0.0076094197
   -0.0061087783
   -0.0003270894
    0.0099008887
    0.0185644764
    0.0064956541
    0.0019364907
    0.0034130418
    0.0049641417
   -0.0058531790
   -0.0036944200
    0.0009575166
    0.0056340043
    0.0038535082
   -0.0003118600
   -0.0000164468
    0.0019993157
   -0.0023005125
    0.0002749748
    0.0007337426
   -0.0013963280
   -0.0020536834
   -0.0019823749
   -0.0012916479
   -0.0020826856
    0.0000832934
    0.0044233455
    0.0076643503
    0.0092542691
   -0.0030177530
    0.0031383351
    0.0080107046
    0.0110160740
    0.0115269767
   -0.0156491950
   -0.0085528030
    0.0008100171
    0.0076216926
    0.0128856233
    0.0145788940
    0.0133451314
   -0.0214228197
   -0.0238803827
   -0.0184215686
   -0.0038668543
    0.0076101218
    0.0142335691
    0.0193354629
    0.0173309760
    0.0144386941
   -0.0238104173
   -0.0319717399
   -0.0335306301
   -0.0172479254
    0.0133260752
    0.0168502616
    0.0291264373
    0.0252956233
    0.0185119867
    0.0148989792
   -0.0235666492
   -0.0367497741
   -0.0507418573
   -0.0457002837
    0.0033564504
    0.0442899995
    0.0255290466
    0.0189187480
    0.0148597634
   -0.0209914966
   -0.0358560676
   -0.0617072426
   -0.0816592088
   -0.0502381939
    0.0252490942
    0.0190450386
    0.0142721021
   -0.0301572163
   -0.0589565866
   -0.0960189626
   -0.0224666470
    0.0258386082
    0.0183690840
   -0.0228678693
   -0.0451564726
   -0.0953727517
    0.0443752209
    0.0504009478
    0.0245512939
    0.0165833418
   -0.0302494982
   -0.0679209750
    0.0340476257
    0.0214980696
    0.0139778733
   -0.0195920107
   -0.0382906029
   -0.0811287762
    0.0410083046
    0.0273473623
    0.0170403770
   -0.0217215954
   -0.0415875348
   -0.0499982337
    0.0324276342
    0.0343702106
    0.0295542847
    0.0198263724
    0.0128345249
   -0.0135734721
   -0.0215058310
   -0.0319585495
    0.0148115569
    0.0261279572
    0.0232291825
    0.0253522135
    0.0201361079
    0.0138199136
   -0.0130636916
   -0.0183087052
   -0.0149543188
    0.0380110574
    0.0474130079
    0.0142568427
    0.0190332178
    0.0170743825
    0.0133340548
    0.0097771303
   -0.0090260197
   -0.0118283895
   -0.0139269495
   -0.0058544920
    0.0233220303
    0.0094200248
    0.0102984635
    0.0120030750
    0.0110358338
    0.0090558950
   -0.0083805309
   -0.0102523121
   -0.0103441874
   -0.0018781164
    0.0238542228
    0.0108804798
    0.0009087122
    0.0052421654
    0.0072893267
    0.0072925439
   -0.0075587953
   -0.0085024890
   -0.0068393520
    0.0015683089
    0.0161841196
    0.0093780877
   -0.0040539072
   -0.0016004856
    0.0026336081
    0.0046502509
   -0.0065656812
   -0.0065203846
   -0.0037871968
    0.0014776113
    0.0022937457
   -0.0046103419
   -0.0057045314
   -0.0018162576
    0.0015459286
   -0.0047180986
   -0.0026098896
   -0.0015326495
   -0.0042824353
   -0.0066038288
   -0.0047255214
   -0.0030673659
   -0.0040793019
   -0.0059431404
   -0.0057399927
    0.0023562291
    0.0063878736
    0.0089173884
   -0.0065112572
   -0.0000248089
    0.0058825318
    0.0102493733
    0.0119360564
    0.0114076135
   -0.0171255122
   -0.0130806564
   -0.0045120870
    0.0041723635
    0.0111676171
    0.0152095530
    0.0146677515
    0.0126685171
   -0.0232640364
   -0.0227259406
   -0.0132046348
    0.0005592326
    0.0106774727
    0.0203718215
    0.0203891020
    0.0163432772
    0.0133308682
   -0.0279937279
   -0.0345264276
   -0.0291286276
   -0.0085430386
    0.0090257427
    0.0261368033
    0.0413380328
    0.0225134772
    0.0169432161
    0.0134923592
   -0.0293760018
   -0.0447415722
   -0.0529718931
   -0.0324852218
    0.0043017384
    0.0232391999
    0.0516161849
    0.0215914454
    0.0170673113
   -0.0268479362
   -0.0477726359
   -0.0767821462
   -0.0742886037
   -0.0226464787
    0.0199557880
    0.0314842824
    0.0215562366
    0.0168508630
   -0.0218665548
   -0.0414689159
   -0.0850353313
   -0.0611916809
    0.0056598197
    0.0287550932
    0.0221537827
    0.0159453798
   -0.0304590782
   -0.0689889353
    0.0093064592
    0.0529325602
    0.0570123265
    0.0317730301
    0.0215226716
    0.0141400002
   -0.0205314994
   -0.0427150086
   -0.1000950534
    0.0498780823
    0.0330327211
    0.0184123490
    0.0118222971
   -0.0138473615
   -0.0240811922
   -0.0551046604
    0.0575416654
    0.0541532109
    0.0253006114
    0.0143389277
   -0.0144703117
   -0.0249687955
   -0.0487382507
    0.0598057175
    0.0499269008
    0.0329826465
    0.0171127086
    0.0108469788
   -0.0098549823
   -0.0136858926
   -0.0218495289
   -0.0156641710
    0.0383305736
    0.0296591964
    0.0185543581
    0.0118116740
   -0.0093324090
   -0.0125148493
   -0.0178232794
    0.0000898731
    0.0381643142
    0.0320471428
    0.0213552693
    0.0164337920
    0.0117508052
   -0.0070627843
   -0.0088256075
   -0.0122688778
   -0.0180857230
   -0.0077198513
    0.0404828842
    0.0106059654
    0.0079591342
    0.0123137017
    0.0116311369
    0.0100616320
    0.0079950809
   -0.0067368369
   -0.0086409391
   -0.0124182106
   -0.0168016769
   -0.0020060733
    0.0354526481
    0.0134314776
   -0.0137783802
   -0.0021853728
    0.0048898595
    0.0068027239
    0.0066255691
   -0.0064608824
   -0.0083666971
   -0.0111387307
   -0.0094835342
    0.0023681601
    0.0038406824
   -0.0158707993
   -0.0137623335
   -0.0033345456
    0.0023471009
    0.0043577359
   -0.0061034080
   -0.0075099349
   -0.0080121033
   -0.0045166722
   -0.0024113492
   -0.0108028723
   -0.0158572335
   -0.0096550154
   -0.0024885363
   -0.0055411503
   -0.0061385320
   -0.0054752575
   -0.0044127614
   -0.0075311286
   -0.0126244867
   -0.0116469317
   -0.0062326062
   -0.0047381070
   -0.0059345519
   -0.0091081732
   -0.0104682494
   -0.0078992834
   -0.0083359682
    0.0078991700
   -0.0033534170
    0.0029280151
    0.0083399063
    0.0115425967
    0.0119081542
   -0.0150285891
   -0.0090155523
   -0.0004246094
    0.0076706862
    0.0140096599
    0.0155377817
    0.0138019321
   -0.0200927225
   -0.0224599310
   -0.0181290472
   -0.0069975826
    0.0048048008
    0.0159896343
    0.0225182580
    0.0185493956
    0.0148424233
   -0.0221610215
   -0.0296839141
   -0.0312172443
   -0.0195903518
   -0.0016935381
    0.0139699200
    0.0417561431
    0.0308311149
    0.0194059533
    0.0151553601
   -0.0217257374
   -0.0338744683
   -0.0462411986
   -0.0416588076
   -0.0159528605
    0.0069440257
    0.0280808281
    0.0191761855
    0.0150202059
   -0.0190790908
   -0.0326907471
   -0.0564035732
   -0.0720046443
   -0.0451124643
   -0.0047173740
    0.0253280212
    0.0239394211
    0.0190674068
    0.0144761419
   -0.0268452720
   -0.0534319347
   -0.0946549140
   -0.0227223463
    0.0100338476
    0.0340614936
    0.0247128686
    0.0189406849
    0.0133492058
   -0.0196072965
   -0.0391068216
   -0.0912886399
    0.0189886193
    0.0388775568
    0.0288255032
    0.0175206092
    0.0116660621
   -0.0137169416
   -0.0239391271
   -0.0562498901
    0.0726990384
    0.0267567120
    0.0146351935
   -0.0098586951
   -0.0143089257
   -0.0242315970
   -0.0587210491
    0.1194121656
    0.0625151704
    0.0192592923
    0.0115314020
   -0.0096382181
   -0.0112030824
   -0.0123464946
   -0.0032941909
    0.0263000729
    0.0134519793
   -0.0072746395
   -0.0080550729
   -0.0041530265
   -0.0058515135
    0.0495244236
    0.0284812517
    0.0147634606
    0.0096658231
   -0.0066329669
   -0.0062898115
   -0.0058961479
   -0.0163546411
    0.0352448349
    0.0197060188
    0.0138216309
    0.0097405589
   -0.0060788801
   -0.0071214616
   -0.0143175561
   -0.0364737261
    0.0020799942
    0.0359633088
   -0.0131455883
   -0.0002978920
    0.0121723137
    0.0109199087
    0.0101303766
    0.0086343835
   -0.0052365166
   -0.0061695508
   -0.0093217815
   -0.0199892063
   -0.0282416575
    0.0037787999
   -0.0090293769
   -0.0456223039
   -0.0261277327
   -0.0027989167
    0.0044139854
    0.0061292167
    0.0058556415
   -0.0050961108
   -0.0065541426
   -0.0102944145
   -0.0163833356
   -0.0100543008
   -0.0052113399
   -0.0319960084
   -0.0391505354
   -0.0181755988
   -0.0032669635
    0.0023752079
    0.0040674754
   -0.0050229552
   -0.0065677358
   -0.0090739284
   -0.0093670031
   -0.0064937339
   -0.0158717676
   -0.0295363446
   -0.0241776903
   -0.0106283767
   -0.0021199178
   -0.0048490415
   -0.0060096817
   -0.0069037530
   -0.0065757302
   -0.0094624682
   -0.0179845162
   -0.0209857822
   -0.0142913753
   -0.0061914630
   -0.0052190410
   -0.0056663051
   -0.0069411816
   -0.0111431230
   -0.0152062673
   -0.0138744058
   -0.0085947834
   -0.0105273600
   -0.0114306520
    0.0055666173
    0.0099695241
    0.0117247047
   -0.0112880411
   -0.0044868586
    0.0034167587
    0.0106342516
    0.0148072218
    0.0145079129
    0.0125280966
   -0.0192914768
   -0.0185956592
   -0.0116479601
   -0.0011753908
    0.0093376441
    0.0188181793
    0.0198500540
    0.0163146800
    0.0131599110
   -0.0227824251
   -0.0269574456
   -0.0226455385
   -0.0095624147
    0.0046446351
    0.0210010618
    0.0317869398
    0.0224863607
    0.0168983147
    0.0132224735
   -0.0236197022
   -0.0338554888
   -0.0374244754
   -0.0239392476
   -0.0038965799
    0.0144879304
    0.0558175238
    0.0376197938
    0.0220799837
    0.0166932958
    0.0128573879
   -0.0213816195
   -0.0355683087
   -0.0520882951
   -0.0464370863
   -0.0174458935
    0.0038546799
    0.0390897864
    0.0307187861
    0.0208916048
    0.0162081845
    0.0121043873
   -0.0171904916
   -0.0305042246
   -0.0565605162
   -0.0713380994
   -0.0361585197
   -0.0039470826
    0.0092707231
    0.0493589153
    0.0274881481
    0.0209693772
    0.0153498335
    0.0109528378
   -0.0128527546
   -0.0216502598
   -0.0443134300
   -0.0795684054
   -0.0399202275
    0.0077918693
   -0.0033573432
    0.0308325190
    0.0779351841
    0.0568629498
    0.0378705956
    0.0212304528
    0.0136690997
   -0.0095225795
   -0.0138056053
   -0.0235530144
   -0.0533826833
    0.0379233903
    0.0520965072
    0.0181403861
    0.0114270698
   -0.0092372354
   -0.0092323276
    0.0021536585
   -0.0008172359
    0.0405122281
    0.0298913664
    0.0138773589
   -0.0069529111
   -0.0060497349
    0.0260210668
    0.0168069772
    0.0103980766
   -0.0056036605
    0.0027696353
    0.0678484158
    0.0183624769
    0.0111808999
   -0.0050761875
   -0.0037315569
    0.0076189987
    0.0151775936
    0.0254665447
    0.0146981414
    0.0107411445
    0.0079210057
   -0.0044646506
   -0.0035150206
   -0.0037787116
   -0.0186494166
   -0.0207489160
    0.0075213826
    0.0081058911
    0.0083930014
    0.0072195001
   -0.0043007573
   -0.0054228540
   -0.0113026673
   -0.0299938809
   -0.0098958943
    0.0043397237
   -0.0272986033
   -0.0021175681
    0.0041320955
    0.0054577489
   -0.0039776040
   -0.0045987554
   -0.0068763734
   -0.0130215887
   -0.0168302337
   -0.0039966231
   -0.0332026978
   -0.0663912804
   -0.0490651245
   -0.0162050472
   -0.0020120581
    0.0025841220
   -0.0039211401
   -0.0048651271
   -0.0070468464
   -0.0098103968
   -0.0081282214
   -0.0139279165
   -0.0375820455
   -0.0438312557
   -0.0254423154
   -0.0088736363
   -0.0011442874
   -0.0038882025
   -0.0048326133
   -0.0062432326
   -0.0070339258
   -0.0089169434
   -0.0189302389
   -0.0290453504
   -0.0252218830
   -0.0136599840
   -0.0049650645
   -0.0045774400
   -0.0054721179
   -0.0067739019
   -0.0109934057
   -0.0177540593
   -0.0198710650
   -0.0147689342
   -0.0112082587
   -0.0141774081
   -0.0131376178
    0.0074970963
    0.0105395917
   -0.0003198880
    0.0065741158
    0.0121136651
    0.0140926855
    0.0130583780
   -0.0161999255
   -0.0128734148
   -0.0053372781
    0.0036955104
    0.0125528996
    0.0179451443
    0.0171494551
    0.0142032505
   -0.0204872498
   -0.0202652519
   -0.0129270697
   -0.0017181880
    0.0099865986
    0.0216520528
    0.0234570010
    0.0188043047
    0.0144795075
    0.0112836670
   -0.0160255120
   -0.0226939618
   -0.0275913006
   -0.0232569122
   -0.0099640479
    0.0039505971
    0.0200126464
    0.0323003946
    0.0264542084
    0.0187510849
    0.0140965481
    0.0107858269
   -0.0140512568
   -0.0216550642
   -0.0317399982
   -0.0348248541
   -0.0211849925
   -0.0038679785
    0.0107823558
    0.0340529682
    0.0408575427
    0.0264236406
    0.0176318810
    0.0133434406
   -0.0113729643
   -0.0177144895
   -0.0296311826
   -0.0419104690
   -0.0335304410
   -0.0108178216
    0.0005611578
    0.0199981874
    0.0522360987
    0.0231207602
    0.0166748566
    0.0122275484
   -0.0088714283
   -0.0127842086
   -0.0213596262
   -0.0368565553
   -0.0364638303
   -0.0116325811
   -0.0008516649
    0.0007926525
    0.0484097131
    0.0236373318
    0.0153158046
    0.0107223634
   -0.0089247349
   -0.0113591911
   -0.0162162127
   -0.0112870760
    0.0104828026
    0.0135467182
   -0.0020973020
    0.0543122562
    0.0216056241
    0.0129936951
   -0.0066601077
   -0.0061244227
    0.0160613804
    0.0157064837
    0.0160404609
    0.0104324226
   -0.0049094472
    0.0094144039
    0.0285087206
    0.0202497197
    0.0117328944
   -0.0045288734
   -0.0007939724
    0.0211094295
    0.0121827637
    0.0086646120
   -0.0032534607
    0.0036551694
    0.0475157958
    0.0151242451
    0.0106060142
    0.0084479940
   -0.0036072784
   -0.0025056247
    0.0001868202
    0.0055985881
   -0.0115388110
    0.0040905530
    0.0066959654
    0.0070592981
    0.0060284945
   -0.0032482550
   -0.0030851461
   -0.0048121596
   -0.0094828183
   -0.0105906059
   -0.0436212451
   -0.0190748812
   -0.0002438626
    0.0041799409
    0.0048486891
   -0.0032256469
   -0.0039779332
   -0.0064279738
   -0.0109777471
   -0.0018008656
   -0.0104656933
   -0.0682908837
   -0.0763752011
   -0.0422129899
   -0.0106930730
   -0.0003121940
    0.0027965210
   -0.0033665943
   -0.0043642074
   -0.0063149418
   -0.0068243572
   -0.0073370241
   -0.0306134287
   -0.0550688622
   -0.0454349333
   -0.0202569858
   -0.0058592567
   -0.0000535428
   -0.0034729588
   -0.0043987125
   -0.0055481675
   -0.0068171921
   -0.0146599468
   -0.0299795921
   -0.0347479746
   -0.0235446468
   -0.0107102664
   -0.0035270167
   -0.0043612096
   -0.0056222688
   -0.0089948841
   -0.0166000915
   -0.0230432276
   -0.0209678607
   -0.0131129646
   -0.0101815379
   -0.0148175669
   -0.0162137474
   -0.0128811331
    0.0086098324
    0.0122389074
    0.0128302010
   -0.0116723912
   -0.0002749631
    0.0072401989
    0.0137379483
    0.0162919585
    0.0148199114
    0.0121237816
   -0.0145866176
   -0.0156499584
   -0.0124783977
   -0.0051717098
    0.0038289591
    0.0132955142
    0.0201336038
    0.0199621849
    0.0157522307
    0.0121230908
   -0.0148335169
   -0.0183190548
   -0.0179045587
   -0.0113294211
   -0.0013894921
    0.0095985123
    0.0217334937
    0.0282327869
    0.0221692811
    0.0154045871
    0.0116316735
   -0.0134247188
   -0.0185446406
   -0.0213850691
   -0.0174361024
   -0.0074061575
    0.0035294535
    0.0176389265
    0.0372888991
    0.0435972875
    0.0208555282
    0.0143416009
    0.0108258651
   -0.0109153709
   -0.0159809624
   -0.0208938998
   -0.0191147819
   -0.0122956886
   -0.0023316431
    0.0091852098
    0.0332580407
    0.0499276607
    0.0177712832
    0.0131324316
    0.0097729523
   -0.0083149430
   -0.0114016095
   -0.0165715109
   -0.0069119135
   -0.0082161630
   -0.0061205894
    0.0011729124
    0.0235915852
    0.0316444815
    0.0159754868
    0.0116587887
   -0.0063692398
   -0.0071758752
   -0.0070447369
    0.0092602395
   -0.0042846390
   -0.0043339394
    0.0150007858
    0.0775229295
    0.0246395195
    0.0138803018
    0.0099131203
   -0.0050202921
    0.0001141520
   -0.0111469005
    0.0034810345
    0.0169242280
    0.0113350586
    0.0081531622
   -0.0042225069
   -0.0008743364
    0.0021135792
    0.0242760674
    0.0123716201
    0.0089099958
   -0.0024346184
    0.0091077472
    0.0013028715
    0.0427263444
    0.0123201558
    0.0092189857
   -0.0030083743
   -0.0004728057
    0.0150466955
    0.0411353837
    0.0367924586
    0.0111606869
    0.0085733836
    0.0067947939
   -0.0022547847
   -0.0004480497
    0.0047688477
   -0.0072199984
    0.0057466993
    0.0064461177
    0.0059918194
   -0.0026826945
   -0.0020226479
   -0.0019085789
    0.0012457297
    0.0053532327
    0.0365216016
    0.0254272407
   -0.0542379451
   -0.0082919717
    0.0020203497
    0.0041720340
   -0.0024472387
   -0.0022011682
   -0.0023545580
   -0.0019496731
    0.0005369254
    0.0076533938
   -0.0403423691
   -0.0787021964
   -0.0724781709
   -0.0257311922
   -0.0051288411
    0.0011140422
   -0.0023851399
   -0.0023917461
   -0.0026559408
   -0.0030428294
   -0.0025510846
   -0.0155103608
   -0.0470528819
   -0.0575695329
   -0.0349445923
   -0.0129809947
   -0.0029802025
   -0.0024289682
   -0.0026223855
   -0.0031825074
   -0.0042255732
   -0.0088465310
   -0.0231149677
   -0.0362489151
   -0.0322269284
   -0.0179284067
   -0.0071412389
   -0.0025547484
   -0.0029796300
   -0.0039452069
   -0.0063709436
   -0.0127371593
   -0.0215327609
   -0.0243812166
   -0.0184023449
   -0.0100489365
   -0.0131783029
   -0.0169539481
   -0.0158628761
    0.0093180406
    0.0135964189
    0.0143698322
    0.0124797420
   -0.0102083338
   -0.0111929815
   -0.0100394577
   -0.0060515455
    0.0001625529
    0.0075094359
    0.0146895065
    0.0184833633
    0.0165406483
    0.0128126566
   -0.0098669198
   -0.0117874200
   -0.0119625958
   -0.0093554323
   -0.0037207789
    0.0040103899
    0.0133332660
    0.0226995251
    0.0243737120
    0.0170322174
    0.0123437118
   -0.0087622225
   -0.0110833288
   -0.0119801886
   -0.0103078909
   -0.0070088130
   -0.0003104494
    0.0092018863
    0.0228380238
    0.0435504592
    0.0284141811
    0.0155581591
    0.0114495482
   -0.0072883311
   -0.0092730437
   -0.0105785192
   -0.0041186573
   -0.0053610392
   -0.0039702370
    0.0037284331
    0.0173221573
    0.0578998977
    0.0226588893
    0.0137261370
    0.0103671240
   -0.0059033915
   -0.0069811737
   -0.0081904495
    0.0063507521
   -0.0033089219
   -0.0016626582
    0.0102691316
    0.0349850562
    0.0169233451
    0.0121559421
    0.0091285337
   -0.0051538102
   -0.0046888064
    0.0031248647
   -0.0072424050
    0.0018849253
    0.0273766494
    0.0374388803
    0.0141215059
    0.0104789631
   -0.0041283684
   -0.0026859157
    0.0060879283
    0.0037058860
   -0.0082040849
    0.0124912427
    0.0657014523
    0.0205213068
    0.0117457450
    0.0086928582
   -0.0024499932
    0.0037186817
   -0.0013827192
   -0.0079227024
    0.0320137932
    0.0132217420
    0.0093962395
   -0.0026434404
    0.0001336019
    0.0174676011
    0.0157963251
   -0.0258740479
    0.0200167358
    0.0096780630
    0.0072461607
   -0.0014608247
    0.0020328818
   -0.0215750170
    0.0313496853
    0.0094154653
    0.0069825869
   -0.0021237947
   -0.0006758225
    0.0019605443
    0.0642124082
    0.0399979362
   -0.0386867904
    0.0085225818
    0.0070933813
    0.0058482547
    0.0050350815
   -0.0016407220
   -0.0004981368
    0.0036635287
    0.0259190152
    0.0200903907
    0.0314843737
   -0.0383050387
   -0.0852334424
   -0.0224238878
   -0.0007076843
    0.0032408081
    0.0038930274
   -0.0013946122
   -0.0003270908
    0.0032035857
    0.0058944073
    0.0080570524
   -0.0103676219
   -0.0598686425
   -0.0787701131
   -0.0433268952
   -0.0121997901
   -0.0013005714
    0.0019008521
   -0.0013312422
   -0.0004420151
    0.0005969530
    0.0003893115
   -0.0050994097
   -0.0282832784
   -0.0511005479
   -0.0446307250
   -0.0214805942
   -0.0069701838
   -0.0009284799
   -0.0014752355
   -0.0012170086
   -0.0017210478
   -0.0044586051
   -0.0140913998
   -0.0290302053
   -0.0342059871
   -0.0242436984
   -0.0117349389
   -0.0018713090
   -0.0023166057
   -0.0039596907
   -0.0084461117
   -0.0166396160
   -0.0231614206
   -0.0214859830
   -0.0139411413
   -0.0151669852
   -0.0167173768
   -0.0135481252
    0.0100862014
    0.0125067748
    0.0121071190
   -0.0078741197
   -0.0073539015
   -0.0053263805
    0.0095342888
    0.0144695924
    0.0155865991
    0.0130490981
    0.0102950614
   -0.0078022706
   -0.0076983381
   -0.0063296634
   -0.0037589919
    0.0008907626
    0.0074096525
    0.0149399123
    0.0204375139
    0.0177019683
    0.0128595494
    0.0098455094
   -0.0071140912
   -0.0071398753
   -0.0049197523
   -0.0039246153
   -0.0016335356
    0.0040928799
    0.0126595903
    0.0243083526
    0.0283613853
    0.0169950353
    0.0118743534
    0.0091223387
   -0.0060207237
   -0.0061816282
   -0.0011011140
    0.0046570547
   -0.0017772848
    0.0005776405
    0.0083346433
    0.0209747419
    0.0493342170
    0.0285721876
    0.0143585076
    0.0106979877
   -0.0048768866
   -0.0048286893
   -0.0003851537
    0.0145513151
   -0.0017503183
    0.0031263299
    0.0143873051
    0.0390287329
    0.0188137554
    0.0123476372
    0.0094713806
   -0.0040007134
   -0.0034649506
   -0.0008814332
    0.0030560912
   -0.0022276520
    0.0069091812
    0.0220632093
    0.0353249982
    0.0147190593
    0.0107441354
    0.0081608690
   -0.0027401756
   -0.0001230261
    0.0185391225
   -0.0045536890
   -0.0026903669
    0.0106099794
    0.0336347895
    0.0309179967
    0.0123889958
    0.0090389897
   -0.0025415318
   -0.0004566774
    0.0086751420
    0.0127569467
   -0.0056042138
   -0.0112761412
    0.0081095417
    0.0202895647
    0.0099322200
    0.0073056365
   -0.0011774429
    0.0026176612
    0.0371412092
    0.0107921581
   -0.0185642783
   -0.0355636855
   -0.0008357629
    0.0116187938
    0.0075425182
   -0.0017262887
    0.0002528096
    0.0064905824
    0.0322891620
    0.0042654401
   -0.0528480665
   -0.0614507474
    0.0022670714
    0.0145927310
    0.0073637544
    0.0056100245
   -0.0009232140
    0.0013701449
    0.0197703453
    0.0402350845
    0.0223470269
   -0.0312909368
   -0.0790678261
   -0.0619152665
   -0.0020033090
    0.0099305234
    0.0060984729
    0.0049238726
   -0.0015624846
   -0.0002907262
    0.0029043289
    0.0269611423
    0.0341408126
    0.0158450417
   -0.0059873268
   -0.0579101652
   -0.0782831665
   -0.0374039378
   -0.0053992392
    0.0022032626
    0.0033687652
   -0.0011920259
    0.0001699998
    0.0038965097
    0.0108234253
    0.0079298827
    0.0001998855
   -0.0287136923
   -0.0578625748
   -0.0493911589
   -0.0201950868
   -0.0045238053
    0.0006156375
   -0.0009750138
    0.0002961971
    0.0024292027
    0.0028617714
   -0.0006138704
   -0.0132900494
   -0.0339971411
   -0.0415217536
   -0.0274727518
   -0.0114924628
   -0.0031329872
   -0.0009721576
   -0.0002036132
    0.0001020957
   -0.0015885373
   -0.0073990677
   -0.0189911719
   -0.0286520580
   -0.0262702546
   -0.0157646224
   -0.0011731493
   -0.0020842831
   -0.0050524373
   -0.0111919048
   -0.0184692147
   -0.0208957590
   -0.0163692344
   -0.0119333880
   -0.0152302565
   -0.0144404575
    0.0097779226
    0.0107655494
   -0.0053187875
   -0.0041308052
    0.0100473275
    0.0127374534
    0.0122638175
    0.0102109066
   -0.0054789286
   -0.0052565439
   -0.0041308821
   -0.0027509453
   -0.0004036835
    0.0090203850
    0.0141020607
    0.0154754079
    0.0126921181
    0.0099156583
   -0.0049857680
   -0.0048225689
   -0.0031064883
   -0.0013894376
   -0.0011132908
    0.0014607682
    0.0066353900
    0.0133488729
    0.0188975244
    0.0163524045
    0.0119314041
    0.0092411561
   -0.0043505218
   -0.0041954148
   -0.0021336216
    0.0039364696
    0.0018432834
   -0.0000113438
    0.0035032952
    0.0101693816
    0.0186542788
    0.0215121327
    0.0143621471
    0.0107263693
    0.0083951401
   -0.0034689756
   -0.0018651945
    0.0089905787
    0.0202025142
    0.0015520817
    0.0005241431
    0.0056981739
    0.0134873427
    0.0219437245
    0.0170565579
    0.0121618413
    0.0095450832
   -0.0028730247
   -0.0014329740
    0.0049206706
    0.0168395192
   -0.0009230122
    0.0006580213
    0.0071819945
    0.0143416056
    0.0179688339
    0.0140785543
    0.0107803048
    0.0083143806
   -0.0025400379
   -0.0011581709
    0.0027775842
    0.0255468258
    0.0020638175
   -0.0028092553
   -0.0013519995
    0.0060409836
    0.0159239216
    0.0247152209
    0.0135132560
    0.0092674143
    0.0070097597
   -0.0012877345
    0.0016366780
    0.0130486652
    0.0136534603
   -0.0007639296
   -0.0079953905
   -0.0090567030
    0.0041161295
    0.0285617074
    0.0109864313
    0.0075054018
   -0.0015665161
    0.0004183158
    0.0061346725
    0.0085245346
   -0.0048624040
   -0.0227684991
   -0.0208601941
    0.0141390728
    0.0157160283
    0.0079684853
    0.0058554601
   -0.0005374987
    0.0024118600
    0.0203826864
    0.0269333467
    0.0054919101
   -0.0199329878
   -0.0425382727
   -0.0251316017
    0.0191971565
    0.0190155154
    0.0081988971
    0.0056365645
   -0.0011871907
    0.0005337815
    0.0056494858
    0.0122041782
   -0.0067064909
   -0.0399867701
   -0.0496504205
   -0.0188593432
    0.0058527619
    0.0063663111
    0.0047741472
   -0.0005868800
    0.0016256008
    0.0100741083
    0.0333875296
    0.0141746320
    0.0014509485
   -0.0237508598
   -0.0477779435
   -0.0386954011
   -0.0125143172
    0.0001358395
    0.0026580658
   -0.0000939675
    0.0024857753
    0.0086163032
    0.0096498141
    0.0027818346
   -0.0111165255
   -0.0323657828
   -0.0397289311
   -0.0245655935
   -0.0083844045
   -0.0010672053
    0.0001575437
    0.0022192027
    0.0039358585
    0.0016649853
   -0.0054265576
   -0.0189213458
   -0.0301978536
   -0.0272040697
   -0.0150287312
   -0.0056010789
   -0.0000190923
    0.0008236896
    0.0001713285
   -0.0034073420
   -0.0109776608
   -0.0201297356
   -0.0232074704
   -0.0175216584
   -0.0006354774
   -0.0009023622
   -0.0027324257
   -0.0129674868
   -0.0173603275
   -0.0163697376
    0.0093508602
    0.0103841125
    0.0095376614
   -0.0038902420
   -0.0030291253
   -0.0019120130
   -0.0006631731
    0.0090507550
    0.0116284573
    0.0113247646
    0.0095297421
   -0.0035977572
   -0.0025902599
   -0.0009221829
   -0.0003379758
    0.0005137959
    0.0074961834
    0.0116740472
    0.0130190000
    0.0111515490
    0.0090206735
   -0.0032084886
   -0.0022110575
    0.0004692709
    0.0021521112
    0.0006054510
    0.0014386195
    0.0049386832
    0.0097066618
    0.0132496508
    0.0125174999
    0.0102399649
    0.0082772959
   -0.0028150630
   -0.0018991532
    0.0007492809
    0.0063838279
    0.0034219560
    0.0004511968
    0.0020134112
    0.0061747149
    0.0106246725
    0.0123374674
    0.0110876839
    0.0092451957
    0.0074205024
   -0.0016275810
    0.0004574160
    0.0062290487
    0.0097223156
    0.0011594444
   -0.0003258932
    0.0017362213
    0.0060266033
    0.0095950100
    0.0112388294
    0.0102182149
    0.0082046533
   -0.0015232602
    0.0003396683
    0.0039233610
    0.0095640728
    0.0034002295
   -0.0008739741
   -0.0023568403
   -0.0004669003
    0.0045807425
    0.0110384858
    0.0122246971
    0.0091914155
    0.0070018685
   -0.0015787522
   -0.0000176411
    0.0031774732
    0.0078505942
    0.0055618587
    0.0008672906
   -0.0034897321
   -0.0075133033
   -0.0045666146
    0.0062463821
    0.0167067422
    0.0112257781
    0.0075480666
   -0.0005364730
    0.0019951067
    0.0079947855
    0.0167737583
    0.0056868302
   -0.0004987499
   -0.0100524780
   -0.0157904418
   -0.0070376457
    0.0122942147
    0.0141968761
    0.0081865449
    0.0058172414
   -0.0010139296
    0.0007393865
    0.0049643094
    0.0223123281
    0.0222203466
    0.0046370328
   -0.0061861488
   -0.0205743038
   -0.0221746583
   -0.0052182726
    0.0099060258
    0.0080431060
    0.0055243644
   -0.0002449582
    0.0022458563
    0.0103565298
    0.0289517090
    0.0111156026
   -0.0003837585
   -0.0161437672
   -0.0287615658
   -0.0215731963
   -0.0036964224
    0.0042504409
    0.0043121665
    0.0005255001
    0.0039041768
    0.0126881750
    0.0132120601
    0.0032617669
   -0.0087790769
   -0.0243743731
   -0.0287149016
   -0.0164503684
   -0.0035620010
    0.0013652728
    0.0011400244
    0.0044967614
    0.0077201826
    0.0040414554
   -0.0037856951
   -0.0161627735
   -0.0258795171
   -0.0226670850
   -0.0114113932
   -0.0031752603
    0.0012612054
    0.0030981683
    0.0026212996
   -0.0016570946
   -0.0096785384
   -0.0189716408
   -0.0219113472
   -0.0159250653
   -0.0077635736
    0.0006704169
    0.0008298696
   -0.0011841628
   -0.0127004748
   -0.0175680479
   -0.0163924163
   -0.0128476355
   -0.0142473742
   -0.0015618032
   -0.0006464254
    0.0080710282
    0.0091063133
    0.0085648810
   -0.0022744787
   -0.0011499498
   -0.0002294175
    0.0002703745
    0.0071494122
    0.0092841535
    0.0094285711
    0.0083373755
   -0.0020545631
   -0.0007703518
    0.0007546507
    0.0008135719
    0.0007950132
    0.0052371842
    0.0081950672
    0.0095547643
    0.0090396345
    0.0077988068
   -0.0018484606
   -0.0006107664
    0.0013971987
    0.0021983486
    0.0008459581
    0.0008197670
    0.0026909273
    0.0057180758
    0.0082407335
    0.0090529315
    0.0083961699
    0.0071074248
   -0.0017018370
   -0.0005393035
    0.0013215616
    0.0030344948
    0.0016739171
    0.0000832676
    0.0001676536
    0.0021909302
    0.0052958088
    0.0078602809
    0.0086531700
    0.0076638032
   -0.0005753161
    0.0012217214
    0.0028503025
    0.0023017396
    0.0003141968
   -0.0013447434
   -0.0016886213
    0.0007209640
    0.0049447390
    0.0083798483
    0.0082079242
    0.0066963848
   -0.0007608377
    0.0009613205
    0.0031555048
    0.0033360918
    0.0013050711
   -0.0010833835
   -0.0042860018
   -0.0049433480
   -0.0006470770
    0.0061959090
    0.0086306531
    0.0070501907
    0.0055537414
    0.0004053068
    0.0029092198
    0.0057642341
    0.0043721715
    0.0008292223
   -0.0040907560
   -0.0091500528
   -0.0082857446
   -0.0003276530
    0.0069940020
    0.0070494142
    0.0054919492
   -0.0002233282
    0.0018327927
    0.0057114786
    0.0092375906
    0.0043193098
   -0.0015529166
   -0.0094016849
   -0.0142293173
   -0.0095199957
    0.0005224877
    0.0052253751
    0.0048824411
    0.0006664054
    0.0035247831
    0.0086347959
    0.0081694746
    0.0016005664
   -0.0064259468
   -0.0151265428
   -0.0165411346
   -0.0084375715
    0.0000966312
    0.0029858519
    0.0015307059
    0.0048360863
    0.0075914172
    0.0038279133
   -0.0029358306
   -0.0119053084
   -0.0181132577
   -0.0151983192
   -0.0067007059
   -0.0006585583
    0.0020356821
    0.0043199398
    0.0037943206
   -0.0006735065
   -0.0077747595
   -0.0152644024
   -0.0172657456
   -0.0120287465
   -0.0051599166
    0.0017398019
    0.0022279665
    0.0000668108
   -0.0047212740
   -0.0110844086
   -0.0154337965
   -0.0141489453
    0.0006785782
   -0.0001770338
   -0.0120521436
   -0.0133883297
   -0.0013015573
   -0.0004784258
    0.0000898439
    0.0062543605
    0.0072938364
    0.0072014985
   -0.0011487214
   -0.0001525828
    0.0004468911
    0.0005564578
    0.0049235425
    0.0066784513
    0.0072992310
    0.0069198409
   -0.0010381794
    0.0000461685
    0.0009277466
    0.0008087752
    0.0005367941
    0.0029109702
    0.0050688936
    0.0066228756
    0.0070059342
    0.0064485687
   -0.0009842597
    0.0001172769
    0.0011800634
    0.0012657016
    0.0004567820
   -0.0000186023
    0.0006045992
    0.0025007065
    0.0048555638
    0.0064495523
    0.0065827616
    0.0000881427
    0.0013270792
    0.0016799446
    0.0008303922
   -0.0004245479
   -0.0013124277
   -0.0006694122
    0.0018193131
    0.0048219964
    0.0062812177
    0.0059390695
   -0.0000991202
    0.0013480966
    0.0023074836
    0.0016602779
    0.0000708208
   -0.0020791302
   -0.0035214533
   -0.0022674667
    0.0015389463
    0.0049881005
    0.0057061251
    0.0010085403
    0.0027183713
    0.0031432048
    0.0014138597
   -0.0014347212
   -0.0048425821
   -0.0061945933
   -0.0033242126
    0.0017460345
    0.0045582970
    0.0046504290
    0.0004132545
    0.0022564025
    0.0041067775
    0.0033952171
    0.0002073575
   -0.0042090008
   -0.0082288316
   -0.0081631788
   -0.0033968536
    0.0016137450
    0.0034602737
    0.0012760633
    0.0034129414
    0.0045158756
    0.0020826216
   -0.0023905670
   -0.0077507029
   -0.0108499749
   -0.0085497312
   -0.0030026767
    0.0009725530
    0.0019609303
    0.0036755900
    0.0030398395
   -0.0005476704
   -0.0057528592
   -0.0106587774
   -0.0115682011
   -0.0076256204
   -0.0026209066
    0.0020502683
    0.0025134001
    0.0004875794
   -0.0036380626
   -0.0086451804
   -0.0117751978
   -0.0105083510
    0.0013150837
    0.0005336806
    0.0000039722
    0.0003142457
    0.0054520671
   -0.0005143649
    0.0001879926
    0.0004852644
    0.0004172047
    0.0029118057
    0.0044320632
    0.0053653948
   -0.0004798937
    0.0003174412
    0.0007361820
    0.0005134743
    0.0000921061
    0.0026724158
    0.0043105519
    0.0051434431
    0.0003680718
    0.0009957605
    0.0008465314
    0.0000865435
   -0.0007275338
    0.0003055603
    0.0023865878
    0.0041718000
    0.0047705631
    0.0002749692
    0.0011936505
    0.0013693399
    0.0005512998
   -0.0008403000
   -0.0003785876
    0.0022459829
    0.0039048580
    0.0011228904
    0.0018685656
    0.0013796330
   -0.0002486391
   -0.0024262925
   -0.0034350436
   -0.0007202039
    0.0020957161
    0.0033569069
    0.0007287969
    0.0018891632
    0.0021650408
    0.0007670738
   -0.0017833906
   -0.0041172810
   -0.0007820646
    0.0017140457
    0.0013519096
    0.0022654025
    0.0016614196
   -0.0006859000
    0.0016319068
    0.0018378802
    0.0002556464
    0.0012978448
    0.0006006827
    0.0002482075
    0.0003473260
    0.0003459935
    0.0005497238
    0.0002397511
    0.0003490068
    0.0007690225
    0.0005517177
   -0.0002394917
    0.0008519973
    0.0009336754
    0.0001726670
    0.0011302381
    0.0006897828
   -0.0006867163
    0.0009873267
   -0.0000870602
