   -0.0893436361
   -0.0866598937
   -0.0797851385
   -0.0724584639
   -0.0910580008
   -0.0915063102
   -0.0859640824
   -0.0780302907
   -0.0710237097
   -0.0900565750
   -0.0938124186
   -0.0911072395
   -0.0838221733
   -0.0760636450
   -0.0696045893
   -0.0932429477
   -0.0940286424
   -0.0888882196
   -0.0812953166
   -0.0741755396
   -0.0681066871
   -0.0943641420
   -0.0923401525
   -0.0861079512
   -0.0789025730
   -0.0723093837
   -0.0899755125
   -0.0834963366
   -0.0766876873
   -0.0876994595
   -0.0811601468
   -0.0881908791
   -0.0882301653
   -0.0747352288
   -0.0679352918
   -0.0907362957
   -0.0945523833
   -0.0909342299
   -0.0820017349
   -0.0732242959
   -0.0668612125
   -0.0725240474
   -0.0808261249
   -0.0903660274
   -0.0981296184
   -0.0986845690
   -0.0905530354
   -0.0797469121
   -0.0716035455
   -0.0658393800
   -0.0699126425
   -0.0776401467
   -0.0977594533
   -0.1033944764
   -0.0989181592
   -0.0876407146
   -0.0773236983
   -0.0703031763
   -0.0647607877
   -0.0741769062
   -0.0830523020
   -0.0939642868
   -0.1033788532
   -0.1044557708
   -0.0955797964
   -0.0841691673
   -0.0754690346
   -0.0690184951
   -0.0710878133
   -0.0786167939
   -0.0993343764
   -0.1053512989
   -0.1013477853
   -0.0910757362
   -0.0813037270
   -0.0737304101
   -0.0675190387
   -0.0935024593
   -0.1022523895
   -0.1035648028
   -0.0966326532
   -0.0871629341
   -0.0787896477
   -0.0718506889
   -0.0973215564
   -0.1025623370
   -0.1001374853
   -0.0925001153
   -0.0839962778
   -0.0764550011
   -0.0699117256
   -0.0997518978
   -0.1015460983
   -0.0970623623
   -0.0893564777
   -0.0813981481
   -0.0742856250
   -0.1004724648
   -0.0947290030
   -0.0868454264
   -0.0790914537
   -0.0926077235
   -0.0844312003
   -0.0699764658
   -0.0893907571
   -0.0893266229
   -0.0833339173
   -0.0750408244
   -0.0679994173
   -0.0687300500
   -0.0760632814
   -0.0847977012
   -0.0934737015
   -0.0977462372
   -0.0934720761
   -0.0831793362
   -0.0734908757
   -0.0669110357
   -0.0668943243
   -0.0741289585
   -0.0833319964
   -0.0944184707
   -0.1039692592
   -0.1046680196
   -0.0940041228
   -0.0804441499
   -0.0715286419
   -0.0659044592
   -0.0647925080
   -0.0714725063
   -0.0802536758
   -0.0919655696
   -0.1054847475
   -0.1136422056
   -0.1069597633
   -0.0902809316
   -0.0769656289
   -0.0702227889
   -0.0649615638
   -0.0627919538
   -0.0686309936
   -0.0763876945
   -0.0871210290
   -0.1017346537
   -0.1161077163
   -0.1181416930
   -0.1028550136
   -0.0849816742
   -0.0751814943
   -0.0693188122
   -0.0638588834
   -0.0661489222
   -0.0726471926
   -0.0815438876
   -0.0946236178
   -0.1111586072
   -0.1218865356
   -0.1141309517
   -0.0957305999
   -0.0819737170
   -0.0743178490
   -0.0681167838
   -0.0696846168
   -0.0767434860
   -0.0869944811
   -0.1020375925
   -0.1169942090
   -0.1190983009
   -0.1052726651
   -0.0903154472
   -0.0802295943
   -0.0728299522
   -0.0665714734
   -0.0674959038
   -0.0733682864
   -0.0810446172
   -0.0927886312
   -0.1076843252
   -0.1166304002
   -0.1108772153
   -0.0976697402
   -0.0864631975
   -0.0778973879
   -0.0709385458
   -0.0710563585
   -0.0773201138
   -0.0859955670
   -0.0984864903
   -0.1101344529
   -0.1120774248
   -0.1035060273
   -0.0924826314
   -0.0830880145
   -0.0755706392
   -0.0689713308
   -0.1032835608
   -0.1102179794
   -0.1077695371
   -0.0988984284
   -0.0889032201
   -0.0805706596
   -0.0734404080
   -0.0978930651
   -0.1071014879
   -0.1101231445
   -0.1053607846
   -0.0960632916
   -0.0865318751
   -0.0784328927
   -0.0939665986
   -0.1038038932
   -0.1105714884
   -0.1106098942
   -0.1038215164
   -0.0938362789
   -0.0842935335
   -0.1004319445
   -0.1093227335
   -0.1136043613
   -0.1105998454
   -0.1017163504
   -0.0910964894
   -0.0965668703
   -0.1064888031
   -0.1138399204
   -0.1149699658
   -0.1087181588
   -0.1113187731
   -0.1160379492
   -0.1134012857
   -0.1136913550
   -0.1147716322
   -0.1087588933
   -0.1085951079
   -0.1126496843
   -0.1100883457
   -0.0640809731
   -0.0699210339
   -0.0765873692
   -0.0883266090
   -0.0881132119
   -0.0746213132
   -0.0630615170
   -0.0691090097
   -0.0763670873
   -0.0850260028
   -0.0935915884
   -0.0976509477
   -0.0933000564
   -0.0831484876
   -0.0735228236
   -0.0667990261
   -0.0616632464
   -0.0676039666
   -0.0750458805
   -0.0844739160
   -0.0960952987
   -0.1062136464
   -0.1068253460
   -0.0952137241
   -0.0807493965
   -0.0714914705
   -0.0657836110
   -0.0601063410
   -0.0655809644
   -0.0727773091
   -0.0821667059
   -0.0949872249
   -0.1106074515
   -0.1206044072
   -0.1122632791
   -0.0914709728
   -0.0760376321
   -0.0698698840
   -0.0648691129
   -0.0634622018
   -0.0698005447
   -0.0785735985
   -0.0907567131
   -0.1086296268
   -0.1283342099
   -0.1320860441
   -0.1088560625
   -0.0820449975
   -0.0729598332
   -0.0691011352
   -0.0638804181
   -0.0616244671
   -0.0668867676
   -0.0742843496
   -0.0847668217
   -0.1011885930
   -0.1250895847
   -0.1443313764
   -0.1308842312
   -0.0966433456
   -0.0755820836
   -0.0733892171
   -0.0682549476
   -0.0647177814
   -0.0704834176
   -0.0787127627
   -0.0914150370
   -0.1132398835
   -0.1399031525
   -0.1457960469
   -0.1160460834
   -0.0871535382
   -0.0785300820
   -0.0731952413
   -0.0669194474
   -0.0630764725
   -0.0680175113
   -0.0741843348
   -0.0828628502
   -0.0988878944
   -0.1241368182
   -0.1429022983
   -0.1291422726
   -0.1022112611
   -0.0869874250
   -0.0789001486
   -0.0716058783
   -0.0652955753
   -0.0663511500
   -0.0715960505
   -0.0776896076
   -0.0875238502
   -0.1067505946
   -0.1283987897
   -0.1310331634
   -0.1115694728
   -0.0950701870
   -0.0845906945
   -0.0765749463
   -0.0696649645
   -0.0699363717
   -0.0753178087
   -0.0816749907
   -0.0939692244
   -0.1129156632
   -0.1245622174
   -0.1171122403
   -0.1019132630
   -0.0893087934
   -0.0812614907
   -0.0743075184
   -0.0738297704
   -0.0795815069
   -0.0876687543
   -0.1017672171
   -0.1160833334
   -0.1190937087
   -0.1097882448
   -0.0965582306
   -0.0862244021
   -0.0792027486
   -0.0721889290
   -0.0853314244
   -0.0958296221
   -0.1092091845
   -0.1184243854
   -0.1171294158
   -0.1069896862
   -0.0943663304
   -0.0850675674
   -0.0772495125
   -0.0928057488
   -0.1047227533
   -0.1163866232
   -0.1220443136
   -0.1175405925
   -0.1056022425
   -0.0931993770
   -0.0832772734
   -0.0900234173
   -0.1012190576
   -0.1136644565
   -0.1237683981
   -0.1256856700
   -0.1171105539
   -0.1034045883
   -0.0907104176
   -0.0971680533
   -0.1097975617
   -0.1222770405
   -0.1296696348
   -0.1263382257
   -0.1138570303
   -0.1044102274
   -0.1177657243
   -0.1287759175
   -0.1311741806
   -0.1223595683
   -0.1077935907
   -0.1109209065
   -0.1235261760
   -0.1305454601
   -0.1269217428
   -0.1146699438
   -0.1154111801
   -0.1250431646
   -0.1264857438
   -0.1183835938
   -0.1164812943
   -0.1215171279
   -0.1181199138
   -0.1081190724
   -0.1136184644
   -0.1141594575
   -0.0692556674
   -0.0753744062
   -0.0630315696
   -0.0688728283
   -0.0756667886
   -0.0836432031
   -0.0912318505
   -0.0944885195
   -0.0905664979
   -0.0817916912
   -0.0730683317
   -0.0664036418
   -0.0618896682
   -0.0678272682
   -0.0749654366
   -0.0838576448
   -0.0948404048
   -0.1039092812
   -0.1040749896
   -0.0936769982
   -0.0807238468
   -0.0716098526
   -0.0655104751
   -0.0604699999
   -0.0661455270
   -0.0734554688
   -0.0825351353
   -0.0951843224
   -0.1106341015
   -0.1199995046
   -0.1116221088
   -0.0917921961
   -0.0768565332
   -0.0699235333
   -0.0645848889
   -0.0640814787
   -0.0708920651
   -0.0801816006
   -0.0925070625
   -0.1115908498
   -0.1331840945
   -0.1373540460
   -0.1110702367
   -0.0815091531
   -0.0724246313
   -0.0688550367
   -0.0636229977
   -0.0621417071
   -0.0676267603
   -0.0761828664
   -0.0878637932
   -0.1061618690
   -0.1354831521
   -0.1623603195
   -0.1443258745
   -0.0932390976
   -0.0628654728
   -0.0718811174
   -0.0680455112
   -0.0625104958
   -0.0605238278
   -0.0650447310
   -0.0710025955
   -0.0814998759
   -0.0964688911
   -0.1249663551
   -0.1661900298
   -0.1808298331
   -0.1252946771
   -0.0662013906
   -0.0728027929
   -0.0668804345
   -0.0634488974
   -0.0677225490
   -0.0747488412
   -0.0857533469
   -0.1070801653
   -0.1477707707
   -0.1853599000
   -0.1595121951
   -0.0921989254
   -0.0775479250
   -0.0718412179
   -0.0653820654
   -0.0620587957
   -0.0664534079
   -0.0710718358
   -0.0778889249
   -0.0894196816
   -0.1198000447
   -0.1627285246
   -0.1698129329
   -0.1198967322
   -0.0847144900
   -0.0827767208
   -0.0774142705
   -0.0700047335
   -0.0653172717
   -0.0699918643
   -0.0746866265
   -0.0793276486
   -0.0951416409
   -0.1304543534
   -0.1551573639
   -0.1322642839
   -0.1002288696
   -0.0858574196
   -0.0821496523
   -0.0749588079
   -0.0680463135
   -0.0689679951
   -0.0739567457
   -0.0774870692
   -0.0828073133
   -0.1050192901
   -0.1322605128
   -0.1336694032
   -0.1111555377
   -0.0892731766
   -0.0815703019
   -0.0795227153
   -0.0727444059
   -0.0730166468
   -0.0780446409
   -0.0818612447
   -0.0927507022
   -0.1144546213
   -0.1282875324
   -0.1213463328
   -0.1041560914
   -0.0849536683
   -0.0831036072
   -0.0777428695
   -0.0705544125
   -0.0774469063
   -0.0832260046
   -0.0907170865
   -0.1053586916
   -0.1215329447
   -0.1282357891
   -0.1200033189
   -0.1025367244
   -0.0900357373
   -0.0834593416
   -0.0756568278
   -0.0907428784
   -0.1024902470
   -0.1171033771
   -0.1307724281
   -0.1333803847
   -0.1214671451
   -0.1040122081
   -0.0914802690
   -0.0816839918
   -0.0889582987
   -0.1002893831
   -0.1147464576
   -0.1304087426
   -0.1417885587
   -0.1379176644
   -0.1208276653
   -0.1028400189
   -0.0891997526
   -0.0964807147
   -0.1107531308
   -0.1276345965
   -0.1439332487
   -0.1491836493
   -0.1365577001
   -0.1161510425
   -0.0983798537
   -0.1046852054
   -0.1214479504
   -0.1399112260
   -0.1524723130
   -0.1476989917
   -0.1287905914
   -0.1084196098
   -0.0975199245
   -0.1128509342
   -0.1310269769
   -0.1474158965
   -0.1510782705
   -0.1377697424
   -0.1176664029
   -0.1034675645
   -0.1197277065
   -0.1365418088
   -0.1461092039
   -0.1405871083
   -0.1241298606
   -0.1060943620
   -0.1081879412
   -0.1233984224
   -0.1353547513
   -0.1367149833
   -0.1262280260
   -0.1105698809
   -0.1105144543
   -0.1223728191
   -0.1279340837
   -0.1235883014
   -0.1120613644
   -0.1096450276
   -0.1169124169
   -0.1172021501
   -0.1103270083
   -0.0626220923
   -0.0681540610
   -0.0743546647
   -0.0812958088
   -0.0896792127
   -0.0617797188
   -0.0675247938
   -0.0740873333
   -0.0820377605
   -0.0915217774
   -0.0985773080
   -0.0982039638
   -0.0899993627
   -0.0795433226
   -0.0711534009
   -0.0605940319
   -0.0663030646
   -0.0731864238
   -0.0811115721
   -0.0926604842
   -0.1059930722
   -0.1127740925
   -0.1057153389
   -0.0903413636
   -0.0776754407
   -0.0698975958
   -0.0640549531
   -0.0592244837
   -0.0645718278
   -0.0714903002
   -0.0798220932
   -0.0905776952
   -0.1090196512
   -0.1274252957
   -0.1294753775
   -0.1080963772
   -0.0853063400
   -0.0745512073
   -0.0686765824
   -0.0631121918
   -0.0626822441
   -0.0686193665
   -0.0776605094
   -0.0877997091
   -0.1060468306
   -0.1352783319
   -0.1595591181
   -0.1416839671
   -0.0971703545
   -0.0721805428
   -0.0725808709
   -0.0676409998
   -0.0620552167
   -0.0609876073
   -0.0656380708
   -0.0717586480
   -0.0843073320
   -0.0991478232
   -0.1306903988
   -0.1763704823
   -0.1928756002
   -0.1287591432
   -0.0624272442
   -0.0723979121
   -0.0664831620
   -0.0637992300
   -0.0662173314
   -0.0734220310
   -0.0897386869
   -0.1152961074
   -0.1675352442
   -0.1825266358
   -0.0738864945
   -0.0715747973
   -0.0650935410
   -0.0625014801
   -0.0656252660
   -0.0646184600
   -0.0777658035
   -0.0943984697
   -0.1378765808
   -0.1168682659
   -0.0773484427
   -0.0699029926
   -0.0635499354
   -0.0655087042
   -0.0674443855
   -0.0706057487
   -0.0773834116
   -0.0996479721
   -0.1613412942
   -0.1413199243
   -0.0810810124
   -0.0753464465
   -0.0680280251
   -0.0643690010
   -0.0689659529
   -0.0722042727
   -0.0734779708
   -0.0708377078
   -0.1104210063
   -0.1663000069
   -0.1555497490
   -0.0941896467
   -0.0680471263
   -0.0803802854
   -0.0729719895
   -0.0661091205
   -0.0681006421
   -0.0733548591
   -0.0764813751
   -0.0704586182
   -0.0767168573
   -0.1238892124
   -0.1480220108
   -0.1178635251
   -0.0822132287
   -0.0785103582
   -0.0780269901
   -0.0707970102
   -0.0723253246
   -0.0780483864
   -0.0794491426
   -0.0765835520
   -0.0988051671
   -0.1275355462
   -0.1314655554
   -0.1120820672
   -0.0670561140
   -0.0823425105
   -0.0759845166
   -0.0769415963
   -0.0830004297
   -0.0862648224
   -0.0955088664
   -0.1113685927
   -0.1324802510
   -0.1336263012
   -0.1152697378
   -0.0882835894
   -0.0877378543
   -0.0819007553
   -0.0819917644
   -0.0895941510
   -0.0989905404
   -0.1117386934
   -0.1264958234
   -0.1475844795
   -0.1430845547
   -0.1201276316
   -0.1007616240
   -0.0896057172
   -0.0795195520
   -0.0878856916
   -0.0987512546
   -0.1136331369
   -0.1292359831
   -0.1529129464
   -0.1641502331
   -0.1476168097
   -0.1206324229
   -0.1006553182
   -0.0867978923
   -0.0949943657
   -0.1097792874
   -0.1291359982
   -0.1529259150
   -0.1749915571
   -0.1706123278
   -0.1424256201
   -0.1149907541
   -0.1032188088
   -0.1218607727
   -0.1463827634
   -0.1735238185
   -0.1831761718
   -0.1615509694
   -0.1304964128
   -0.1062515305
   -0.0956899610
   -0.1120685120
   -0.1342810131
   -0.1615686668
   -0.1810517840
   -0.1721684839
   -0.1438137363
   -0.1168382741
   -0.1020030190
   -0.1205716486
   -0.1442787110
   -0.1667520045
   -0.1705100009
   -0.1511648608
   -0.1255482042
   -0.1076703272
   -0.1267963942
   -0.1472897008
   -0.1584153834
   -0.1503151789
   -0.1303105395
   -0.1098896994
   -0.1114956344
   -0.1284031965
   -0.1414979054
   -0.1421594102
   -0.1299681067
   -0.1129954865
   -0.1122960397
   -0.1245451313
   -0.1298778682
   -0.1248752317
   -0.1128703626
   -0.1096711184
   -0.1166389387
   -0.1165942456
   -0.1096459331
   -0.0670830057
   -0.0727191118
   -0.0613092304
   -0.0668246476
   -0.0729389105
   -0.0799470310
   -0.0874949559
   -0.0924112075
   -0.0916186760
   -0.0771919010
   -0.0603881747
   -0.0659981280
   -0.0723928100
   -0.0794586099
   -0.0893171112
   -0.0994946276
   -0.1035573998
   -0.0980593583
   -0.0869858704
   -0.0767494760
   -0.0691311136
   -0.0592120546
   -0.0646841369
   -0.0712785925
   -0.0780105548
   -0.0868937316
   -0.1032377308
   -0.1162809855
   -0.1161158647
   -0.1015539699
   -0.0856103129
   -0.0751581455
   -0.0680896979
   -0.0630666461
   -0.0693333515
   -0.0770368636
   -0.0805132398
   -0.0998962336
   -0.1256088537
   -0.1404506010
   -0.1265900609
   -0.0986185313
   -0.0812654403
   -0.0733987548
   -0.0669662832
   -0.0614045903
   -0.0667703686
   -0.0736681518
   -0.0801391619
   -0.0867218323
   -0.1255042195
   -0.1630844526
   -0.1707042858
   -0.1238243265
   -0.0825200081
   -0.0761726154
   -0.0721413740
   -0.0657682600
   -0.0598184712
   -0.0645906480
   -0.0669977331
   -0.0721216624
   -0.0815434951
   -0.1140217661
   -0.1677547747
   -0.1747331822
   -0.0822664538
   -0.0760654192
   -0.0708738978
   -0.0644547406
   -0.0630313421
   -0.0650096466
   -0.0669310727
   -0.0957960693
   -0.1495581618
   -0.1095026687
   -0.0767543914
   -0.0692743431
   -0.0630395028
   -0.0615163905
   -0.0655998680
   -0.0532600328
   -0.0712673835
   -0.1133679507
   -0.1881388077
   -0.0755274000
   -0.0749623301
   -0.0675527599
   -0.0648964136
   -0.0671749226
   -0.0487497530
   -0.0615238701
   -0.0643560176
   -0.1293714023
   -0.0804732689
   -0.0726980518
   -0.0657884297
   -0.0685994324
   -0.0711201938
   -0.0705646721
   -0.0496344846
   -0.1465693397
   -0.0758125476
   -0.0783077337
   -0.0705840928
   -0.0670385904
   -0.0731695320
   -0.0780901723
   -0.0723168642
   -0.0759012099
   -0.1448957008
   -0.1189606129
   -0.0641459574
   -0.0821958706
   -0.0759170161
   -0.0684735247
   -0.0713432286
   -0.0785272692
   -0.0831684814
   -0.0690154145
   -0.0583013588
   -0.1029991928
   -0.1324892601
   -0.1148452501
   -0.0812250182
   -0.0784219929
   -0.0816013345
   -0.0736467798
   -0.0760973599
   -0.0840253932
   -0.0880892422
   -0.0856809237
   -0.0900960925
   -0.1420219326
   -0.1335872862
   -0.0947757169
   -0.0841683335
   -0.0880827186
   -0.0796761544
   -0.0811717524
   -0.0899615549
   -0.0977444209
   -0.1085601796
   -0.1391868164
   -0.1669095232
   -0.1477827822
   -0.1150942252
   -0.0989088246
   -0.0871810440
   -0.0975769468
   -0.1120432899
   -0.1242862359
   -0.1364839203
   -0.1859622054
   -0.1872824616
   -0.1504323288
   -0.1172515319
   -0.0973207282
   -0.0929911620
   -0.1074785037
   -0.1279255834
   -0.1521533862
   -0.1909530796
   -0.2149180471
   -0.1860410914
   -0.1411594800
   -0.1108332535
   -0.1004480707
   -0.1192629544
   -0.1465041290
   -0.1850589076
   -0.2220005679
   -0.2129775311
   -0.1661065108
   -0.1267817415
   -0.1089506166
   -0.1325320390
   -0.1675159749
   -0.2088799131
   -0.2202355266
   -0.1848211033
   -0.1423812785
   -0.1124991833
   -0.0988716980
   -0.1178953870
   -0.1455966850
   -0.1820524363
   -0.2062508194
   -0.1902376825
   -0.1536186110
   -0.1222345495
   -0.1048062351
   -0.1257544464
   -0.1535331543
   -0.1794528727
   -0.1809732997
   -0.1571133338
   -0.1290055941
   -0.1063472188
   -0.1095727818
   -0.1300090926
   -0.1516641313
   -0.1621140534
   -0.1521083740
   -0.1312315223
   -0.1106297453
   -0.1118990936
   -0.1287099897
   -0.1410622930
   -0.1407793735
   -0.1285102534
   -0.1120823536
   -0.1109256479
   -0.1222664910
   -0.1267510867
   -0.1217331590
   -0.1104766308
   -0.1128986363
   -0.1126004593
   -0.0657656739
   -0.0715274199
   -0.0776511083
   -0.0652975044
   -0.0714571669
   -0.0782360102
   -0.0862033840
   -0.0931940279
   -0.0952243057
   -0.0908992342
   -0.0828011467
   -0.0745638028
   -0.0643349620
   -0.0706894094
   -0.0773562260
   -0.0856715971
   -0.0976416116
   -0.1056569175
   -0.1043053452
   -0.0944932474
   -0.0830443034
   -0.0739146107
   -0.0669260695
   -0.0630295895
   -0.0693004178
   -0.0760884105
   -0.0790867436
   -0.0956338810
   -0.1142661065
   -0.1213588490
   -0.1117779582
   -0.0946341630
   -0.0814973610
   -0.0726666262
   -0.0659266964
   -0.0615449565
   -0.0674555873
   -0.0742383156
   -0.0711955100
   -0.0667048427
   -0.1153345264
   -0.1394715583
   -0.1393658517
   -0.1129225993
   -0.0907731759
   -0.0792510436
   -0.0712505333
   -0.0647775454
   -0.0599935399
   -0.0654840405
   -0.0709118634
   -0.0712354715
   -0.0917056390
   -0.1495641847
   -0.1760125185
   -0.1481934902
   -0.1021183665
   -0.0840439356
   -0.0774423370
   -0.0697580702
   -0.0635410826
   -0.0636647832
   -0.0678350599
   -0.0522980105
   -0.1413334001
   -0.1924306410
   -0.1171679710
   -0.0663756938
   -0.0784658312
   -0.0756873391
   -0.0681963559
   -0.0619477792
   -0.0666814277
   -0.1147532525
   -0.1925305277
   -0.0780565676
   -0.0736055848
   -0.0666434644
   -0.0655462783
   -0.0645546976
   -0.1539596538
   -0.0785488115
   -0.0716549653
   -0.0650758436
   -0.0638055860
   -0.0690357312
   -0.0536106987
   -0.1775417869
   -0.0656054108
   -0.0774175510
   -0.0698247354
   -0.0678538762
   -0.0732707325
   -0.0693203388
   -0.0581397502
   -0.1603058615
   -0.0826589211
   -0.0752665034
   -0.0679499325
   -0.0725623744
   -0.0800614782
   -0.0851891765
   -0.1064940776
   -0.1221809952
   -0.0774054944
   -0.0812961458
   -0.0731481374
   -0.0697320733
   -0.0780903374
   -0.0875790229
   -0.0882277427
   -0.0603157426
   -0.1163972029
   -0.0921372275
   -0.0868797631
   -0.0791826897
   -0.0744377096
   -0.0840622514
   -0.0938199855
   -0.0924279276
   -0.0865790516
   -0.1485588302
   -0.1278682592
   -0.0885639686
   -0.0938917265
   -0.0864614113
   -0.0766351878
   -0.0794653881
   -0.0900398827
   -0.1002652740
   -0.1097045412
   -0.1722757761
   -0.1835643140
   -0.1444881914
   -0.1126039139
   -0.0964704877
   -0.0837305875
   -0.0964246949
   -0.1103296300
   -0.1278173499
   -0.1655258334
   -0.2218220893
   -0.1991437472
   -0.1446873198
   -0.1117821009
   -0.0928371073
   -0.0903562518
   -0.1043251603
   -0.1240023011
   -0.1470131326
   -0.1762679503
   -0.2263506771
   -0.2459781167
   -0.1852531714
   -0.1333436216
   -0.1046815594
   -0.0967812058
   -0.1143873855
   -0.1410182534
   -0.1806618799
   -0.2297693472
   -0.2605513962
   -0.2228221064
   -0.1586510491
   -0.1191220755
   -0.1042580059
   -0.1266549084
   -0.1629434446
   -0.2184106212
   -0.2592111344
   -0.2409099295
   -0.1811049215
   -0.1343799805
   -0.1058978846
   -0.1125944446
   -0.1402595069
   -0.1845210921
   -0.2344534341
   -0.2374944221
   -0.1929571459
   -0.1471186931
   -0.1154614052
   -0.1207874585
   -0.1515282978
   -0.1917268118
   -0.2133465239
   -0.1912754995
   -0.1539875461
   -0.1230957609
   -0.1267597014
   -0.1546882781
   -0.1786619027
   -0.1770304806
   -0.1534258288
   -0.1272312958
   -0.1057152797
   -0.1281531305
   -0.1476839362
   -0.1557317049
   -0.1458290944
   -0.1270663522
   -0.1083427103
   -0.1241881067
   -0.1343986385
   -0.1335341590
   -0.1227463849
   -0.1082955623
   -0.1162930803
   -0.1197448012
   -0.1153132483
   -0.0641810463
   -0.0700954966
   -0.0764469900
   -0.0827899722
   -0.0635509505
   -0.0697872014
   -0.0767418401
   -0.0845457005
   -0.0926507422
   -0.0970946150
   -0.0952137792
   -0.0881396501
   -0.0795067718
   -0.0717463491
   -0.0625248016
   -0.0687855707
   -0.0759783735
   -0.0832426799
   -0.0945491138
   -0.1052770089
   -0.1079061395
   -0.1009661133
   -0.0894999504
   -0.0791348294
   -0.0710089963
   -0.0612523949
   -0.0673241847
   -0.0743786644
   -0.0788263701
   -0.0849889642
   -0.1090776706
   -0.1214800611
   -0.1185052649
   -0.1032476577
   -0.0883514770
   -0.0777635410
   -0.0698203981
   -0.0598317181
   -0.0656790295
   -0.0721863740
   -0.0749694146
   -0.0914940537
   -0.1312846825
   -0.1415147412
   -0.1243458424
   -0.1000435860
   -0.0857664523
   -0.0759648393
   -0.0683974531
   -0.0639481246
   -0.0702120368
   -0.0691555850
   -0.1264173649
   -0.1637316567
   -0.1584665881
   -0.1153032759
   -0.0929258276
   -0.0830460832
   -0.0738833202
   -0.0669090731
   -0.0621617952
   -0.0682577933
   -0.0676185624
   -0.1684699851
   -0.1301467658
   -0.0859845666
   -0.0815235615
   -0.0789206129
   -0.0717645378
   -0.0654742109
   -0.0663075548
   -0.0696644909
   -0.1454667205
   -0.0753972322
   -0.0700528122
   -0.0640692253
   -0.0642641243
   -0.0704081965
   -0.1777959901
   -0.0746893935
   -0.0685659386
   -0.0686617705
   -0.0734970943
   -0.0766484273
   -0.0736290131
   -0.0669960802
   -0.0661527611
   -0.0737820450
   -0.0798006030
   -0.0751346957
   -0.1044292786
   -0.0735041252
   -0.0795684548
   -0.0720332812
   -0.0708292577
   -0.0802132660
   -0.0927856490
   -0.0955142499
   -0.1005016273
   -0.0642748865
   -0.0863072748
   -0.0779687331
   -0.0700812400
   -0.0761833381
   -0.0879680353
   -0.1048162454
   -0.0899404213
   -0.0989926704
   -0.0952104733
   -0.0834059126
   -0.0918712278
   -0.0851003002
   -0.0758224187
   -0.0820858490
   -0.0956531508
   -0.1096619347
   -0.1008607978
   -0.1383235687
   -0.1509637357
   -0.1206087068
   -0.1037451776
   -0.0942272094
   -0.0828468062
   -0.0881067413
   -0.1019104694
   -0.1140845818
   -0.1160218940
   -0.1957857860
   -0.1849993231
   -0.1361949249
   -0.1087094194
   -0.0919776430
   -0.0940190512
   -0.1083927218
   -0.1239784361
   -0.2420751272
   -0.1893587103
   -0.1332637566
   -0.1046624574
   -0.1004193901
   -0.1176807482
   -0.1378413426
   -0.2461250310
   -0.1687302387
   -0.1221819398
   -0.1083412952
   -0.1313442052
   -0.1661653100
   -0.1958194573
   -0.2063012115
   -0.1437872590
   -0.1097554291
   -0.0987694172
   -0.1184855675
   -0.1508261735
   -0.2066501734
   -0.2260582381
   -0.1649320986
   -0.1231268219
   -0.1059358380
   -0.1306146684
   -0.1734225369
   -0.2386295812
   -0.2605161192
   -0.2294516301
   -0.1787620923
   -0.1353499122
   -0.1070390778
   -0.1134433471
   -0.1424461876
   -0.1885337882
   -0.2342960672
   -0.2251080280
   -0.1828853614
   -0.1436256806
   -0.1146042976
   -0.1198638263
   -0.1492672017
   -0.1847038218
   -0.1992431808
   -0.1775711102
   -0.1463624587
   -0.1197117833
   -0.1231425467
   -0.1471911915
   -0.1655108806
   -0.1625695181
   -0.1432146414
   -0.1214644025
   -0.1218457296
   -0.1373337901
   -0.1428759132
   -0.1347683340
   -0.1196025236
   -0.1163078516
   -0.1240523053
   -0.1231158570
   -0.1145090421
   -0.1107584169
   -0.1071881889
   -0.0682965860
   -0.0749459870
   -0.0817664238
   -0.0874680914
   -0.0615893687
   -0.0677493853
   -0.0750266806
   -0.0831468777
   -0.0916685296
   -0.0978248499
   -0.0928079666
   -0.0760340803
   -0.0605402589
   -0.0666207344
   -0.0740185505
   -0.0826687992
   -0.0926582465
   -0.1042198063
   -0.1096813357
   -0.1059131492
   -0.0956422566
   -0.0845735069
   -0.0753845487
   -0.0680499556
   -0.0651900511
   -0.0721806434
   -0.0805299674
   -0.0863825892
   -0.1044912691
   -0.1201094644
   -0.1219197285
   -0.1106401774
   -0.0952961986
   -0.0831771964
   -0.0740031820
   -0.0668854085
   -0.0636283214
   -0.0702699606
   -0.0762942957
   -0.0717022451
   -0.1236499798
   -0.1386381567
   -0.1311474839
   -0.1090033921
   -0.0921252148
   -0.0808752337
   -0.0721675249
   -0.0655547923
   -0.0619522889
   -0.0684927029
   -0.0740098935
   -0.0931843170
   -0.1480539633
   -0.1563782705
   -0.1274089643
   -0.0997542186
   -0.0878512022
   -0.0776949851
   -0.0701975464
   -0.0642148263
   -0.0665286768
   -0.0737826644
   -0.1344655843
   -0.1725734917
   -0.1488899046
   -0.0941119233
   -0.0865516932
   -0.0779032463
   -0.0740362816
   -0.0685071350
   -0.0643991116
   -0.0718773393
   -0.0707717897
   -0.0743544751
   -0.1486736053
   -0.0450030259
   -0.0603559204
   -0.0721969568
   -0.0671251966
   -0.0692829281
   -0.0772940225
   -0.1389662780
   -0.0685695006
   -0.0714646482
   -0.0657603708
   -0.0665608537
   -0.0750912314
   -0.0808346485
   -0.0755476237
   -0.0704189036
   -0.0716664388
   -0.0822878979
   -0.0932441471
   -0.0797432731
   -0.0757996753
   -0.0688806017
   -0.0681665920
   -0.0776997476
   -0.0920059888
   -0.1202076979
   -0.0640209000
   -0.0879316522
   -0.0824825820
   -0.0743520820
   -0.0731296941
   -0.0847553419
   -0.1041721670
   -0.1378771337
   -0.0470255415
   -0.0804497411
   -0.0968011283
   -0.0910335485
   -0.0810472733
   -0.0785899215
   -0.0923046953
   -0.1133261046
   -0.1299032439
   -0.0990036647
   -0.1453053531
   -0.1275180791
   -0.1157736473
   -0.1029725347
   -0.0896785091
   -0.0784972978
   -0.0842934199
   -0.0990588105
   -0.1164103360
   -0.1183197838
   -0.2050114924
   -0.1655133140
   -0.1247866913
   -0.1017892307
   -0.0864585012
   -0.0899270171
   -0.1047737500
   -0.1186183714
   -0.2388496608
   -0.1647373789
   -0.1201146434
   -0.0968621135
   -0.0955865830
   -0.1112566929
   -0.1212446379
   -0.2180948504
   -0.1466968603
   -0.1105700495
   -0.1019616843
   -0.1208126688
   -0.1457398298
   -0.1783336785
   -0.2263976554
   -0.1777695970
   -0.1275176660
   -0.1098840926
   -0.1358416993
   -0.1838498873
   -0.1984779598
   -0.1452524203
   -0.1113909567
   -0.0989284917
   -0.1196243600
   -0.1550692624
   -0.2199423745
   -0.2012845616
   -0.1588743727
   -0.1221693317
   -0.1052938413
   -0.1300010972
   -0.1720426985
   -0.2324058288
   -0.2461286974
   -0.2051754201
   -0.1653679145
   -0.1305725578
   -0.1052855888
   -0.1112331346
   -0.1379417660
   -0.1767043156
   -0.2098572201
   -0.1990594106
   -0.1656046368
   -0.1350384341
   -0.1106388751
   -0.1152787795
   -0.1397918924
   -0.1658120503
   -0.1745850129
   -0.1585523330
   -0.1350289157
   -0.1135276351
   -0.1159951075
   -0.1344609266
   -0.1470013181
   -0.1445672455
   -0.1304789503
   -0.1135215338
   -0.1129477376
   -0.1243283077
   -0.1280609387
   -0.1221601968
   -0.1106369708
   -0.1126127894
   -0.1118601654
   -0.0660948261
   -0.0728916790
   -0.0802233609
   -0.0868518746
   -0.0653795307
   -0.0726073128
   -0.0812792032
   -0.0904892972
   -0.0979773267
   -0.0642205141
   -0.0713369288
   -0.0806395959
   -0.0919147425
   -0.1036991299
   -0.1111139046
   -0.1098314003
   -0.1012765118
   -0.0901217300
   -0.0800159694
   -0.0717708763
   -0.0628322521
   -0.0695506812
   -0.0781106841
   -0.0903228069
   -0.1050690979
   -0.1206932145
   -0.1249947420
   -0.1169909065
   -0.1025009686
   -0.0890181165
   -0.0785309422
   -0.0704210571
   -0.0613079372
   -0.0677629339
   -0.0748348210
   -0.0822458282
   -0.0957834418
   -0.1234118949
   -0.1400445311
   -0.1363091267
   -0.1185077354
   -0.0996153675
   -0.0862685843
   -0.0762228450
   -0.0687816773
   -0.0659741009
   -0.0730141151
   -0.0681091780
   -0.0967134467
   -0.1471891126
   -0.1557110440
   -0.1388320305
   -0.1110270282
   -0.0940546357
   -0.0819783047
   -0.0734502054
   -0.0671689997
   -0.0640210276
   -0.0714303676
   -0.0733502221
   -0.1187503650
   -0.1578956106
   -0.1581874106
   -0.1207269694
   -0.0971058442
   -0.0842885133
   -0.0752930473
   -0.0711421395
   -0.0657514594
   -0.0691299711
   -0.0780086334
   -0.1445887547
   -0.1234683910
   -0.0765969570
   -0.0787704765
   -0.0496653472
   -0.0715179589
   -0.0697877281
   -0.0665086038
   -0.0754884874
   -0.0832231207
   -0.1031542489
   -0.0524725699
   -0.0727398761
   -0.0687276464
   -0.0719585184
   -0.0835043496
   -0.0853037369
   -0.0717182129
   -0.0732927123
   -0.0684622524
   -0.0785543989
   -0.0937292916
   -0.1138011249
   -0.0719135781
   -0.0785162582
   -0.0724441115
   -0.0738489899
   -0.0866005886
   -0.1101348179
   -0.1596060693
   -0.0438011386
   -0.0853199218
   -0.0857144835
   -0.0784932998
   -0.0799785897
   -0.0961847524
   -0.1291914236
   -0.1609507594
   -0.0732564801
   -0.0891962160
   -0.0954505433
   -0.0862420115
   -0.0767289103
   -0.0866249384
   -0.1054459728
   -0.1331099353
   -0.1292837974
   -0.1028198531
   -0.1098965978
   -0.0967969782
   -0.0842426428
   -0.0931191797
   -0.1112384616
   -0.1244927237
   -0.1811603287
   -0.1417814322
   -0.1129447346
   -0.0941586824
   -0.0989066289
   -0.1145529582
   -0.2034451388
   -0.1397754491
   -0.1078832530
   -0.1045950404
   -0.1178683004
   -0.1791050670
   -0.1267911244
   -0.0954209620
   -0.1117809274
   -0.1296751572
   -0.1598579668
   -0.2109075512
   -0.1498905035
   -0.1128736716
   -0.1017022893
   -0.1222832525
   -0.1575320839
   -0.2198259168
   -0.1859755509
   -0.1703019491
   -0.1269345549
   -0.1091839943
   -0.1363694491
   -0.1881688170
   -0.2569947740
   -0.1791983715
   -0.1393249271
   -0.1095979437
   -0.1174127366
   -0.1507271258
   -0.2079149515
   -0.2549798527
   -0.2170010665
   -0.1818005352
   -0.1471479558
   -0.1174038630
   -0.1246620852
   -0.1589995031
   -0.2018363102
   -0.2129895211
   -0.1821909556
   -0.1498673774
   -0.1225977289
   -0.1283705919
   -0.1561580695
   -0.1767304955
   -0.1702935257
   -0.1474957481
   -0.1244274995
   -0.1047242584
   -0.1267918058
   -0.1441286131
   -0.1495133612
   -0.1393843581
   -0.1226612219
   -0.1059220042
   -0.1204354214
   -0.1287352799
   -0.1271892782
   -0.1174972976
   -0.1047440653
   -0.1113872932
   -0.1139439899
   -0.1098586108
   -0.0702374076
   -0.0778429331
   -0.0853471245
   -0.0696490273
   -0.0782673814
   -0.0882746414
   -0.0972931680
   -0.1017372879
   -0.0683261954
   -0.0770413548
   -0.0890215237
   -0.1025120593
   -0.1123856453
   -0.1134475089
   -0.1064552443
   -0.0956681704
   -0.0848856299
   -0.0757315919
   -0.0666835912
   -0.0745296049
   -0.0863384845
   -0.1044180817
   -0.1224328858
   -0.1298845540
   -0.1235333395
   -0.1099439451
   -0.0955354947
   -0.0835844974
   -0.0742847493
   -0.0649814367
   -0.0720116636
   -0.0791395957
   -0.0971370929
   -0.1273426051
   -0.1488168441
   -0.1456999880
   -0.1287293874
   -0.1090778915
   -0.0930121634
   -0.0810389749
   -0.0723078572
   -0.0631946478
   -0.0701179377
   -0.0740359140
   -0.1090642493
   -0.1611290643
   -0.1724389429
   -0.1528413948
   -0.1266532328
   -0.1043343724
   -0.0885997391
   -0.0775245005
   -0.0702583901
   -0.0681826790
   -0.0750021536
   -0.1278771015
   -0.1701401786
   -0.1749078288
   -0.1481674434
   -0.1187379767
   -0.0972011218
   -0.0813905914
   -0.0740720232
   -0.0685711095
   -0.0658984119
   -0.0741048204
   -0.0725434321
   -0.1584244854
   -0.1395916741
   -0.1093775594
   -0.0827615993
   -0.0736314657
   -0.0722249648
   -0.0672252288
   -0.0713854178
   -0.0814998891
   -0.1413254199
   -0.1305057805
   -0.0932341787
   -0.0622431169
   -0.0734667840
   -0.0714458666
   -0.0682101481
   -0.0781354002
   -0.0911586274
   -0.0899736369
   -0.1027625534
   -0.0705985685
   -0.0711772112
   -0.0756041530
   -0.0705153366
   -0.0738456701
   -0.0865670898
   -0.1065939151
   -0.1360389429
   -0.0777657708
   -0.0780771842
   -0.0805534702
   -0.0758018912
   -0.0804356048
   -0.0972483637
   -0.1322928225
   -0.0803627099
   -0.0880749154
   -0.0823657899
   -0.0745680527
   -0.0749456365
   -0.0879286282
   -0.1096344544
   -0.1474907480
   -0.1263144479
   -0.0961325243
   -0.0910353498
   -0.0813549327
   -0.0806222190
   -0.0956474443
   -0.1182196694
   -0.1361352470
   -0.0983714573
   -0.1084699019
   -0.1032856989
   -0.0901787871
   -0.0864057738
   -0.1021871149
   -0.1198251589
   -0.1080949817
   -0.1742693262
   -0.1527613163
   -0.1242208820
   -0.1024183436
   -0.1072011893
   -0.1171676980
   -0.2301976195
   -0.1626335688
   -0.1204332929
   -0.0972973411
   -0.1124424559
   -0.1099331714
   -0.2127647054
   -0.1461045928
   -0.1108867643
   -0.1032588047
   -0.1209164939
   -0.1408935407
   -0.1922296351
   -0.2019536194
   -0.1749571700
   -0.1273594200
   -0.1108741803
   -0.1364328685
   -0.1874651969
   -0.1903414650
   -0.1441567653
   -0.1114155539
   -0.1206131686
   -0.1569110814
   -0.2253685598
   -0.1876718901
   -0.1563377841
   -0.1218367025
   -0.1061288843
   -0.1311772812
   -0.1744678902
   -0.2357898425
   -0.2397252734
   -0.1949632161
   -0.1618173151
   -0.1298224194
   -0.1052407539
   -0.1120541823
   -0.1391960582
   -0.1786438734
   -0.2104325570
   -0.1956420983
   -0.1627179089
   -0.1340518310
   -0.1104548954
   -0.1160625041
   -0.1408617333
   -0.1668104775
   -0.1742528437
   -0.1572258959
   -0.1341954935
   -0.1132721350
   -0.1166737832
   -0.1351957183
   -0.1473902115
   -0.1443098159
   -0.1300455772
   -0.1133048592
   -0.1134748807
   -0.1247740239
   -0.1282275131
   -0.1220796232
   -0.1105367984
   -0.1128859495
   -0.1119733046
   -0.0746256237
   -0.0826412271
   -0.0664568249
   -0.0744704115
   -0.0844761177
   -0.0948430614
   -0.1017024155
   -0.1020602478
   -0.0652015755
   -0.0730623333
   -0.0840374709
   -0.0984276857
   -0.1115211181
   -0.1161869476
   -0.1111157369
   -0.1009382670
   -0.0636916740
   -0.0709675572
   -0.0809402983
   -0.0978188927
   -0.1197540530
   -0.1339223557
   -0.1307204368
   -0.1174379559
   -0.1024326018
   -0.0891737547
   -0.0785710559
   -0.0688874798
   -0.0766215445
   -0.0889427823
   -0.1204961178
   -0.1542265751
   -0.1596625633
   -0.1409325475
   -0.1194251823
   -0.1011240092
   -0.0868917161
   -0.0764261507
   -0.0669348817
   -0.0739412034
   -0.0729955376
   -0.0936857670
   -0.1632981073
   -0.1953823372
   -0.1769523710
   -0.1432400690
   -0.1174368351
   -0.0975308177
   -0.0832768217
   -0.0739218701
   -0.0648659340
   -0.0723117341
   -0.0733830533
   -0.1265126030
   -0.1762057075
   -0.1410724447
   -0.1130912299
   -0.0917561465
   -0.0790018980
   -0.0717215077
   -0.0701315678
   -0.0778952125
   -0.1693517023
   -0.1414119652
   -0.1054133443
   -0.0841321343
   -0.0758311496
   -0.0701175594
   -0.0674065773
   -0.0764330255
   -0.0840848378
   -0.1040898713
   -0.1622647313
   -0.1813028473
   -0.1344465987
   -0.0930633677
   -0.0792919466
   -0.0744711929
   -0.0730284216
   -0.0843927536
   -0.0971720113
   -0.1116380370
   -0.1106978314
   -0.0848648030
   -0.0790290950
   -0.0736261365
   -0.0797019736
   -0.0947444794
   -0.1184490270
   -0.1196488306
   -0.1116853916
   -0.0923354271
   -0.0850176789
   -0.0792560441
   -0.0747489387
   -0.0875295753
   -0.1076707548
   -0.1375834094
   -0.0820748027
   -0.0745199176
   -0.0914894404
   -0.0863312470
   -0.0783997874
   -0.0807903120
   -0.0961123660
   -0.1193496897
   -0.1336687955
   -0.0714427511
   -0.0928565113
   -0.0953515216
   -0.0859689416
   -0.0871131008
   -0.1038678127
   -0.1227430554
   -0.1203200405
   -0.0993380406
   -0.1083655053
   -0.0960501866
   -0.0931433369
   -0.1091233378
   -0.1208897155
   -0.1091531788
   -0.1786304315
   -0.1629060113
   -0.1344260742
   -0.1107463311
   -0.0985411261
   -0.1130454099
   -0.1171505798
   -0.2351978932
   -0.1846858783
   -0.1337550998
   -0.1058991771
   -0.1039225132
   -0.1187126802
   -0.1271745486
   -0.1722712485
   -0.2351399552
   -0.1665791258
   -0.1227008222
   -0.1107343410
   -0.1314019175
   -0.1725604219
   -0.2154703517
   -0.1978137009
   -0.1427548878
   -0.1101717064
   -0.1009049671
   -0.1204656215
   -0.1539992505
   -0.2194698738
   -0.2047569037
   -0.1610265722
   -0.1228147620
   -0.1078174972
   -0.1330736038
   -0.1792569699
   -0.2494291226
   -0.2452732202
   -0.2049111449
   -0.1712517361
   -0.1339687333
   -0.1070732614
   -0.1153044544
   -0.1454772014
   -0.1942896342
   -0.2371757444
   -0.2145709021
   -0.1747892314
   -0.1412321204
   -0.1142401763
   -0.1217475173
   -0.1521907275
   -0.1879946569
   -0.1980842588
   -0.1729826526
   -0.1438384076
   -0.1190282102
   -0.1248779448
   -0.1493055498
   -0.1666412877
   -0.1613801597
   -0.1415969845
   -0.1207368967
   -0.1232335861
   -0.1385587834
   -0.1431700553
   -0.1342410959
   -0.1191290451
   -0.1172947084
   -0.1247192886
   -0.1232565606
   -0.1143919154
   -0.1111656190
   -0.1073435037
   -0.0704313711
   -0.0796347266
   -0.0902910046
   -0.0992649012
   -0.1024890000
   -0.0991832817
   -0.0691124140
   -0.0786083644
   -0.0918137553
   -0.1066261315
   -0.1157984228
   -0.1142818560
   -0.1054192420
   -0.0673636793
   -0.0761145536
   -0.0896801075
   -0.1106331561
   -0.1309661533
   -0.1353835645
   -0.1242588488
   -0.1089533066
   -0.0948428489
   -0.0654971892
   -0.0732986331
   -0.0840568835
   -0.1067901570
   -0.1434920347
   -0.1658915351
   -0.1535686036
   -0.1296179960
   -0.1093564313
   -0.0933257411
   -0.0811371649
   -0.0709111640
   -0.0788432401
   -0.0918301207
   -0.1402335256
   -0.1983497232
   -0.1962675690
   -0.1623948083
   -0.1297963949
   -0.1071757146
   -0.0901850039
   -0.0784320164
   -0.0686583156
   -0.0765388543
   -0.0798788015
   -0.1097210538
   -0.2013813049
   -0.2048428658
   -0.1594421602
   -0.1274924107
   -0.1027893874
   -0.0858802942
   -0.0756819904
   -0.0744887014
   -0.0818493121
   -0.0843631726
   -0.1580612673
   -0.1974034997
   -0.1565602177
   -0.1231339331
   -0.0961508510
   -0.0816110136
   -0.0734962174
   -0.0716358351
   -0.0814974732
   -0.0908970370
   -0.1176924678
   -0.1799553529
   -0.1565851315
   -0.1128481302
   -0.0891831938
   -0.0787686835
   -0.0780498391
   -0.0907386794
   -0.1086374773
   -0.1322125300
   -0.1518514788
   -0.1781773635
   -0.1389401210
   -0.0997938507
   -0.0850404859
   -0.0771754390
   -0.0738334548
   -0.0856803812
   -0.1024508546
   -0.1231621922
   -0.0954495431
   -0.1282336346
   -0.1482931392
   -0.1102219270
   -0.0924869265
   -0.0834750207
   -0.0799808818
   -0.0943110976
   -0.1138637979
   -0.1222090130
   -0.1057285849
   -0.1028295865
   -0.0980314913
   -0.0910353088
   -0.0823557299
   -0.0865848651
   -0.1026905846
   -0.1193755480
   -0.1111156228
   -0.0694994803
   -0.0911874781
   -0.0981134008
   -0.0999174451
   -0.0906045070
   -0.0930501418
   -0.1087321377
   -0.1186829460
   -0.1112841860
   -0.1290550637
   -0.1165955797
   -0.1136511623
   -0.1017038343
   -0.0986982538
   -0.1124019748
   -0.1203001129
   -0.1231522475
   -0.1691210611
   -0.1773307637
   -0.1446864377
   -0.1186832376
   -0.1037042601
   -0.1169774695
   -0.1300564067
   -0.1538579504
   -0.1956395545
   -0.2320868348
   -0.1983960392
   -0.1461502219
   -0.1143538552
   -0.1094945226
   -0.1265008488
   -0.1561678135
   -0.2069497155
   -0.2446409552
   -0.2459782510
   -0.1833003731
   -0.1341720651
   -0.1060786303
   -0.1007461166
   -0.1179884926
   -0.1452237444
   -0.1975267886
   -0.2532793931
   -0.2551700140
   -0.2148258543
   -0.1567790602
   -0.1196529018
   -0.1075241814
   -0.1303784339
   -0.1714258168
   -0.2373676946
   -0.2625875050
   -0.2265255621
   -0.1751901833
   -0.1335007931
   -0.1063577093
   -0.1156550925
   -0.1450970246
   -0.1947551471
   -0.2445023635
   -0.2290756399
   -0.1841235966
   -0.1445149000
   -0.1152841775
   -0.1239581328
   -0.1568310155
   -0.1990609522
   -0.2138196992
   -0.1848043274
   -0.1503752400
   -0.1222503648
   -0.1298830757
   -0.1589855063
   -0.1816180226
   -0.1751879455
   -0.1505622681
   -0.1260380968
   -0.1055979617
   -0.1107306045
   -0.1308029445
   -0.1502719170
   -0.1564161647
   -0.1446852482
   -0.1260947124
   -0.1080894691
   -0.1110226775
   -0.1261069248
   -0.1357152171
   -0.1336825082
   -0.1223611974
   -0.1081045758
   -0.1175556301
   -0.1204501104
   -0.1154712963
   -0.1056387549
   -0.0844062765
   -0.0942663990
   -0.1002313629
   -0.0997373966
   -0.0734090432
   -0.0845510041
   -0.0985384106
   -0.1106702846
   -0.1140338039
   -0.1081311879
   -0.0714610512
   -0.0823929041
   -0.0991802449
   -0.1199217159
   -0.1324071324
   -0.1278343863
   -0.1140764064
   -0.0692478387
   -0.0789072298
   -0.0949929560
   -0.1232614077
   -0.1535884935
   -0.1575069400
   -0.1378240219
   -0.1163685623
   -0.0993274861
   -0.0755849976
   -0.0880813474
   -0.1158724541
   -0.1669684196
   -0.1945508956
   -0.1769744384
   -0.1405139951
   -0.1153398010
   -0.0969579101
   -0.0834078673
   -0.0727664487
   -0.0828433860
   -0.1017612734
   -0.1554576318
   -0.1794583921
   -0.1373692429
   -0.1120132415
   -0.0930784042
   -0.0803700965
   -0.0699852082
   -0.0794613451
   -0.0925135747
   -0.1271532203
   -0.1658711998
   -0.1327121112
   -0.1064030777
   -0.0884174638
   -0.0775503896
   -0.0760817942
   -0.0878645130
   -0.1079296123
   -0.1581144360
   -0.1927731292
   -0.1553437840
   -0.1250495370
   -0.0989808148
   -0.0842787827
   -0.0723950030
   -0.0832957100
   -0.0986410312
   -0.1242970430
   -0.1597289243
   -0.1808632795
   -0.1615390116
   -0.1448801896
   -0.1124658012
   -0.0924253425
   -0.0814273961
   -0.0784374371
   -0.0915862453
   -0.1095436466
   -0.1292084701
   -0.1304571080
   -0.1296775641
   -0.1319332302
   -0.1457396044
   -0.1249296219
   -0.1014447607
   -0.0886045678
   -0.0850376528
   -0.0999233563
   -0.1159310084
   -0.1190153954
   -0.1059076850
   -0.1115923482
   -0.1265772468
   -0.1090290748
   -0.0967313998
   -0.0865398634
   -0.0916692480
   -0.1064126759
   -0.1160302940
   -0.1110173505
   -0.1221669380
   -0.1164831481
   -0.1061752220
   -0.0953233156
   -0.0975490381
   -0.1102040831
   -0.1158789507
   -0.1114936342
   -0.1140799013
   -0.1368706662
   -0.1217650451
   -0.1071967952
   -0.1024171617
   -0.1136857047
   -0.1221647351
   -0.1245803178
   -0.1365766725
   -0.1705255818
   -0.1522126587
   -0.1256624859
   -0.1053150230
   -0.1073401779
   -0.1207286346
   -0.1384192867
   -0.1657449910
   -0.2009396481
   -0.1941151675
   -0.1541036470
   -0.1216947697
   -0.0996011162
   -0.1142434945
   -0.1343722316
   -0.1678913252
   -0.2137331463
   -0.2286052266
   -0.1885199182
   -0.1429477064
   -0.1130586577
   -0.1057290645
   -0.1247411573
   -0.1556962425
   -0.2044395305
   -0.2398918312
   -0.2155442592
   -0.1655061225
   -0.1276357431
   -0.1031687232
   -0.1134800081
   -0.1387627563
   -0.1798199598
   -0.2252968738
   -0.2243072265
   -0.1821365756
   -0.1415626036
   -0.1131051268
   -0.1223755359
   -0.1528523579
   -0.1932262728
   -0.2125739749
   -0.1877577325
   -0.1513786047
   -0.1219776096
   -0.1303221910
   -0.1602353282
   -0.1855982717
   -0.1811022094
   -0.1548135441
   -0.1280719751
   -0.1064983239
   -0.1127193974
   -0.1341656041
   -0.1562244946
   -0.1641709156
   -0.1511887010
   -0.1302293165
   -0.1104793288
   -0.1147109633
   -0.1318960938
   -0.1434904031
   -0.1412978398
   -0.1280639180
   -0.1118819158
   -0.1132176702
   -0.1243902332
   -0.1279686336
   -0.1219906719
   -0.1104796538
   -0.1142484574
   -0.1133218846
   -0.1065139029
   -0.0952768928
   -0.0977362163
   -0.0895966011
   -0.1019833425
   -0.1092895292
   -0.1077741115
   -0.1000427315
   -0.0759278976
   -0.0887961039
   -0.1060020882
   -0.1215441180
   -0.1250385041
   -0.1161794828
   -0.1032624466
   -0.0734057400
   -0.0855625929
   -0.1050899028
   -0.1308978188
   -0.1467197585
   -0.1393103635
   -0.1208365580
   -0.1038985448
   -0.0813788752
   -0.0992420372
   -0.1310795581
   -0.1671629059
   -0.1722171566
   -0.1467209356
   -0.1209673035
   -0.1023085329
   -0.0775020781
   -0.0918370355
   -0.1203312519
   -0.1709098967
   -0.1988811216
   -0.1859855749
   -0.1442699145
   -0.1178840566
   -0.0990257890
   -0.0740110374
   -0.0857762481
   -0.1064804296
   -0.1508389350
   -0.1759909000
   -0.1366182606
   -0.1128907737
   -0.0945645149
   -0.0809167623
   -0.0961526315
   -0.1247762937
   -0.1771692029
   -0.2046947727
   -0.1545926104
   -0.1284451750
   -0.1062244365
   -0.0898694872
   -0.0764801489
   -0.0889018368
   -0.1076246198
   -0.1393552425
   -0.1776335711
   -0.1936137706
   -0.1620395558
   -0.1396133515
   -0.1188099133
   -0.0991923600
   -0.0829391775
   -0.0972474363
   -0.1163467147
   -0.1397785242
   -0.1563330522
   -0.1469072913
   -0.1374155792
   -0.1275138048
   -0.1089027206
   -0.0939398472
   -0.0895706068
   -0.1042143420
   -0.1186939740
   -0.1280040170
   -0.1221181573
   -0.1108565599
   -0.1272732644
   -0.1171904306
   -0.1026423436
   -0.0955905936
   -0.1084048380
   -0.1167410430
   -0.1166990037
   -0.1149825438
   -0.1248123943
   -0.1127542926
   -0.0999125553
   -0.1004429438
   -0.1108820612
   -0.1169665916
   -0.1088746401
   -0.1024840997
   -0.1352327010
   -0.1275026107
   -0.1120471371
   -0.1046645780
   -0.1149253695
   -0.1236370764
   -0.1284806240
   -0.1491594018
   -0.1492541765
   -0.1297106556
   -0.1099752075
   -0.1099002933
   -0.1235201687
   -0.1407949968
   -0.1632576372
   -0.1731259119
   -0.1533835439
   -0.1263083851
   -0.1050380400
   -0.1029712575
   -0.1178569318
   -0.1382813300
   -0.1665334526
   -0.1887826360
   -0.1775750297
   -0.1458749118
   -0.1181211843
   -0.1096546093
   -0.1292096207
   -0.1575625211
   -0.1883611232
   -0.1924491034
   -0.1643124625
   -0.1322188641
   -0.1080904003
   -0.1178604623
   -0.1423538406
   -0.1734200351
   -0.1911375009
   -0.1751959342
   -0.1444497281
   -0.1178441721
   -0.1263199164
   -0.1524215370
   -0.1754575247
   -0.1743668048
   -0.1514181780
   -0.1257964904
   -0.1049412361
   -0.1118796379
   -0.1322834638
   -0.1537237502
   -0.1627200769
   -0.1511117505
   -0.1302183957
   -0.1102525153
   -0.1153567141
   -0.1329434731
   -0.1454353795
   -0.1438077291
   -0.1301278859
   -0.1131548361
   -0.1155695054
   -0.1277573347
   -0.1319681709
   -0.1255988776
   -0.1131212516
   -0.1122009900
   -0.1187104924
   -0.1177648798
   -0.1101739439
   -0.0932666544
   -0.0922919237
   -0.1012023261
   -0.1037803133
   -0.0995427353
   -0.0934047358
   -0.1076832890
   -0.1160896578
   -0.1137446974
   -0.1042823082
   -0.0914953276
   -0.1102576461
   -0.1276766944
   -0.1314523651
   -0.1208258323
   -0.1062429739
   -0.0873982248
   -0.1072864351
   -0.1335319091
   -0.1503905159
   -0.1428065051
   -0.1229944060
   -0.1054901532
   -0.0826743225
   -0.1002582889
   -0.1289658915
   -0.1613144278
   -0.1683124742
   -0.1447883224
   -0.1205281244
   -0.1027700871
   -0.0782494487
   -0.0925414232
   -0.1166775864
   -0.1541802043
   -0.1824392907
   -0.1698538284
   -0.1376958138
   -0.1156151315
   -0.0988045607
   -0.0859663690
   -0.1040239124
   -0.1338954405
   -0.1713521581
   -0.1828627050
   -0.1535580146
   -0.1281403327
   -0.1097137267
   -0.0942825371
   -0.0943532742
   -0.1148762694
   -0.1442288420
   -0.1682962302
   -0.1586309001
   -0.1361622028
   -0.1195742253
   -0.1035258752
   -0.0870792950
   -0.1020637761
   -0.1211883376
   -0.1410999430
   -0.1463462886
   -0.1350169291
   -0.1249875916
   -0.1121331834
   -0.0982152312
   -0.0932749559
   -0.1073467027
   -0.1210881744
   -0.1291028132
   -0.1248658411
   -0.1236282871
   -0.1185550957
   -0.1066674655
   -0.0983134571
   -0.1098379957
   -0.1180683546
   -0.1181310251
   -0.1168554154
   -0.1227507530
   -0.1156201584
   -0.1034398303
   -0.1021705335
   -0.1115937342
   -0.1174091180
   -0.1175436977
   -0.1262697043
   -0.1261067493
   -0.1145241291
   -0.1059645633
   -0.1155718642
   -0.1235151944
   -0.1324389175
   -0.1380927611
   -0.1285318934
   -0.1124789635
   -0.1113175702
   -0.1239130178
   -0.1378471288
   -0.1488620608
   -0.1441490193
   -0.1265801794
   -0.1079836165
   -0.1051337103
   -0.1193152818
   -0.1366481711
   -0.1536513344
   -0.1569430862
   -0.1414134937
   -0.1199868916
   -0.1118577089
   -0.1295483303
   -0.1497483491
   -0.1616117759
   -0.1529709682
   -0.1317546530
   -0.1108486706
   -0.1194451615
   -0.1392169723
   -0.1562415277
   -0.1569753292
   -0.1404683372
   -0.1194271075
   -0.1260213091
   -0.1438087918
   -0.1520237552
   -0.1434627843
   -0.1254991824
   -0.1072973644
   -0.1129618880
   -0.1289476437
   -0.1405869089
   -0.1398698708
   -0.1275908468
   -0.1114814665
   -0.1147027366
   -0.1266414490
   -0.1311236838
   -0.1252123078
   -0.1129211998
   -0.1130240488
   -0.1198413514
   -0.1190738789
   -0.1113385783
   -0.1106686476
   -0.0919977605
   -0.0970330555
   -0.0963544994
   -0.0948370862
   -0.1044052960
   -0.1070666294
   -0.1022523931
   -0.0947672909
   -0.1092690791
   -0.1179168558
   -0.1154716121
   -0.1056407255
   -0.0918194356
   -0.1095026146
   -0.1258256948
   -0.1297809083
   -0.1199389619
   -0.1060592773
   -0.1048451352
   -0.1266157214
   -0.1409459616
   -0.1356860143
   -0.1194165838
   -0.0975891634
   -0.1193955743
   -0.1421005547
   -0.1480881414
   -0.1331574568
   -0.1153714773
   -0.0903084036
   -0.1084845844
   -0.1317872262
   -0.1487085551
   -0.1429093428
   -0.1254962963
   -0.1101132532
   -0.0983787992
   -0.1172239053
   -0.1365002914
   -0.1422595439
   -0.1311867951
   -0.1177019902
   -0.1049098115
   -0.1048785582
   -0.1208557704
   -0.1316673414
   -0.1296652203
   -0.1213569390
   -0.1116879649
   -0.1003548303
   -0.0957828666
   -0.1085465359
   -0.1192974835
   -0.1229588137
   -0.1203929182
   -0.1159886184
   -0.1075169159
   -0.0997798891
   -0.1098533162
   -0.1162399589
   -0.1175088949
   -0.1179161048
   -0.1140626261
   -0.1047305606
   -0.1028027267
   -0.1110127875
   -0.1159908715
   -0.1192543798
   -0.1201612727
   -0.1134516120
   -0.1061199798
   -0.1144127375
   -0.1211338096
   -0.1257726281
   -0.1227331064
   -0.1120019195
   -0.1110032859
   -0.1211836518
   -0.1297044883
   -0.1312114959
   -0.1223858276
   -0.1084256019
   -0.1178229269
   -0.1297804693
   -0.1364046383
   -0.1316123161
   -0.1180604726
   -0.1116620408
   -0.1252937532
   -0.1361846404
   -0.1370113337
   -0.1262945663
   -0.1107763386
   -0.1175374924
   -0.1305399197
   -0.1366602103
   -0.1309780279
   -0.1173053298
   -0.1213998685
   -0.1307960097
   -0.1306772559
   -0.1209312428
   -0.1071214891
   -0.1214482633
   -0.1255974041
   -0.1207354439
   -0.1097864695
   -0.1173260831
   -0.1168280320
   -0.1096672242
   -0.1102298638
   -0.0930416273
   -0.0981460205
   -0.0974247211
   -0.0946099826
   -0.1037972803
   -0.1064486307
   -0.1019088814
   -0.0933400622
   -0.1062569848
   -0.1140393045
   -0.1122426277
   -0.1037041750
   -0.0897578247
   -0.1044744940
   -0.1175090197
   -0.1211513648
   -0.1140386899
   -0.1028963025
   -0.0992940202
   -0.1150826087
   -0.1252271251
   -0.1227440228
   -0.1120477849
   -0.0927837775
   -0.1080984747
   -0.1221799459
   -0.1264897855
   -0.1192066398
   -0.1080853126
   -0.0997598702
   -0.1139619618
   -0.1232944934
   -0.1219675214
   -0.1136994314
   -0.1038688748
   -0.1046738944
   -0.1154578441
   -0.1194269017
   -0.1158690405
   -0.1089144181
   -0.0966224143
   -0.1069523957
   -0.1136999912
   -0.1146427222
   -0.1116070107
   -0.1056538614
   -0.0996469211
   -0.1075511508
   -0.1117109619
   -0.1123034398
   -0.1098960562
   -0.1019525213
   -0.1083982347
   -0.1120518274
   -0.1130114262
   -0.1095200771
   -0.1046661957
   -0.1110433884
   -0.1150779071
   -0.1148472226
   -0.1085753226
   -0.1154840190
   -0.1186656606
   -0.1153223257
   -0.1134166414
   -0.1198357201
   -0.1200548453
   -0.1129850653
   -0.1176639980
   -0.1215690187
   -0.1177358197
   -0.1125149930
   -0.1192910544
   -0.1192708242
   -0.1120473411
   -0.1138085655
   -0.1171332261
   -0.1133970375
   -0.1119098226
   -0.1116030144
   -0.0963502486
   -0.0958348023
   -0.0918623860
   -0.0998201433
   -0.1023204250
   -0.0987432051
   -0.1002257568
   -0.1065225617
   -0.1056443225
   -0.0975059931
   -0.1070176654
   -0.1101059175
   -0.1058690865
   -0.0927694718
   -0.1037396169
   -0.1106116354
   -0.1100217782
   -0.1038167040
   -0.0981943270
   -0.1071939636
   -0.1105454492
   -0.1074707248
   -0.1015652051
   -0.1076563431
   -0.1082257815
   -0.1043863812
   -0.1029040523
   -0.1064486438
   -0.1057805455
   -0.1032483379
   -0.1054312026
   -0.1044458543
   -0.1039304210
   -0.1056340004
   -0.1056110627
   -0.0962821154
   -0.0981427142
   -0.0973562386
   -0.0999813356
   -0.0993346499
