   -0.0018346189
   -0.0025246204
   -0.0032814695
   -0.0009386493
   -0.0016860018
   -0.0026236956
    0.0005452792
   -0.0000526166
   -0.0010313162
   -0.0021494986
    0.0017548420
    0.0013857934
    0.0005375039
   -0.0006852620
    0.0024575902
    0.0018736280
    0.0006892623
   -0.0005953116
    0.0028390014
    0.0018827523
    0.0005608236
   -0.0006451890
    0.0028107785
    0.0016139864
    0.0003410743
   -0.0051350334
   -0.0057542902
   -0.0034092345
   -0.0041656784
   -0.0048029542
   -0.0057374682
   -0.0015268206
   -0.0023396011
   -0.0030525211
   -0.0038719365
    0.0002558593
   -0.0003903463
   -0.0010512035
   -0.0019835962
   -0.0030926431
    0.0013482660
    0.0010274711
    0.0001489125
   -0.0012306229
   -0.0025374927
    0.0026882750
    0.0025882645
    0.0022878120
    0.0006721139
   -0.0008750920
   -0.0022273473
    0.0036354219
    0.0035940957
    0.0024907824
    0.0005997046
   -0.0008154852
   -0.0021320649
    0.0043853782
    0.0043257791
    0.0036945549
    0.0019881503
    0.0003172008
   -0.0009271112
    0.0049031189
    0.0044493015
    0.0031655210
    0.0014242028
    0.0000245348
   -0.0010693176
    0.0050088622
    0.0040785817
    0.0025356167
    0.0009758001
   -0.0001931790
    0.0047037548
    0.0034913259
    0.0019811708
    0.0006646374
   -0.0075158764
   -0.0079465881
   -0.0056865964
   -0.0064056873
   -0.0067804923
   -0.0077345957
   -0.0034179174
   -0.0045152075
   -0.0050366585
   -0.0055860456
   -0.0069975859
   -0.0010130781
   -0.0021898651
   -0.0030441947
   -0.0035735648
   -0.0045075122
   -0.0062735576
    0.0010923538
    0.0002604154
   -0.0004089549
   -0.0011866188
   -0.0022529228
   -0.0036047952
   -0.0055708183
    0.0023240579
    0.0021019615
    0.0026252884
    0.0002733661
   -0.0013395776
   -0.0029331011
   -0.0049888044
    0.0037909045
    0.0037053495
    0.0053021427
    0.0042014770
    0.0006257250
   -0.0008644013
   -0.0026292631
    0.0048848116
    0.0054158005
    0.0066131741
    0.0028475292
    0.0004561587
   -0.0008701919
   -0.0026298698
    0.0056417334
    0.0058774060
    0.0061635562
    0.0045829287
    0.0016320889
    0.0000768181
   -0.0011847091
    0.0064462958
    0.0063781136
    0.0053732803
    0.0030152761
    0.0008717483
   -0.0003105352
   -0.0014404362
    0.0068220786
    0.0061226368
    0.0043490614
    0.0020906507
    0.0004622223
   -0.0005463538
    0.0065988502
    0.0053793112
    0.0034470847
    0.0015371821
    0.0002674778
    0.0059001417
    0.0044744652
    0.0027090948
    0.0011936353
    0.0036056479
    0.0021270386
   -0.0106588269
   -0.0088598024
   -0.0093531037
   -0.0092521711
   -0.0102238291
   -0.0062870125
   -0.0075200192
   -0.0075400883
   -0.0077467720
   -0.0096059511
   -0.0031486050
   -0.0049348267
   -0.0057845343
   -0.0055933420
   -0.0064582223
   -0.0089829009
   -0.0001119073
   -0.0016933392
   -0.0033603831
   -0.0037383024
   -0.0037727596
   -0.0053703094
   -0.0081707851
    0.0021916301
    0.0014499470
    0.0000741432
    0.0003147093
   -0.0012417483
   -0.0022360091
   -0.0043383043
   -0.0072343870
    0.0037676345
    0.0029906993
    0.0075986933
    0.0070270393
    0.0004333072
   -0.0009383373
   -0.0035610934
   -0.0063931752
    0.0050998142
    0.0050191182
    0.0074880193
    0.0249362462
    0.0056511974
    0.0012000078
   -0.0002413867
   -0.0033522486
    0.0063919834
    0.0065780783
    0.0155309901
    0.0144699703
    0.0025291332
    0.0013519551
   -0.0007778212
   -0.0034026820
    0.0069134722
    0.0076035279
    0.0083522033
    0.0110665435
    0.0044504538
    0.0011148518
    0.0003339170
   -0.0015523935
    0.0081001698
    0.0086308888
    0.0081918809
    0.0057250023
    0.0019093603
    0.0002094742
   -0.0005532384
   -0.0019064580
    0.0089211383
    0.0088000026
    0.0069605494
    0.0038747345
    0.0009906389
   -0.0000771682
   -0.0008940970
    0.0089405781
    0.0079825070
    0.0056890696
    0.0028552778
    0.0008251766
   -0.0001173214
    0.0081186019
    0.0066927072
    0.0044994967
    0.0022407897
    0.0007674558
    0.0053724191
    0.0034879945
    0.0017927537
    0.0042106443
    0.0026891403
   -0.0130894957
   -0.0132372823
   -0.0123368308
   -0.0105421966
   -0.0118022510
   -0.0108827218
   -0.0104574975
   -0.0129548387
   -0.0067184163
   -0.0090615624
   -0.0091941234
   -0.0079443911
   -0.0089630763
   -0.0128768061
   -0.0024621794
   -0.0049103204
   -0.0069319674
   -0.0061035388
   -0.0054699731
   -0.0080119837
   -0.0123768984
    0.0010812132
   -0.0001912979
   -0.0031601109
   -0.0044579435
   -0.0030730254
   -0.0037049622
   -0.0070817622
   -0.0111814426
    0.0035749221
    0.0015423622
    0.0016790630
    0.0022160846
   -0.0001846428
   -0.0020201171
   -0.0058911257
   -0.0096408917
    0.0056288010
    0.0051347886
    0.0071381631
    0.0083198894
    0.0023653461
    0.0000653114
   -0.0050163216
    0.0063117868
    0.0072388583
    0.0065795280
    0.0061085122
    0.0067950640
    0.0002031784
   -0.0046983255
    0.0080915051
    0.0081700041
    0.0147783363
    0.0147632802
    0.0069611255
    0.0054469742
   -0.0013334115
   -0.0044807989
    0.0078891008
    0.0096819070
    0.0099651845
    0.0185841209
    0.0170998187
    0.0039129808
    0.0041226877
    0.0008377854
   -0.0022699329
    0.0095390043
    0.0114695051
    0.0115308147
    0.0102726062
    0.0049502408
    0.0002590102
    0.0002943250
   -0.0008765585
   -0.0024983039
    0.0110025677
    0.0125052482
    0.0108908363
    0.0072185527
    0.0024441808
   -0.0003919586
   -0.0003941205
   -0.0012742811
    0.0115638035
    0.0116738819
    0.0091215855
    0.0056647954
    0.0016744283
    0.0001663448
   -0.0004114338
    0.0107476336
    0.0096985604
    0.0072537399
    0.0042193342
    0.0015673002
    0.0004120831
    0.0090841495
    0.0076556392
    0.0055296199
    0.0031340173
    0.0014074026
    0.0059139128
    0.0041216065
    0.0023922500
   -0.0177947836
   -0.0222050536
   -0.0243982230
   -0.0180044181
   -0.0178458912
   -0.0206434356
   -0.0252869198
   -0.0257493163
   -0.0162462101
   -0.0177784324
   -0.0155640734
   -0.0138476581
   -0.0169417806
   -0.0232280142
   -0.0267857134
   -0.0249440796
   -0.0122451928
   -0.0156070495
   -0.0146636819
   -0.0114352092
   -0.0121402227
   -0.0181776475
   -0.0245483276
   -0.0257720650
   -0.0068162261
   -0.0107794282
   -0.0123362582
   -0.0089972136
   -0.0074792356
   -0.0116008280
   -0.0188995852
   -0.0234788332
   -0.0226564573
   -0.0015852141
   -0.0040479592
   -0.0077415378
   -0.0066348209
   -0.0032988722
   -0.0054245708
   -0.0115032102
   -0.0179236691
   -0.0203818675
    0.0020442343
    0.0022997395
   -0.0006194176
   -0.0038775812
    0.0010290300
   -0.0003585770
   -0.0045039180
   -0.0105661516
   -0.0154244000
    0.0060109210
    0.0061383336
    0.0028473616
    0.0134112421
    0.0086197186
    0.0016121793
   -0.0027148276
   -0.0088435113
   -0.0125717333
    0.0070730246
    0.0094702701
    0.0071276619
    0.0117053967
    0.0097120056
   -0.0008714899
   -0.0073904363
    0.0068532310
    0.0099568638
    0.0092129616
    0.0229275786
    0.0303825671
    0.0181761799
   -0.0016205719
   -0.0064500109
    0.0092937838
    0.0112316938
    0.0091618095
    0.0263956637
    0.0063762667
   -0.0028316463
    0.0081567444
    0.0115461785
    0.0131143956
    0.0153526083
    0.0215146200
    0.0223115337
    0.0129260648
   -0.0000401151
   -0.0032546574
    0.0101665913
    0.0143481919
    0.0172805933
    0.0162011710
    0.0131840110
    0.0091179410
    0.0023493797
    0.0005126135
   -0.0014669021
    0.0122290138
    0.0170535166
    0.0178960677
    0.0129887234
    0.0117734319
    0.0013397246
   -0.0008453665
   -0.0005664026
   -0.0017202249
    0.0136246220
    0.0166946004
    0.0144707702
    0.0110507384
    0.0075635189
    0.0003832356
   -0.0000580864
   -0.0006565006
    0.0132493013
    0.0136349403
    0.0109486479
    0.0083961916
    0.0037018078
    0.0010201145
    0.0002049663
    0.0113474901
    0.0103670399
    0.0081959150
    0.0055035351
    0.0026006150
    0.0011076065
    0.0078166010
    0.0059714442
    0.0038038334
    0.0020498297
    0.0059119926
    0.0043686827
    0.0028175758
   -0.0221996716
   -0.0185583824
   -0.0202507669
   -0.0190383385
   -0.0197474443
   -0.0242592135
   -0.0267117475
   -0.0246281494
   -0.0184192069
   -0.0223405092
   -0.0220023687
   -0.0190100546
   -0.0188559147
   -0.0240204078
   -0.0298275613
   -0.0299775698
   -0.0250745965
   -0.0162038265
   -0.0223725399
   -0.0245412593
   -0.0209901575
   -0.0175141898
   -0.0209522001
   -0.0296161355
   -0.0341302789
   -0.0305130101
   -0.0192630517
   -0.0246009453
   -0.0228988193
   -0.0166071457
   -0.0159688242
   -0.0247146196
   -0.0343957261
   -0.0347903682
   -0.0281137254
   -0.0133750620
   -0.0204178672
   -0.0224824620
   -0.0158867142
   -0.0107500752
   -0.0162886207
   -0.0286183969
   -0.0351871837
   -0.0314178972
   -0.0239356696
   -0.0065661304
   -0.0122336341
   -0.0176158139
   -0.0133220755
   -0.0055545248
   -0.0073091170
   -0.0181840398
   -0.0293873462
   -0.0312550180
   -0.0258810366
   -0.0009948977
   -0.0027152103
   -0.0077122817
   -0.0087030368
    0.0065744819
    0.0008314959
   -0.0073968664
   -0.0187301366
   -0.0258620549
   -0.0250387007
    0.0043152945
    0.0048060312
   -0.0005989440
    0.0208789916
    0.0009307127
   -0.0076862897
   -0.0163227936
   -0.0203881174
   -0.0191037316
    0.0070626904
    0.0131531571
    0.0121005165
    0.0133028080
    0.0022345203
   -0.0059347333
   -0.0127499719
   -0.0154839979
    0.0071540235
    0.0135750631
    0.0192535131
    0.0271534720
    0.0227970231
    0.0110935007
   -0.0043140212
   -0.0100345248
    0.0112315700
    0.0169715613
    0.0131000783
    0.0092296793
   -0.0042888846
   -0.0082034100
    0.0092113857
    0.0142992758
    0.0134786812
    0.0258306650
    0.0011943781
   -0.0044824504
    0.0120049144
    0.0172479392
    0.0216263385
    0.0419972585
    0.0070874803
   -0.0015604184
   -0.0042729775
    0.0096678612
    0.0154274970
    0.0260369490
    0.0321208784
    0.0261556085
    0.0045632446
   -0.0001259149
   -0.0021991054
    0.0118848999
    0.0198404196
    0.0309083509
    0.0242530464
    0.0270081175
    0.0004709933
   -0.0003371656
   -0.0008106300
    0.0138680204
    0.0213867997
    0.0233940228
    0.0168638816
    0.0315511150
    0.0104647011
    0.0000039645
    0.0000345427
   -0.0009394525
    0.0143748016
    0.0179125382
    0.0156029375
    0.0131842055
    0.0116384881
    0.0026387596
    0.0009027513
    0.0000635468
    0.0128904057
    0.0132320596
    0.0109044630
    0.0087806548
    0.0049581608
    0.0021286894
    0.0009383552
    0.0096651001
    0.0078560644
    0.0056739752
    0.0033034517
    0.0017720622
    0.0057135434
    0.0039984904
    0.0024959658
   -0.0207348128
   -0.0189704700
   -0.0206294690
   -0.0193368229
   -0.0194838185
   -0.0238544132
   -0.0264044134
   -0.0243706271
   -0.0201297756
   -0.0244172314
   -0.0240148122
   -0.0205400088
   -0.0198875020
   -0.0251786123
   -0.0315957521
   -0.0316741087
   -0.0260850443
   -0.0192218685
   -0.0267746455
   -0.0295370997
   -0.0251191999
   -0.0202484403
   -0.0235919036
   -0.0341059021
   -0.0395007138
   -0.0343333990
   -0.0255529171
   -0.0160004805
   -0.0257749948
   -0.0334900905
   -0.0314880046
   -0.0221507509
   -0.0196577274
   -0.0309270060
   -0.0445053884
   -0.0436059013
   -0.0331473843
   -0.0207355223
   -0.0323435869
   -0.0365487555
   -0.0263356280
   -0.0155118748
   -0.0217433092
   -0.0413086002
   -0.0504268388
   -0.0414196133
   -0.0289651546
   -0.0132284874
   -0.0245994572
   -0.0349381879
   -0.0299228133
   -0.0130129253
   -0.0098198788
   -0.0280009992
   -0.0481994460
   -0.0472544149
   -0.0347027022
   -0.0236570280
   -0.0059491637
   -0.0128716963
   -0.0241220894
   -0.0270487384
   -0.0086873239
    0.0011418630
   -0.0105939588
   -0.0335439323
   -0.0449846745
   -0.0378825242
   -0.0269488269
   -0.0020586922
   -0.0068165800
   -0.0155269470
    0.0116810265
    0.0206145336
    0.0038496795
   -0.0144686875
   -0.0316132625
   -0.0348307901
   -0.0279832031
    0.0042043406
    0.0096449948
    0.0070768217
    0.0165964638
    0.0186134618
   -0.0002908085
   -0.0140320410
   -0.0238765047
   -0.0248233162
   -0.0202395040
    0.0061327544
    0.0155570667
    0.0376832507
    0.0291590798
    0.0101321915
   -0.0004818924
   -0.0094035039
   -0.0169034379
   -0.0176586964
    0.0130525148
    0.0379537567
    0.0255901265
    0.0025778842
   -0.0069075107
   -0.0125660608
    0.0100061949
    0.0212879876
    0.0009791785
   -0.0065226718
   -0.0096998720
    0.0080088192
    0.0141244025
    0.0237595313
    0.0129592123
   -0.0017457183
   -0.0060126051
    0.0106964816
    0.0181425665
    0.0393748380
    0.0011017247
   -0.0028534379
    0.0138124743
    0.0278511612
    0.0560812801
    0.0016305275
   -0.0007967321
   -0.0029693239
    0.0103216763
    0.0179941845
    0.0416307853
    0.0593490577
    0.0278046423
    0.0005678112
    0.0001673752
   -0.0012159244
    0.0122187634
    0.0213376971
    0.0346397156
    0.0258889128
    0.0320638199
    0.0042192902
    0.0007653746
    0.0000463885
    0.0133347382
    0.0198311560
    0.0211745742
    0.0154988792
    0.0206632946
    0.0095927271
    0.0020549720
    0.0010260166
    0.0128100944
    0.0152232266
    0.0134140681
    0.0107970896
    0.0084664164
    0.0038523413
    0.0019611275
    0.0008074971
    0.0110841959
    0.0093303552
    0.0073571814
    0.0049041923
    0.0028620889
    0.0015851186
    0.0068300195
    0.0051944629
    0.0035298716
   -0.0188267232
   -0.0172342637
   -0.0207208126
   -0.0231593031
   -0.0218022444
   -0.0194503732
   -0.0233578418
   -0.0229591887
   -0.0197230573
   -0.0187673469
   -0.0231529740
   -0.0291316058
   -0.0295964811
   -0.0246024755
   -0.0198505097
   -0.0274538281
   -0.0302150024
   -0.0258310609
   -0.0207052158
   -0.0233554227
   -0.0338332567
   -0.0397142697
   -0.0344189341
   -0.0253579650
   -0.0179368612
   -0.0289889047
   -0.0378551579
   -0.0358441207
   -0.0252995329
   -0.0214624282
   -0.0334655076
   -0.0496989284
   -0.0482146061
   -0.0353822434
   -0.0239421234
   -0.0140075016
   -0.0261431402
   -0.0416662495
   -0.0480995686
   -0.0353800474
   -0.0202276479
   -0.0257889354
   -0.0521780399
   -0.0640315423
   -0.0494300835
   -0.0323436852
   -0.0193891218
   -0.0373294428
   -0.0548580453
   -0.0502055968
   -0.0233734786
   -0.0137914295
   -0.0392682644
   -0.0722947320
   -0.0659284635
   -0.0432403660
   -0.0271129085
   -0.0114226792
   -0.0255089254
   -0.0481053404
   -0.0581900802
   -0.0325018953
   -0.0003478391
   -0.0147200682
   -0.0585671910
   -0.0763566136
   -0.0547863329
   -0.0340251302
   -0.0120669672
   -0.0287016284
   -0.0483639977
   -0.0364918394
    0.0060209457
    0.0156555437
   -0.0257198457
   -0.0646618518
   -0.0605751071
   -0.0399705686
   -0.0254583964
   -0.0021469230
   -0.0066843846
   -0.0217370187
   -0.0251445211
    0.0341746344
    0.0039454700
   -0.0315785021
   -0.0498589101
   -0.0409101573
   -0.0279374816
    0.0028879500
    0.0076450964
    0.0166000508
   -0.0009382705
    0.0186863789
   -0.0040516951
   -0.0219589859
   -0.0318301312
   -0.0269632025
    0.0109581726
    0.0434060686
    0.0312023904
    0.0099186050
    0.0044828767
   -0.0116127885
   -0.0207364435
   -0.0183581046
    0.0094661201
    0.0293842006
    0.0391132322
    0.0128056818
    0.0089856620
   -0.0098997299
   -0.0145117756
    0.0077661532
    0.0163607244
    0.0115754910
   -0.0000771946
   -0.0088870394
    0.0112016854
    0.0223956132
    0.0345737051
    0.0031934162
   -0.0036842917
   -0.0073424570
    0.0086586528
    0.0147507331
    0.0316842475
    0.0056331807
   -0.0005553066
   -0.0041093239
    0.0109894555
    0.0202584338
    0.0476643772
    0.0101769554
    0.0009047959
   -0.0015737412
    0.0137787700
    0.0305888145
    0.0514795279
    0.0144898894
    0.0017922517
    0.0001782670
   -0.0017600539
    0.0166373820
    0.0334397213
    0.0407801108
    0.0199398863
    0.0264247164
    0.0028360921
    0.0014416897
   -0.0001921439
    0.0110382606
    0.0172775620
    0.0236589750
    0.0184365041
    0.0149259367
    0.0175771371
    0.0047467337
    0.0024491806
    0.0010277520
    0.0112302108
    0.0148274322
    0.0150513546
    0.0114702728
    0.0096098395
    0.0061047163
    0.0033491581
    0.0019486568
    0.0114612496
    0.0102523509
    0.0081695379
    0.0062089721
    0.0041044628
    0.0026367769
    0.0075386538
    0.0060546254
    0.0045161298
    0.0031489686
   -0.0115769954
   -0.0130457795
   -0.0135246715
   -0.0156733686
   -0.0178913000
   -0.0176032292
   -0.0198124533
   -0.0194391288
   -0.0157021499
   -0.0183075547
   -0.0229023963
   -0.0241361630
   -0.0208832330
   -0.0180219013
   -0.0242898792
   -0.0264144655
   -0.0228647104
   -0.0185731976
   -0.0199550722
   -0.0279559838
   -0.0335839551
   -0.0300729402
   -0.0227338762
   -0.0173826330
   -0.0274272104
   -0.0351787390
   -0.0333195545
   -0.0242196411
   -0.0202425201
   -0.0298844774
   -0.0451795462
   -0.0449125295
   -0.0332438097
   -0.0226094025
   -0.0147085885
   -0.0270996585
   -0.0427831282
   -0.0491587356
   -0.0368913368
   -0.0217718164
   -0.0252847497
   -0.0524786938
   -0.0667541569
   -0.0507733372
   -0.0323743732
   -0.0224799360
   -0.0438212045
   -0.0649848808
   -0.0607653387
   -0.0306669520
   -0.0167052802
   -0.0434182609
   -0.0842541035
   -0.0778266776
   -0.0477741695
   -0.0284309459
   -0.0153180439
   -0.0352235606
   -0.0688913747
   -0.0828430383
   -0.0544331493
   -0.0103326699
   -0.0177509317
   -0.0764179907
   -0.0989337969
   -0.0702644264
   -0.0391969426
   -0.0233356442
   -0.0083536133
   -0.0214976388
   -0.0533134731
   -0.0819822116
   -0.0800901574
   -0.0106866177
    0.0203212096
   -0.0377685547
   -0.0931745633
   -0.0527178474
   -0.0298505271
   -0.0094172947
   -0.0272521331
   -0.0644530052
   -0.0725248738
   -0.0309302041
    0.0187546404
   -0.0656861695
   -0.0997819216
   -0.0647983436
   -0.0365323844
   -0.0221157906
   -0.0017445125
   -0.0068269197
   -0.0244602326
   -0.0519478125
   -0.0321252400
   -0.0055757907
   -0.0633339121
   -0.0637641961
   -0.0404067550
   -0.0251003156
    0.0034539291
    0.0090005182
   -0.0012787188
   -0.0171435785
    0.0263699288
    0.0002508162
   -0.0339158354
   -0.0363663426
   -0.0258363356
    0.0064004016
    0.0193393639
    0.0360360223
    0.0319601257
    0.0339203057
   -0.0192359719
   -0.0224759238
    0.0064885260
    0.0147256813
    0.0509208152
    0.0420201935
    0.0150531084
   -0.0143781845
   -0.0150533320
    0.0105393357
    0.0275474746
    0.0371533661
    0.0285328729
   -0.0041794771
   -0.0108264341
    0.0082961148
    0.0146548643
    0.0365757330
    0.0141996560
    0.0014234112
   -0.0059771284
   -0.0081081661
    0.0107284661
    0.0182136506
    0.0336570593
    0.0026912910
   -0.0021426879
   -0.0051981402
    0.0134257290
    0.0304162405
    0.0063315622
    0.0003773300
   -0.0025071004
    0.0101950051
    0.0174655957
    0.0516610750
    0.0156421965
    0.0383644136
    0.0124237232
    0.0026208262
   -0.0003028517
    0.0119012427
    0.0210039278
    0.0372582823
    0.0216620281
    0.0135160423
    0.0244706206
    0.0089348258
    0.0047546096
    0.0014816322
   -0.0006311090
    0.0129167385
    0.0191365026
    0.0193227793
    0.0115353863
    0.0108045351
    0.0072727302
    0.0048897484
    0.0028006303
    0.0007642763
    0.0123432514
    0.0142460986
    0.0117074314
    0.0085299884
    0.0067797829
    0.0047882116
    0.0034540297
    0.0018092258
    0.0105453389
    0.0103067829
    0.0083594168
    0.0065760217
    0.0050272380
    0.0037532461
    0.0024865016
    0.0064564998
    0.0051621594
    0.0039828756
   -0.0079123602
   -0.0088676072
   -0.0100059278
   -0.0093351352
   -0.0101700265
   -0.0121904220
   -0.0129498310
   -0.0115040779
   -0.0119893578
   -0.0149727786
   -0.0171819911
   -0.0160361695
   -0.0190529194
   -0.0203313563
   -0.0178173069
   -0.0146115527
   -0.0143082945
   -0.0184429847
   -0.0235008266
   -0.0228162876
   -0.0223579334
   -0.0276401159
   -0.0261012438
   -0.0198205970
   -0.0164840026
   -0.0213975621
   -0.0321877690
   -0.0343737145
   -0.0271272791
   -0.0235631560
   -0.0354633689
   -0.0396454061
   -0.0305679668
   -0.0195743042
   -0.0206273034
   -0.0398664158
   -0.0538289804
   -0.0430848618
   -0.0284607984
   -0.0213479113
   -0.0399485382
   -0.0575122959
   -0.0529460612
   -0.0291245335
   -0.0161511185
   -0.0352919470
   -0.0766621670
   -0.0733988189
   -0.0447847846
   -0.0266851880
   -0.0161763274
   -0.0365615394
   -0.0709296145
   -0.0833247362
   -0.0569899542
   -0.0163371303
   -0.0122378232
   -0.0651904604
   -0.0748194680
   -0.0396044775
   -0.0230343237
   -0.0101164046
   -0.0259988076
   -0.0665977892
   -0.0324987027
    0.0091502616
   -0.0188357013
   -0.0603434305
   -0.0316434388
   -0.0143159047
   -0.0428158710
   -0.0690122413
    0.0343496943
   -0.0869726116
   -0.0431288730
   -0.0240926060
   -0.0056682696
   -0.0191478194
   -0.0624162680
    0.0192324651
   -0.1014818479
   -0.0554252569
   -0.0298315699
   -0.0005664862
   -0.0047994519
   -0.0202176731
   -0.0577718544
   -0.0047437912
   -0.0258243281
   -0.0892092109
   -0.0610544572
   -0.0343395153
   -0.0208119484
    0.0019035828
    0.0011286573
   -0.0076300180
   -0.0341953326
   -0.0152501559
   -0.0465401845
   -0.0342238326
   -0.0222706446
    0.0076346975
    0.0209002330
    0.0183909770
   -0.0183862914
    0.0113391086
    0.0495997532
   -0.0257904800
   -0.0211078080
    0.0080291823
    0.0186582164
   -0.0067929487
    0.0296326655
   -0.0070305381
   -0.0165244971
    0.0072336080
    0.0124421145
    0.0311647673
    0.0177086814
    0.0148526146
   -0.0095111269
   -0.0113254257
    0.0096050843
    0.0141308730
    0.0119953721
   -0.0031733692
   -0.0075796087
    0.0080065123
    0.0112854159
    0.0136687354
    0.0170871554
    0.0181700500
    0.0005460520
   -0.0038362842
   -0.0057683696
    0.0094892538
    0.0131760830
    0.0273591777
   -0.0106235411
    0.0049363002
   -0.0007150292
   -0.0033045319
    0.0110301429
    0.0173746875
    0.0325396259
    0.0053163683
    0.0037753024
    0.0305893184
    0.0192823473
    0.0020679313
   -0.0010310557
    0.0125847436
    0.0189385557
    0.0166230829
    0.0053126327
    0.0065389708
    0.0126357254
    0.0200215476
    0.0050096437
    0.0009367482
    0.0095659675
    0.0129356579
    0.0148153060
    0.0099840561
    0.0060747597
    0.0056365943
    0.0076287613
    0.0060357055
    0.0025010563
    0.0114770142
    0.0106430999
    0.0076566417
    0.0058564749
    0.0051766569
    0.0050457055
    0.0033824385
    0.0014512530
    0.0093767465
    0.0080927605
    0.0063933158
    0.0052352894
    0.0045286080
    0.0036310619
    0.0054071604
    0.0045051098
    0.0036903319
   -0.0050953144
   -0.0056932636
   -0.0068190588
   -0.0068412789
   -0.0057681644
   -0.0057726907
   -0.0075068093
   -0.0088667853
   -0.0090399585
   -0.0073131847
   -0.0060995738
   -0.0078081430
   -0.0107940494
   -0.0113214518
   -0.0099733041
   -0.0078269235
   -0.0078931414
   -0.0131389839
   -0.0152066516
   -0.0135972543
   -0.0163285554
   -0.0192783670
   -0.0180493163
   -0.0141074203
   -0.0110088530
   -0.0099380617
   -0.0159545593
   -0.0216561230
   -0.0193680884
   -0.0178744756
   -0.0250750703
   -0.0269756803
   -0.0214349824
   -0.0150034876
   -0.0134008005
   -0.0202924035
   -0.0324853975
   -0.0300194543
   -0.0219029224
   -0.0172431322
   -0.0296264293
   -0.0397583993
   -0.0359357322
   -0.0222222952
   -0.0146555705
   -0.0215531291
   -0.0477816512
   -0.0513369412
   -0.0346826878
   -0.0221707589
   -0.0141807336
   -0.0296880681
   -0.0530940773
   -0.0619349350
   -0.0411757091
   -0.0163537805
   -0.0096919946
   -0.0483229597
   -0.0892059934
   -0.0615056986
   -0.0339878943
   -0.0097512564
   -0.0238189383
   -0.0571721886
   -0.0850403891
   -0.0790207825
   -0.0309089319
    0.0073399201
   -0.1072124771
   -0.0564167268
   -0.0294595025
   -0.0150101692
   -0.0440608451
   -0.0702060612
    0.0065745833
   -0.0941262782
   -0.0437833664
   -0.0237438765
   -0.0072930456
   -0.0240387339
   -0.0814021250
   -0.0034959409
   -0.0645522839
   -0.0317538272
   -0.0021579328
   -0.0094486655
   -0.0369136519
   -0.0836505159
   -0.0408287437
   -0.0227083001
   -0.0014975271
   -0.0104999881
   -0.0404038091
   -0.0831868331
   -0.0471006448
   -0.0264554129
    0.0022349321
    0.0007138664
   -0.0065027959
   -0.0215749888
    0.0332766855
   -0.0428391026
   -0.0435234253
   -0.0278095522
    0.0047330085
    0.0055645083
   -0.0005135095
   -0.0199895213
   -0.0014218527
    0.0379345571
   -0.0242618124
   -0.0245865213
   -0.0177950694
    0.0057362423
    0.0081269238
    0.0087495746
   -0.0254055149
   -0.0563175501
   -0.0085294788
   -0.0164349953
   -0.0155021083
    0.0079095225
    0.0092017296
   -0.0110814853
   -0.0654534539
   -0.0063313981
   -0.0112163814
    0.0072109850
    0.0089177464
    0.0005783738
    0.0008044279
   -0.0062670553
   -0.0078816801
    0.0083339477
    0.0073726638
   -0.0130995333
   -0.0493047962
    0.0069261857
   -0.0018990863
   -0.0048138347
    0.0088772596
    0.0055991600
   -0.0151878183
   -0.0395433034
    0.0046848632
    0.0021176828
   -0.0018274049
    0.0082239746
    0.0094134494
    0.0068368231
   -0.0066105821
   -0.0087647988
    0.0090625515
    0.0090244000
    0.0008821872
   -0.0016593165
    0.0088490222
    0.0100944195
    0.0078266190
    0.0010691683
    0.0009514186
    0.0048279527
    0.0168423746
    0.0033888506
    0.0002169737
    0.0091691233
    0.0098658674
    0.0074080998
    0.0042410636
    0.0033708190
    0.0058034814
    0.0104558071
    0.0050975359
    0.0017831989
    0.0088874364
    0.0087021971
    0.0067521717
    0.0050544681
    0.0044585950
    0.0054882284
    0.0050688880
    0.0028567973
    0.0060938815
    0.0050633273
    0.0046603164
    0.0044579944
    0.0033431799
    0.0054420010
    0.0047096837
    0.0041896062
    0.0034681876
   -0.0032725461
   -0.0036628685
   -0.0034057308
   -0.0032030560
   -0.0044686842
   -0.0058419608
   -0.0041501730
   -0.0025564972
   -0.0034693467
   -0.0062292913
   -0.0075407744
   -0.0058734740
   -0.0028533658
   -0.0006004741
   -0.0056069182
   -0.0091001504
   -0.0093711885
   -0.0086891114
   -0.0053394667
    0.0020848316
   -0.0005335349
   -0.0110333075
   -0.0123502690
   -0.0109103032
   -0.0160583652
   -0.0165064369
   -0.0131638731
   -0.0091422191
   -0.0029724176
    0.0100561710
   -0.0119829236
   -0.0175458382
   -0.0149815736
   -0.0123908506
   -0.0192675560
   -0.0237558427
   -0.0210134725
   -0.0141891175
   -0.0098395719
    0.0003087052
   -0.0102207404
   -0.0272437685
   -0.0223956321
   -0.0163855549
   -0.0108085949
   -0.0202917059
   -0.0318908564
   -0.0348287541
   -0.0239639261
   -0.0141939480
   -0.0101828563
   -0.0134651681
   -0.0436823299
   -0.0376804463
   -0.0244872516
   -0.0177047565
   -0.0365879331
   -0.0547864959
   -0.0464045015
   -0.0209783904
   -0.0083665812
    0.0028612907
   -0.0527195496
   -0.0718877070
   -0.0407448797
   -0.0236431575
   -0.0122613337
   -0.0322131187
   -0.0707366362
   -0.0690134598
   -0.0448268676
   -0.0025733892
   -0.0763463086
   -0.0365187830
   -0.0207927972
   -0.0065300289
   -0.0202552754
   -0.0647229491
   -0.0119212578
   -0.0596123680
   -0.0292513943
   -0.0022967181
   -0.0089466931
   -0.0353155017
   -0.0886525470
   -0.0411943249
   -0.0222803691
    0.0003161805
   -0.0021677994
   -0.0120694008
   -0.0462355259
   -0.0542259752
   -0.0280140433
    0.0012845904
   -0.0016860255
   -0.0125082474
    0.0098467647
   -0.0596231710
   -0.0591157266
   -0.0325998605
   -0.0193844109
    0.0029542536
    0.0027255600
   -0.0002933016
    0.0002364182
    0.0001278784
   -0.0454421711
   -0.0326328436
   -0.0208403595
    0.0045052147
    0.0047092089
    0.0035321570
    0.0081055343
    0.0289929399
   -0.0138217232
   -0.0256970954
   -0.0198126769
    0.0050018025
    0.0063421706
    0.0067026765
   -0.0004382941
   -0.0263781417
   -0.0152165165
    0.0189371774
   -0.0141328448
   -0.0157924262
    0.0064482969
    0.0076543221
    0.0024436531
   -0.0379149319
   -0.0668764885
   -0.0039231915
   -0.0010134624
   -0.0100106601
   -0.0104160748
    0.0075241217
    0.0058592663
   -0.0179465495
   -0.0767833528
   -0.0416052290
    0.0148186557
   -0.0042856933
   -0.0068867977
    0.0074438154
   -0.0007574408
   -0.0377772390
   -0.0584726483
    0.0273471226
    0.0012041014
   -0.0031676708
   -0.0049610245
    0.0074970085
    0.0061356188
   -0.0064799751
   -0.0309369306
   -0.0151198408
    0.0085385757
    0.0003287769
   -0.0024735276
    0.0076058301
    0.0050704726
   -0.0049861879
   -0.0116789656
    0.0015815094
    0.0132400975
    0.0307883077
    0.0037339674
   -0.0000977968
    0.0075877620
    0.0052246582
    0.0000151287
   -0.0007768029
    0.0009903166
    0.0101782124
    0.0292908879
    0.0072098846
    0.0019929042
    0.0075191336
    0.0057858069
    0.0034132453
    0.0027647710
    0.0027471707
    0.0083892867
    0.0077789534
    0.0035805143
    0.0072345986
    0.0060056960
    0.0047196705
    0.0040484385
    0.0045224185
    0.0057460670
    0.0042831385
    0.0021829736
    0.0049852093
    0.0045454473
    0.0046522686
    0.0042263081
    0.0048157241
    0.0044179878
    0.0040199068
   -0.0020148510
   -0.0019030194
   -0.0027377965
   -0.0022033445
   -0.0011557314
   -0.0016763275
   -0.0035452299
   -0.0048943466
   -0.0030071665
   -0.0007254055
    0.0008169502
   -0.0021390142
   -0.0051089620
   -0.0061900004
   -0.0045566173
   -0.0016588832
    0.0050160150
    0.0041016888
   -0.0045553758
   -0.0072415602
   -0.0070078517
   -0.0039587578
    0.0046236394
    0.0336479105
    0.0014629512
   -0.0086264067
   -0.0093628665
   -0.0115825625
   -0.0130938609
   -0.0109523283
   -0.0069839143
   -0.0022749060
   -0.0099454354
   -0.0123637112
   -0.0110058171
   -0.0125023246
   -0.0173224561
   -0.0173100550
   -0.0116379843
   -0.0073952481
    0.0056743209
   -0.0032970154
   -0.0176506437
   -0.0150125567
   -0.0119037249
   -0.0114814519
   -0.0202039091
   -0.0262273151
   -0.0208098319
   -0.0109241934
   -0.0112952291
    0.0241880907
   -0.0259457867
   -0.0221725333
   -0.0163430589
   -0.0084592767
   -0.0190452697
   -0.0346421048
   -0.0373142685
   -0.0193186700
   -0.0101218815
    0.0058769678
   -0.0336282234
   -0.0373627825
   -0.0241564387
   -0.0160692919
   -0.0046483847
   -0.0129969770
   -0.0345177829
   -0.0535461161
   -0.0371144798
   -0.0065266705
    0.0222755259
   -0.0702435812
   -0.0396632145
   -0.0226850771
   -0.0015022107
   -0.0054604874
   -0.0208391170
   -0.0529202975
   -0.0062086546
    0.0325839017
   -0.0685677265
   -0.0334413269
   -0.0192552604
    0.0005218502
   -0.0005236228
   -0.0041516980
   -0.0272070590
    0.0474142335
   -0.0783736131
   -0.0487963448
   -0.0255334152
    0.0017533604
    0.0023490336
    0.0048019361
   -0.0607562269
   -0.0323921886
   -0.0188994480
    0.0028515439
    0.0035498345
    0.0069501109
   -0.0528982560
   -0.0362471149
   -0.0217934382
    0.0042776217
    0.0049299121
    0.0134628959
   -0.0239554269
   -0.0321937261
   -0.0225617465
    0.0046497669
    0.0057289473
    0.0070754905
    0.0433940835
    0.0247254084
   -0.0203246045
   -0.0197056512
    0.0060192728
    0.0075359243
    0.0199943513
    0.0215756044
    0.0100699225
    0.0642277720
   -0.0021347454
   -0.0136805954
   -0.0127788282
    0.0057864045
    0.0073733747
    0.0100943810
    0.0255624758
   -0.0070460560
   -0.0078383891
   -0.0064640062
   -0.0091054905
    0.0068097374
    0.0080920881
    0.0075966959
   -0.0096865012
   -0.0271171388
    0.0020323072
   -0.0047542525
   -0.0063258230
    0.0073944055
    0.0067379848
   -0.0032476732
   -0.0242872004
   -0.0030017269
    0.0342305497
    0.0081243930
   -0.0004534667
   -0.0034656630
    0.0071955067
    0.0035311928
   -0.0089868464
   -0.0136075093
    0.0273543258
    0.0149277209
    0.0033869928
   -0.0006001320
    0.0064313870
    0.0016339760
   -0.0052806618
   -0.0013581974
    0.0086874062
    0.0084780029
    0.0250713633
    0.0070652790
    0.0019632112
   -0.0006922568
    0.0058459900
    0.0023398133
    0.0003041169
    0.0022185461
    0.0015455504
    0.0104086403
    0.0094541937
    0.0040269773
    0.0010818329
    0.0057460611
    0.0038996649
    0.0033098109
    0.0031488134
    0.0040846712
    0.0072235226
    0.0051809179
    0.0024949312
    0.0048704235
    0.0043846020
    0.0042014896
    0.0051219251
    0.0051243041
    0.0033936543
    0.0051313712
    0.0047021016
    0.0046264617
    0.0046342647
    0.0037535474
    0.0046126895
    0.0043410999
   -0.0010592937
   -0.0005376041
   -0.0009042705
   -0.0020779067
   -0.0012626329
    0.0000094523
    0.0005539677
   -0.0008796475
   -0.0028414478
   -0.0018955284
   -0.0000004453
    0.0026161812
    0.0021738180
   -0.0016691259
   -0.0040677975
   -0.0030300350
   -0.0007743471
    0.0037154772
    0.0125527795
    0.0026965434
   -0.0035941641
   -0.0055368941
   -0.0048626383
   -0.0020414095
    0.0017090607
   -0.0012073296
   -0.0059839978
   -0.0069459768
   -0.0087849641
   -0.0076974750
   -0.0039719517
   -0.0005602135
    0.0193298853
    0.0228672999
   -0.0058696548
   -0.0081507671
   -0.0080697735
   -0.0103280053
   -0.0114875190
   -0.0074918821
   -0.0019263780
    0.0017075550
    0.0019049626
   -0.0088115932
   -0.0099777644
   -0.0051965731
   -0.0100742642
   -0.0150167865
   -0.0134587667
   -0.0041876730
   -0.0014933482
    0.0240932429
   -0.0012879010
   -0.0123055804
   -0.0110761508
   -0.0028434572
   -0.0071904221
   -0.0154358986
   -0.0203570084
   -0.0107872836
    0.0042412955
   -0.0144781020
   -0.0145641134
   -0.0006069033
   -0.0026047843
   -0.0096383313
   -0.0220549456
   -0.0170326824
    0.0028095339
    0.0307058337
    0.0129398046
   -0.0214984164
   -0.0203227220
   -0.0144895229
    0.0011015265
    0.0013751137
   -0.0094195395
   -0.0048105344
    0.0239105705
    0.0249312210
   -0.0418007145
   -0.0307346995
   -0.0193902021
    0.0027254290
    0.0077424658
    0.0289050200
    0.0230898787
    0.0614245300
   -0.0208411387
   -0.0439471044
   -0.0259824826
   -0.0162262344
    0.0032402604
    0.0066135630
    0.0401654060
   -0.0431762306
   -0.0320300058
   -0.0197385905
    0.0052443241
    0.0137675696
   -0.0173545522
   -0.0316845685
   -0.0220606583
    0.0048017815
    0.0071675452
    0.0185747870
    0.0837716598
    0.0140711051
   -0.0211572194
   -0.0209758398
   -0.0153024118
    0.0061912915
    0.0082659405
    0.0415572935
   -0.0032611994
   -0.0154745360
   -0.0140777414
    0.0057460997
    0.0076021944
    0.0151476616
    0.0436725895
    0.0815274066
   -0.0067813724
   -0.0106754668
    0.0069150632
    0.0098075622
    0.0373183198
    0.0175544450
    0.0276780729
    0.0476919130
    0.0089837192
   -0.0058001986
   -0.0074583289
    0.0079825645
    0.0120098066
    0.0273633362
    0.0096987730
    0.0106935975
    0.0476270812
    0.0338964373
    0.0267189664
   -0.0003303339
   -0.0043544796
    0.0069210529
    0.0084011816
    0.0095492663
    0.0042935034
   -0.0005820669
    0.0277154382
    0.0371838036
    0.0193501113
    0.0160456385
    0.0044169395
   -0.0010111997
   -0.0032897836
    0.0072586538
    0.0075179868
    0.0044431671
   -0.0011326603
    0.0053709999
    0.0231778304
    0.0097834340
    0.0110269762
    0.0068822398
    0.0020043949
   -0.0010445673
    0.0059959329
    0.0024072894
    0.0015039707
    0.0070229468
    0.0055663802
    0.0070195946
    0.0080476768
    0.0042829506
    0.0010483003
    0.0051570902
    0.0032655031
    0.0040016900
    0.0046699352
    0.0042455773
    0.0072296166
    0.0056359913
    0.0027448005
    0.0051768946
    0.0045225792
    0.0047333353
    0.0044778776
    0.0055420040
    0.0058321350
    0.0038771519
    0.0050987022
    0.0049181852
    0.0049769858
    0.0052962565
    0.0043682972
    0.0051441278
    0.0049207621
    0.0048479039
    0.0043858357
    0.0046365094
    0.0004143414
    0.0005255101
   -0.0003152750
   -0.0016102121
    0.0007903751
    0.0017082561
    0.0013339140
   -0.0005045198
   -0.0022747457
    0.0008402074
    0.0025917060
    0.0040548150
    0.0018623280
   -0.0012787978
   -0.0032056007
    0.0006216594
    0.0026944611
    0.0078962401
    0.0087774965
    0.0011968415
   -0.0025971641
   -0.0042564094
    0.0001004824
    0.0026919816
    0.0084498459
    0.0117828264
   -0.0007597072
   -0.0041301151
   -0.0042422514
   -0.0010694375
    0.0030704958
    0.0065427397
    0.0079934125
   -0.0027192485
   -0.0056772803
   -0.0047626418
   -0.0057717144
   -0.0032103404
    0.0030746432
    0.0077988789
    0.0086869275
   -0.0050826259
   -0.0070400027
   -0.0034569514
   -0.0060954394
   -0.0057497538
    0.0013147789
    0.0121955357
    0.0221529618
    0.0024185260
   -0.0078770247
   -0.0009736121
   -0.0038250339
   -0.0066298023
   -0.0016159541
    0.0138258473
    0.0418806613
   -0.0077810662
   -0.0095516129
    0.0015987590
    0.0015161753
   -0.0025811752
   -0.0011287850
    0.0122610494
    0.0509626972
   -0.0066379372
   -0.0118753579
    0.0030945888
    0.0069062629
    0.0130850487
    0.0075208600
    0.0294516208
    0.0311865075
    0.0089697114
   -0.0132870597
   -0.0155375268
   -0.0121032331
    0.0035481925
    0.0077981483
    0.0356997838
    0.0676603330
    0.0272235646
    0.0210805557
   -0.0225792713
   -0.0208144777
   -0.0150421663
    0.0063153019
    0.0232142530
   -0.0129881248
   -0.0237099093
   -0.0178828237
    0.0052450411
    0.0105481145
    0.0558073782
    0.0109938331
   -0.0179483730
   -0.0185617721
   -0.0138524002
    0.0070735906
    0.0141255891
    0.0653665072
    0.0285316682
   -0.0040162039
   -0.0148293668
   -0.0136044607
    0.0059641650
    0.0084336354
    0.0169785109
    0.1286533050
    0.0511967576
    0.0183944006
   -0.0067048700
   -0.0109870295
    0.0072074700
    0.0103663900
    0.0666518936
    0.0577711674
    0.0072637745
   -0.0061071330
   -0.0079770746
    0.0063313725
    0.0086069403
    0.0170783402
    0.0364719043
    0.0716199455
    0.0496120252
    0.0382948133
    0.0004332768
   -0.0048604564
    0.0072805918
    0.0102591011
    0.0221637346
    0.0369782998
    0.0184144369
    0.0319466878
    0.0367273196
    0.0275006337
    0.0359429575
    0.0076304987
   -0.0010803762
    0.0080070053
    0.0107868036
    0.0146303695
    0.0113061138
    0.0155976814
    0.0253766641
    0.0189226039
    0.0163239048
    0.0104663330
    0.0025580028
   -0.0012825476
    0.0081457919
    0.0090855338
    0.0079186151
    0.0080642176
    0.0143922196
    0.0139757907
    0.0109484668
    0.0095656648
    0.0051386067
    0.0011279776
    0.0075948520
    0.0070096404
    0.0060326985
    0.0080677981
    0.0099170566
    0.0080381289
    0.0082434494
    0.0063930658
    0.0030946561
    0.0060698980
    0.0061123466
    0.0072674553
    0.0068888641
    0.0068487436
    0.0065954830
    0.0044006837
    0.0061668648
    0.0062923741
    0.0060840872
    0.0061412282
    0.0050125871
    0.0058903288
    0.0057324183
    0.0056136214
    0.0050720786
    0.0054913267
    0.0052601836
    0.0048784442
    0.0011660293
    0.0015228311
    0.0011376585
   -0.0000064614
    0.0015683103
    0.0024387160
    0.0026790294
    0.0015823853
   -0.0003041464
    0.0018318308
    0.0031523362
    0.0042209405
    0.0040839006
    0.0016066859
   -0.0009899402
    0.0019388603
    0.0038311329
    0.0051651653
    0.0077407798
    0.0055209519
    0.0009077680
   -0.0019879526
    0.0017543978
    0.0047155126
    0.0063421583
    0.0123054647
    0.0188677420
    0.0057854130
   -0.0003816882
   -0.0031413025
    0.0011170327
    0.0054869779
    0.0091798585
    0.0162135988
    0.0366323923
    0.0046269918
   -0.0019643610
   -0.0043029532
   -0.0015122571
    0.0001847248
    0.0054550816
    0.0129023650
    0.0204214245
    0.0408074450
    0.0032502802
   -0.0039200644
    0.0001273289
   -0.0006462947
   -0.0002740199
    0.0044521623
    0.0154442510
    0.0300002846
   -0.0014393306
   -0.0057233416
    0.0016829786
    0.0016156818
    0.0009438076
    0.0038646261
    0.0145285286
    0.0435756527
    0.0094892198
   -0.0058412024
    0.0029069162
    0.0045823514
    0.0053491546
    0.0055229415
    0.0145646199
    0.0357442936
    0.0294754626
   -0.0055933597
   -0.0078528768
    0.0034822345
    0.0063407405
    0.0132558393
    0.0142477243
    0.0196122952
    0.0317141282
    0.0203581709
    0.0070158494
   -0.0070041267
   -0.0093558773
    0.0062149048
    0.0160341970
    0.0375636449
    0.0529529385
    0.0313473829
   -0.0120403996
   -0.0116573105
   -0.0114140990
    0.0054412568
    0.0114131273
    0.0760187708
    0.0112970665
    0.0360763373
   -0.0012224290
   -0.0134695901
   -0.0131680507
   -0.0131205261
   -0.0107899573
    0.0079072786
    0.0209228048
    0.0253206327
    0.0045221477
   -0.0068206870
   -0.0120242873
   -0.0112772852
    0.0062918049
    0.0101688008
    0.0293481833
    0.1193527008
    0.0675829638
    0.0256415149
    0.0059410701
   -0.0065063831
   -0.0098380584
    0.0076992406
    0.0112366154
    0.0482596100
    0.0221261231
    0.0028744807
   -0.0058822716
    0.0065302849
    0.0089880095
    0.0154893208
    0.0687493596
    0.0805152061
    0.0362767943
    0.0169620436
    0.0002543250
   -0.0048839938
    0.0076135414
    0.0109410388
    0.0270231069
    0.0335965755
    0.0645060275
    0.0749594551
    0.0372419496
    0.0287466258
    0.0079757872
   -0.0010065956
    0.0087065714
    0.0133994407
    0.0254101127
    0.0230698946
    0.0294629211
    0.0429227944
    0.0334928933
    0.0234650881
    0.0137429406
    0.0032407986
   -0.0013491474
    0.0072171320
    0.0095067384
    0.0133607023
    0.0158048745
    0.0170364071
    0.0243900380
    0.0253250639
    0.0188146188
    0.0136242703
    0.0065780640
    0.0013567154
    0.0076428254
    0.0094204354
    0.0109147670
    0.0115293156
    0.0146849062
    0.0175546143
    0.0151720717
    0.0119832866
    0.0080897240
    0.0036649480
    0.0085437185
    0.0088803792
    0.0099202387
    0.0120273705
    0.0118619757
    0.0102327733
    0.0082547316
    0.0051905358
    0.0078658603
    0.0088220539
    0.0093682073
    0.0086785060
    0.0077192550
    0.0059024838
    0.0076860768
    0.0075257403
    0.0069891167
    0.0059945690
    0.0066761341
    0.0063517315
    0.0057512940
    0.0022725189
    0.0022116202
    0.0013937309
    0.0001087678
    0.0031507837
    0.0035875742
    0.0031120409
    0.0015489477
   -0.0002488232
    0.0040095180
    0.0049454182
    0.0052452527
    0.0039071891
    0.0012965543
   -0.0008705571
    0.0049034696
    0.0063696304
    0.0074622960
    0.0076895385
    0.0041754480
    0.0005501380
   -0.0016838909
    0.0057509851
    0.0083474036
    0.0102887974
    0.0168644057
    0.0111643689
    0.0034012913
   -0.0005588053
    0.0062554382
    0.0108474224
    0.0142900735
    0.0112202354
    0.0020193087
   -0.0018914909
    0.0024174315
    0.0061993913
    0.0129642744
    0.0200877741
    0.0475152937
    0.0100603627
    0.0000554480
   -0.0032745143
    0.0020994221
    0.0028303660
    0.0059253977
    0.0134987213
    0.0269234508
    0.0411781184
    0.0062559470
   -0.0025197223
    0.0035444940
    0.0042998028
    0.0062424437
    0.0128778384
    0.0285035894
    0.0638287521
    0.0901389875
    0.0270481214
   -0.0005496276
   -0.0045617088
    0.0048320902
    0.0069006225
    0.0079886374
    0.0129058648
    0.0247042197
    0.0655408807
    0.0021617634
   -0.0046837564
    0.0053397990
    0.0091983080
    0.0129763863
    0.0140133558
    0.0241510210
    0.0392249781
    0.0011850585
   -0.0000681335
   -0.0052029011
    0.0051551081
    0.0091557106
    0.0190137607
    0.0226599556
    0.0286422475
    0.0338436487
    0.0440014377
   -0.0175324712
   -0.0206400872
   -0.0066459732
   -0.0066746962
   -0.0070759274
    0.0076929493
    0.0159341245
    0.0426589840
    0.0548552137
    0.0289344554
    0.0273318126
    0.0059507820
   -0.0211090704
   -0.0097144207
   -0.0078043219
   -0.0077686948
    0.0063807745
    0.0107528678
    0.0257895950
    0.0613820318
    0.0336353525
    0.0244463882
    0.0040031045
   -0.0040530713
   -0.0060399129
   -0.0074566279
    0.0081061962
    0.0128687598
    0.0394898990
    0.0770577713
    0.0724900464
    0.0288858062
    0.0096305315
   -0.0001119467
   -0.0050922572
    0.0067083516
    0.0094738252
    0.0147479345
    0.0750166551
    0.0640328061
    0.0246111641
    0.0090053377
   -0.0003637787
   -0.0043899735
    0.0078692106
    0.0108297595
    0.0199836575
    0.0467805758
    0.0486155933
    0.0842095701
    0.0955303086
    0.0387193899
    0.0186437328
    0.0060783687
   -0.0009753344
    0.0067031470
    0.0090426052
    0.0131098537
    0.0223203948
    0.0262104677
    0.0419147520
    0.0657659607
    0.0459174359
    0.0245597511
    0.0125088574
    0.0032964055
    0.0075610865
    0.0102577469
    0.0149395286
    0.0192414091
    0.0243158769
    0.0368994649
    0.0386492851
    0.0257394422
    0.0158678675
    0.0073396052
    0.0015601693
    0.0082672612
    0.0109671826
    0.0142050471
    0.0167282760
    0.0222322674
    0.0268837004
    0.0230137117
    0.0160729587
    0.0098081797
    0.0042310727
    0.0086073466
    0.0106233045
    0.0124001096
    0.0148045465
    0.0181388487
    0.0182284633
    0.0147120352
    0.0105058880
    0.0061467285
    0.0084557910
    0.0096564319
    0.0108751734
    0.0127249249
    0.0137946101
    0.0125451035
    0.0100973714
    0.0071042225
    0.0105554886
    0.0103876869
    0.0091448085
    0.0072850322
    0.0086387957
    0.0080873822
    0.0069916386
    0.0029872188
    0.0024875923
    0.0013724368
    0.0036729167
    0.0042958352
    0.0041953883
    0.0030552979
    0.0012976091
    0.0045067860
    0.0056974293
    0.0062789345
    0.0055400103
    0.0032931008
    0.0008856860
    0.0052805154
    0.0072005771
    0.0087154814
    0.0094160708
    0.0066594207
    0.0029161679
    0.0001556618
    0.0088075962
    0.0114156948
    0.0176617779
    0.0152565818
    0.0064888249
    0.0019310787
   -0.0007813908
    0.0102884740
    0.0143933851
    0.0262672915
    0.0168873568
    0.0048551875
    0.0006058573
    0.0111683685
    0.0177292473
    0.0253601909
    0.0102818844
    0.0030702252
   -0.0009474810
    0.0042551431
    0.0064463985
    0.0112731184
    0.0198924042
    0.0302028705
    0.0274925219
    0.0072891781
    0.0006545923
   -0.0024549158
    0.0052918119
    0.0070442760
    0.0111420263
    0.0195675993
    0.0354294735
    0.0467103275
    0.0112646008
    0.0029914308
   -0.0019177802
    0.0064345640
    0.0083326578
    0.0112728772
    0.0183917346
    0.0321714101
    0.0591727321
    0.0427554748
    0.0254847767
    0.0076307651
    0.0036479626
   -0.0013751201
   -0.0036422648
    0.0070054194
    0.0100543558
    0.0119689003
    0.0177445918
    0.0271139093
    0.0463961812
    0.0570878894
    0.0037677789
   -0.0034490591
   -0.0004984297
   -0.0017426612
   -0.0038252110
    0.0067419929
    0.0106562392
    0.0140685227
    0.0178490194
    0.0274167605
    0.0322016086
    0.0440082840
    0.0121879573
   -0.0147558084
   -0.0058557854
   -0.0032887685
   -0.0042051119
    0.0060651051
    0.0095013895
    0.0146962624
    0.0202699566
    0.0462671658
    0.0358473034
    0.0300833370
    0.0234582321
   -0.0042932762
   -0.0075488772
   -0.0041716670
   -0.0044599794
    0.0079397207
    0.0120945242
    0.0188854228
    0.0386193013
    0.0304706425
    0.0153575446
    0.0008849845
   -0.0020269219
   -0.0036225248
    0.0067064806
    0.0096532775
    0.0138903476
    0.0443432978
    0.0643217892
    0.0503397968
    0.0340652984
    0.0150474914
    0.0043985376
   -0.0007589867
    0.0079966713
    0.0109744122
    0.0179724393
    0.0592598981
    0.0570762305
    0.0297595693
    0.0133373362
    0.0042175690
   -0.0008313502
    0.0067985373
    0.0091890472
    0.0125532478
    0.0209640414
    0.0428278545
    0.0463591742
    0.0605016158
    0.0427458616
    0.0219849811
    0.0102293397
    0.0028757595
    0.0077545230
    0.0104096691
    0.0142548824
    0.0199521321
    0.0295931813
    0.0432326797
    0.0440606295
    0.0278553600
    0.0154285875
    0.0070060857
    0.0086358813
    0.0115215401
    0.0151448873
    0.0198325570
    0.0281417158
    0.0342277014
    0.0283513767
    0.0182942524
    0.0104043760
    0.0044604118
    0.0092994917
    0.0119808467
    0.0149310655
    0.0190987520
    0.0239793416
    0.0240425887
    0.0184725409
    0.0122275050
    0.0068233908
    0.0095183007
    0.0115961609
    0.0139231268
    0.0168864286
    0.0185197979
    0.0165437893
    0.0124974878
    0.0082570812
    0.0092518438
    0.0107440147
    0.0124645719
    0.0139749504
    0.0137710963
    0.0116653406
    0.0087402063
    0.0111753157
    0.0103072873
    0.0085197274
    0.0032641214
    0.0023996022
    0.0046638624
    0.0048815464
    0.0041575846
    0.0026206128
    0.0058874476
    0.0067916170
    0.0066384995
    0.0048551940
    0.0024757478
    0.0070849183
    0.0088360407
    0.0101697496
    0.0085836856
    0.0049058607
    0.0018946716
    0.0081706467
    0.0108107895
    0.0144206587
    0.0172879736
    0.0093542387
    0.0040449201
    0.0009862432
    0.0126881303
    0.0171266417
    0.0360662146
    0.0257759560
    0.0072952159
    0.0026652447
   -0.0000870048
    0.0142199563
    0.0192848180
    0.0352771703
    0.0157336300
    0.0046150560
    0.0011268370
    0.0064207563
    0.0095960717
    0.0148854137
    0.0218563821
    0.0279374819
    0.0061404319
    0.0025410269
   -0.0004819140
    0.0052494153
    0.0069558238
    0.0097491797
    0.0147661315
    0.0226807494
    0.0308042984
    0.0322085108
    0.0381536373
    0.0076862094
    0.0032271945
    0.0003271135
    0.0056816921
    0.0076359948
    0.0100579181
    0.0144876841
    0.0215548740
    0.0316785639
    0.0331579101
    0.0188688916
    0.0072407404
    0.0022532595
    0.0006925843
   -0.0015965838
    0.0057640998
    0.0080978741
    0.0105370586
    0.0142232726
    0.0206415305
    0.0282411988
    0.0350600444
    0.0194370462
    0.0029077869
    0.0003206902
    0.0000470844
   -0.0015079796
    0.0079428488
    0.0108539250
    0.0139572064
    0.0212146245
    0.0267921860
    0.0306973277
    0.0251185298
    0.0040737065
   -0.0017365618
   -0.0010067354
   -0.0016703916
    0.0072611025
    0.0103336610
    0.0135700126
    0.0241789644
    0.0331657909
    0.0300886926
    0.0271566689
    0.0133566863
    0.0007397050
   -0.0009373185
   -0.0015797926
   -0.0026223750
    0.0064317113
    0.0091189551
    0.0124371878
    0.0221575868
    0.0392213363
    0.0314997410
    0.0230492111
    0.0096214866
    0.0023152094
   -0.0002891848
   -0.0019715777
    0.0078340236
    0.0107747658
    0.0158701079
    0.0688930938
    0.0392131151
    0.0331676153
    0.0204326950
    0.0090919572
    0.0029592726
    0.0067469977
    0.0091586260
    0.0124896207
    0.0230877305
    0.0611884919
    0.0431731846
    0.0410217414
    0.0308697643
    0.0172175554
    0.0079532017
    0.0077904333
    0.0104309615
    0.0144964839
    0.0254332994
    0.0353233890
    0.0390322714
    0.0370370391
    0.0244408112
    0.0134303215
    0.0061451718
    0.0087740942
    0.0116639625
    0.0159295012
    0.0229932315
    0.0303893080
    0.0344771741
    0.0281283857
    0.0178492818
    0.0098711275
    0.0096344429
    0.0125821285
    0.0164937040
    0.0219355624
    0.0270797156
    0.0266044524
    0.0199200354
    0.0126806069
    0.0069442831
    0.0080112943
    0.0101966301
    0.0128761478
    0.0162040932
    0.0200670682
    0.0219296587
    0.0192236261
    0.0139823422
    0.0088986354
    0.0102983692
    0.0124944817
    0.0150046065
    0.0170339784
    0.0099609442
    0.0116112341
    0.0051189254
    0.0048088169
    0.0036244214
    0.0066402362
    0.0069608710
    0.0058771921
    0.0037748662
    0.0081292750
    0.0094558129
    0.0092583568
    0.0064461950
    0.0034028711
    0.0094726422
    0.0117541088
    0.0140404807
    0.0112083256
    0.0059011788
    0.0025581854
    0.0105994141
    0.0135479607
    0.0179085525
    0.0208233948
    0.0102183354
    0.0044177124
    0.0014733563
    0.0150953946
    0.0189225142
    0.0285980921
    0.0197958289
    0.0066803731
    0.0027631789
    0.0003316665
    0.0161785604
    0.0201685853
    0.0243075374
    0.0279524084
    0.0097303929
    0.0038921446
    0.0011917878
    0.0064075849
    0.0085564053
    0.0118473998
    0.0164682110
    0.0215230648
    0.0231923881
    0.0217192837
    0.0121333350
    0.0044454966
    0.0019046717
   -0.0002360049
    0.0066781162
    0.0088093550
    0.0118938542
    0.0163287428
    0.0215750904
    0.0248091678
    0.0198492030
    0.0113133420
    0.0045994153
    0.0021120752
    0.0001879321
    0.0067096604
    0.0089561031
    0.0118714155
    0.0162715870
    0.0210995234
    0.0249274736
    0.0221930930
    0.0115345897
    0.0045194807
    0.0019331529
    0.0003886407
    0.0087786585
    0.0116498565
    0.0162771317
    0.0216176072
    0.0245384213
    0.0239574579
    0.0149863375
    0.0054465065
    0.0019908329
    0.0005063823
   -0.0008637962
    0.0081888436
    0.0110501504
    0.0156965753
    0.0238617497
    0.0263145947
    0.0253419469
    0.0196724998
    0.0095196682
    0.0034356241
    0.0011042580
   -0.0004420473
    0.0073588266
    0.0100255076
    0.0140025238
    0.0247795326
    0.0317896906
    0.0284270270
    0.0242939713
    0.0158186818
    0.0074185693
    0.0029454464
    0.0005334699
    0.0088003211
    0.0120178807
    0.0194984218
    0.0351851722
    0.0325146443
    0.0289331533
    0.0223703934
    0.0132851901
    0.0064432507
    0.0076279110
    0.0102392079
    0.0145182504
    0.0253526524
    0.0327512830
    0.0312249951
    0.0277050006
    0.0193476413
    0.0087142583
    0.0116901730
    0.0168708077
    0.0250448563
    0.0288756320
    0.0292890744
    0.0238540580
    0.0097204588
    0.0129418783
    0.0177930078
    0.0231429038
    0.0263943016
    0.0249962629
    0.0187631852
    0.0081698337
    0.0105254556
    0.0136517832
    0.0176160669
    0.0213930683
    0.0226839085
    0.0195921560
    0.0087156451
    0.0109584291
    0.0136805130
    0.0166714342
    0.0187816352
    0.0109283851
    0.0130686805
    0.0149859063
    0.0066579033
    0.0062195049
    0.0046714065
    0.0083289618
    0.0086677131
    0.0071821633
    0.0045870502
    0.0098031601
    0.0111548634
    0.0106669052
    0.0072229159
    0.0038995257
    0.0110223952
    0.0130116462
    0.0143753737
    0.0111272224
    0.0060178334
    0.0028354490
    0.0143312723
    0.0162940431
    0.0155470927
    0.0088025771
    0.0042573348
    0.0016782772
    0.0154386289
    0.0170556616
    0.0171280599
    0.0117556635
    0.0056985087
    0.0026141663
    0.0098140488
    0.0181137078
    0.0171146089
    0.0130346960
    0.0069573442
    0.0034046866
    0.0012037397
    0.0075593404
    0.0099089890
    0.0129980125
    0.0164079822
    0.0189767405
    0.0181776461
    0.0134756671
    0.0078360215
    0.0039794669
    0.0017321571
    0.0074989625
    0.0098586344
    0.0130274731
    0.0166027935
    0.0193673212
    0.0195497111
    0.0150012356
    0.0087622911
    0.0045372346
    0.0021585701
    0.0095596037
    0.0127969350
    0.0169117850
    0.0199136974
    0.0206044829
    0.0173566113
    0.0107588526
    0.0055533074
    0.0027227170
    0.0009074591
    0.0089621203
    0.0120934961
    0.0168675696
    0.0210177463
    0.0219030035
    0.0197889314
    0.0140399579
    0.0077613916
    0.0038802706
    0.0016130076
    0.0081425418
    0.0109648642
    0.0155936149
    0.0217729390
    0.0236735310
    0.0222400456
    0.0178089518
    0.0113388931
    0.0061014465
    0.0096691125
    0.0133946826
    0.0198728293
    0.0246107097
    0.0242782437
    0.0212937549
    0.0084140659
    0.0112854697
    0.0160424768
    0.0222678939
    0.0245264399
    0.0234883261
    0.0192208491
    0.0095479576
    0.0128365102
    0.0177124775
    0.0219869214
    0.0232849672
    0.0213144007
    0.0105494537
    0.0139076067
    0.0179029806
    0.0207473232
    0.0210374910
    0.0088248363
    0.0112422579
    0.0142373122
    0.0171903933
    0.0188131205
    0.0114867975
    0.0138814206
    0.0158115211
    0.0077034575
    0.0070854196
    0.0052968696
    0.0092345120
    0.0092861532
    0.0075661499
    0.0048995424
    0.0104852435
    0.0111902430
    0.0101453092
    0.0069947465
    0.0039848001
    0.0125321302
    0.0122548085
    0.0093465342
    0.0055513807
    0.0028609299
    0.0135765416
    0.0134884719
    0.0112537515
    0.0071848269
    0.0039249378
    0.0144787785
    0.0123865388
    0.0085768490
    0.0049502878
    0.0025007104
    0.0155299288
    0.0134617388
    0.0096786786
    0.0058994199
    0.0032061471
    0.0105326157
    0.0132527312
    0.0155549887
    0.0148581570
    0.0109782134
    0.0069153377
    0.0039375606
    0.0102295926
    0.0132184938
    0.0159724623
    0.0172840106
    0.0128150943
    0.0083570099
    0.0048993836
    0.0096266039
    0.0127293370
    0.0161594327
    0.0181019683
    0.0104907523
    0.0063874951
    0.0087988181
    0.0117046196
    0.0155689945
    0.0185962787
    0.0190765715
    0.0103898294
    0.0139879183
    0.0179542537
    0.0197042419
    0.0188611392
    0.0090702732
    0.0120093632
    0.0158898299
    0.0189406511
    0.0195070171
    0.0101968227
    0.0133313821
    0.0167176099
    0.0186394234
    0.0110910050
    0.0139908126
    0.0165040288
    0.0115735082
    0.0139284797
    0.0072163430
    0.0088870102
    0.0071583525
    0.0048001203
    0.0102571459
    0.0088489468
    0.0062985012
    0.0113334037
    0.0102115209
    0.0077577097
    0.0049847705
    0.0113067519
    0.0090041084
    0.0061142937
    0.0101363227
    0.0071956670
    0.0045226623
    0.0113822466
    0.0083535379
    0.0054633056
    0.0125415654
    0.0146005249
    0.0118342905
    0.0144147773
    0.0157778656
    0.0107323724
    0.0135185830
    0.0156383518
    0.0120717281
    0.0146221849
    0.0129607449
    0.0149089093
