   -0.0175665958
   -0.0174524857
   -0.0130313372
   -0.0180281633
   -0.0202804380
   -0.0178217104
   -0.0112735945
   -0.0206939488
   -0.0209607487
   -0.0157966777
   -0.0189297131
   -0.0213838835
   -0.0188452958
   -0.0119760563
   -0.0193757285
   -0.0193880167
   -0.0145819996
   -0.0176438000
   -0.0152991717
   -0.0142099208
   -0.0150006857
   -0.0124550785
   -0.0186429104
   -0.0186015995
   -0.0131290849
   -0.0056232366
   -0.0002343963
   -0.0202935628
   -0.0237249764
   -0.0206523366
   -0.0118566634
   -0.0036303351
    0.0010831214
   -0.0196089911
   -0.0258328623
   -0.0270861075
   -0.0195507628
   -0.0088272107
   -0.0013801944
   -0.0172775910
   -0.0244079733
   -0.0295990022
   -0.0262924532
   -0.0152435330
   -0.0050794853
    0.0006863004
   -0.0206984636
   -0.0275065906
   -0.0290033448
   -0.0209774023
   -0.0095941322
   -0.0016652802
   -0.0226484423
   -0.0268786772
   -0.0235720306
   -0.0137304556
   -0.0045495888
   -0.0174023920
   -0.0218964312
   -0.0222220314
   -0.0159602672
   -0.0073163344
   -0.0165814672
   -0.0183775906
   -0.0156263209
   -0.0091263717
   -0.0141045662
   -0.0134558838
   -0.0095169983
   -0.0127794305
   -0.0099605571
   -0.0042922443
    0.0007022160
   -0.0174146083
   -0.0170884920
   -0.0109311065
   -0.0029713971
    0.0020066563
   -0.0204826086
   -0.0244916480
   -0.0206953891
   -0.0100764039
   -0.0010891003
    0.0030873688
   -0.0209714004
   -0.0292858192
   -0.0315544927
   -0.0212725771
   -0.0073586059
    0.0007991138
    0.0039577965
   -0.0191271297
   -0.0294294253
   -0.0385567326
   -0.0344444963
   -0.0174002288
   -0.0037553568
    0.0025267772
    0.0046505638
   -0.0256322923
   -0.0380405611
   -0.0431066625
   -0.0294083328
   -0.0108080064
   -0.0002529985
    0.0039564643
   -0.0202905999
   -0.0316858258
   -0.0421181597
   -0.0376915345
   -0.0191125889
   -0.0044345170
    0.0024948500
    0.0048420142
   -0.0236308701
   -0.0340623524
   -0.0373058655
   -0.0252596625
   -0.0093466321
    0.0001868262
    0.0041446816
   -0.0169470154
   -0.0244038697
   -0.0302647934
   -0.0260077334
   -0.0133497116
   -0.0026732442
    0.0028589545
   -0.0167749553
   -0.0216117154
   -0.0219887985
   -0.0147450286
   -0.0053032404
    0.0010979164
   -0.0147704854
   -0.0163313520
   -0.0134136392
   -0.0068314714
   -0.0115836090
   -0.0107333024
   -0.0069811463
   -0.0011588621
    0.0029809602
   -0.0137446645
   -0.0128217323
   -0.0067179843
    0.0006459842
    0.0045171968
    0.0054173543
   -0.0177215461
   -0.0210150525
   -0.0165299637
   -0.0054524445
    0.0029355234
    0.0055351540
    0.0058083907
   -0.0196103346
   -0.0282238510
   -0.0302949203
   -0.0180359785
   -0.0025098281
    0.0045162664
    0.0060252086
   -0.0189667869
   -0.0311242028
   -0.0432256092
   -0.0379965210
   -0.0151464635
    0.0004144210
    0.0053589312
    0.0063443430
   -0.0165812504
   -0.0288034821
   -0.0475002548
   -0.0582456719
   -0.0363772038
   -0.0089934248
    0.0027571288
    0.0061719422
    0.0065377614
   -0.0233797503
   -0.0417686890
   -0.0634919025
   -0.0591581954
   -0.0241656373
   -0.0025977294
    0.0050246109
    0.0068097556
   -0.0177284564
   -0.0312341854
   -0.0533186663
   -0.0651320053
   -0.0408171414
   -0.0106439102
    0.0025324152
    0.0066215522
    0.0069237264
   -0.0214801859
   -0.0370925785
   -0.0538462521
   -0.0472514679
   -0.0195683992
   -0.0014029286
    0.0056159891
    0.0070936570
   -0.0149969799
   -0.0233619510
   -0.0362058827
   -0.0403576052
   -0.0245625070
   -0.0060559688
    0.0035298931
    0.0066805511
   -0.0150713192
   -0.0217628225
   -0.0278189066
   -0.0228925072
   -0.0095425729
    0.0007308832
    0.0054603012
   -0.0134638980
   -0.0170584809
   -0.0171966619
   -0.0103452090
   -0.0018235047
    0.0036319362
   -0.0107471592
   -0.0114682086
   -0.0088746039
   -0.0033096700
    0.0017381114
   -0.0078224576
   -0.0067418382
   -0.0036381195
    0.0015523702
    0.0046091453
   -0.0087176289
   -0.0072996135
   -0.0020979202
    0.0037584542
    0.0063865138
    0.0064926436
   -0.0125554240
   -0.0142142217
   -0.0095717833
    0.0001854896
    0.0068463107
    0.0076550379
    0.0069112201
   -0.0152638239
   -0.0217504314
   -0.0220224748
   -0.0098310817
    0.0049820866
    0.0090303362
    0.0080468103
   -0.0160041025
   -0.0269224234
   -0.0374603536
   -0.0303865068
   -0.0055426631
    0.0090287154
    0.0091072014
    0.0080179586
   -0.0149105438
   -0.0273756281
   -0.0479727069
   -0.0603860485
   -0.0321505134
    0.0008917390
    0.0087387472
    0.0087598823
    0.0079409568
   -0.0236919417
   -0.0470383429
   -0.0782160988
   -0.0751069946
   -0.0215606694
    0.0036476064
    0.0084863019
    0.0088588460
    0.0077332613
   -0.0185064112
   -0.0372621181
   -0.0732774554
   -0.0578149170
   -0.0076735393
    0.0064313966
    0.0095342929
    0.0087745121
   -0.0141556418
   -0.0256467837
   -0.0542927565
   -0.0826742852
   -0.0782467419
   -0.0253081531
    0.0023000467
    0.0096565962
    0.0098459929
   -0.0171757497
   -0.0325750163
   -0.0638232838
   -0.0732015418
   -0.0417126573
   -0.0045866322
    0.0082500158
    0.0105700866
    0.0091287140
   -0.0187939148
   -0.0346088349
   -0.0538993890
   -0.0432550996
   -0.0124059797
    0.0046286406
    0.0100048940
    0.0096861020
   -0.0125291024
   -0.0175045920
   -0.0283032163
   -0.0317752910
   -0.0160933716
    0.0001139004
    0.0077229083
    0.0093561970
   -0.0108162164
   -0.0135552528
   -0.0179091354
   -0.0139318212
   -0.0032596900
    0.0046585881
    0.0079464939
   -0.0091917846
   -0.0082831762
   -0.0091988277
   -0.0092356123
   -0.0043071136
    0.0019643924
    0.0059242169
   -0.0074700179
   -0.0060536258
   -0.0056320358
   -0.0036923252
    0.0002766798
   -0.0058669554
   -0.0042947574
   -0.0028960462
   -0.0044984004
   -0.0027669496
    0.0014906637
    0.0054838609
    0.0071712099
   -0.0066859871
   -0.0068767674
   -0.0029269100
    0.0041190606
    0.0086383097
    0.0086597884
   -0.0092183412
   -0.0126007826
   -0.0111809998
   -0.0013982044
    0.0100481045
    0.0116863595
    0.0093322908
   -0.0107321399
   -0.0178296737
   -0.0233154478
   -0.0154053994
    0.0066284900
    0.0182659559
    0.0123674734
    0.0092990910
   -0.0109769667
   -0.0204069495
   -0.0354525562
   -0.0412397721
   -0.0136855711
    0.0254326026
    0.0187945886
    0.0112973900
    0.0090599281
   -0.0195468187
   -0.0404634819
   -0.0688400671
   -0.0592890980
    0.0022772439
    0.0277120727
    0.0134193428
    0.0106553800
    0.0087456295
   -0.0164810307
   -0.0359885481
   -0.0751555732
   -0.0487748400
    0.0131660608
    0.0142451185
    0.0122493102
    0.0103343537
   -0.0131873688
   -0.0264823207
   -0.0651522541
   -0.0144971008
    0.0121132024
    0.0142778175
    0.0124120320
    0.0096965712
   -0.0179466794
   -0.0413090414
   -0.0415048626
    0.0061097135
    0.0170805316
    0.0154670174
    0.0115275518
   -0.0130022629
   -0.0224966490
   -0.0557324877
   -0.0072265547
    0.0145576336
    0.0183707596
    0.0136854361
    0.0100206272
   -0.0111966068
   -0.0135310043
   -0.0235469151
   -0.0532217164
   -0.0575082768
   -0.0210834329
    0.0075714141
    0.0164915070
    0.0151000369
    0.0112522292
   -0.0109776350
   -0.0111993374
   -0.0176013458
   -0.0328267025
   -0.0231126266
    0.0000327613
    0.0112925872
    0.0140464020
    0.0118541731
   -0.0109701569
   -0.0090519169
   -0.0062961811
   -0.0097276717
   -0.0139694706
   -0.0042427954
    0.0061770826
    0.0110007487
    0.0112382527
   -0.0098965685
   -0.0061302865
   -0.0028486299
   -0.0050931263
   -0.0038358368
    0.0025095465
    0.0076195259
    0.0095386383
   -0.0081102403
   -0.0039575777
   -0.0020180474
   -0.0019268723
    0.0008760895
    0.0048492569
   -0.0063325848
   -0.0029591432
   -0.0012881306
    0.0003493790
    0.0029878870
   -0.0049018134
   -0.0021865910
   -0.0002487151
    0.0017457034
   -0.0036899836
   -0.0013108071
    0.0061814200
    0.0017118649
    0.0059648477
    0.0086525315
    0.0086513669
   -0.0043635968
   -0.0024830138
    0.0037581119
    0.0104296652
    0.0114435728
    0.0095916796
   -0.0078726331
   -0.0092756670
   -0.0029789636
    0.0109259211
    0.0179312353
    0.0130582996
    0.0098600482
   -0.0105495255
   -0.0175773326
   -0.0170305799
    0.0026599200
    0.0362259429
    0.0231911394
    0.0127256538
    0.0097142070
   -0.0039456423
   -0.0061719409
   -0.0116412896
   -0.0238709902
   -0.0381258534
   -0.0237337399
    0.0427228223
    0.0184924752
    0.0118987550
    0.0093963074
   -0.0063005211
   -0.0112560400
   -0.0248349682
   -0.0541162749
   -0.0639872995
   -0.0079079139
    0.0388560482
    0.0145389869
    0.0113608002
   -0.0064079493
   -0.0100887327
   -0.0209966204
   -0.0546085068
    0.0421163346
    0.0189060413
    0.0139838272
    0.0107252056
   -0.0090818320
   -0.0156890943
   -0.0401247140
    0.0351972278
    0.0192852579
    0.0132718069
   -0.0089236820
   -0.0118745330
   -0.0232109521
   -0.0707057682
    0.0480460459
    0.0513799334
    0.0364142238
    0.0175290292
    0.0117404125
   -0.0106222305
   -0.0134377665
   -0.0304821663
    0.0344753009
    0.0482506398
    0.0244564131
    0.0142831349
   -0.0110817522
   -0.0107162694
   -0.0111246641
   -0.0256169485
   -0.0536293378
   -0.0107268873
    0.0216248137
    0.0287544374
    0.0274221963
    0.0168979902
    0.0114467085
   -0.0115383803
   -0.0078761132
    0.0002267262
   -0.0051764240
   -0.0201676174
    0.0039423056
    0.0171235641
    0.0213824738
    0.0176735704
    0.0125962086
   -0.0127193456
   -0.0101986924
   -0.0015742324
    0.0140287112
    0.0004341174
   -0.0021443876
    0.0085724291
    0.0147182858
    0.0156207431
    0.0128285077
   -0.0124513988
   -0.0072725198
    0.0039167396
    0.0087375896
    0.0010652166
    0.0038808711
    0.0094884462
    0.0123060163
    0.0118626165
   -0.0109696066
   -0.0043903436
    0.0030580733
    0.0029830133
    0.0028355064
    0.0060231739
    0.0090920254
   -0.0088708768
   -0.0029698252
    0.0010277373
    0.0022721560
    0.0041160533
    0.0065297415
   -0.0068422861
   -0.0022811908
    0.0007159990
    0.0027004237
    0.0046221671
   -0.0051070274
   -0.0015199913
    0.0010831757
    0.0030242926
   -0.0036393575
   -0.0007404656
    0.0067252226
    0.0081916722
    0.0028525819
    0.0062525481
    0.0095449452
    0.0102654409
    0.0092068880
   -0.0002283960
    0.0001379686
    0.0039460719
    0.0104244554
    0.0137271026
    0.0119590084
    0.0097470857
   -0.0004205363
   -0.0005609572
   -0.0016351545
   -0.0034644763
   -0.0014099648
    0.0084050245
    0.0209279410
    0.0179155890
    0.0125584159
    0.0098453229
   -0.0011817459
   -0.0015359685
   -0.0028614357
   -0.0068797704
   -0.0104132140
   -0.0006329562
    0.0308188135
    0.0468317626
    0.0181429556
    0.0122976029
    0.0096517292
   -0.0019399959
   -0.0024669901
   -0.0040749637
   -0.0089906901
   -0.0206780624
   -0.0205540455
    0.0172578747
    0.0484947210
    0.0157585935
    0.0118252375
   -0.0028661567
   -0.0032458644
   -0.0050653806
   -0.0098747243
   -0.0259961339
   -0.0443934309
   -0.0072368521
    0.0240550147
    0.0146295289
    0.0112383962
   -0.0042002995
   -0.0056107726
   -0.0097519151
   -0.0237560743
   -0.0545762764
    0.0195918379
    0.0139758399
    0.0104081369
   -0.0055624719
   -0.0063447127
   -0.0088343292
   -0.0172837370
   -0.0540582832
    0.0510996782
    0.0188800826
    0.0127578476
   -0.0077581574
   -0.0086930454
   -0.0112931945
   -0.0286801255
    0.0350028054
    0.0163175853
    0.0111320564
   -0.0101160151
   -0.0093211842
   -0.0100717767
   -0.0354241022
    0.0221298449
    0.0133559178
   -0.0118954678
   -0.0113077318
   -0.0057164776
    0.0049589034
   -0.0001056815
    0.0225946103
    0.0468162301
    0.0572024847
    0.0281927099
    0.0158754742
   -0.0139475884
   -0.0098335127
    0.0060203683
    0.0255835661
    0.0164647821
    0.0276570290
    0.0290971630
    0.0266203314
    0.0176635076
   -0.0150467942
   -0.0144522005
   -0.0049624593
    0.0328722522
    0.0114596321
    0.0109807105
    0.0180482044
    0.0204175671
    0.0173280889
    0.0128604238
   -0.0162697668
   -0.0128216163
    0.0015997081
    0.0334997232
    0.0184138195
    0.0073459588
    0.0108431850
    0.0148813851
    0.0151135587
    0.0126788632
   -0.0158617777
   -0.0096899785
    0.0036406365
    0.0110310934
    0.0071140176
    0.0076422889
    0.0106257485
    0.0122573834
   -0.0138683832
   -0.0067260090
    0.0016954389
    0.0048442977
    0.0060218091
    0.0078166885
    0.0095579156
   -0.0110463310
   -0.0046207903
    0.0009598981
    0.0039492792
    0.0057704257
   -0.0082181324
   -0.0029803175
    0.0011701633
    0.0037123506
   -0.0058064425
   -0.0016834312
    0.0014506855
    0.0073187892
    0.0088760952
    0.0092543039
    0.0071166890
    0.0098990618
    0.0113456227
    0.0106938069
    0.0020952170
    0.0033136561
    0.0042423988
    0.0045432188
    0.0060541431
    0.0100971602
    0.0140332511
    0.0138785027
    0.0116375603
    0.0095603067
    0.0003473079
    0.0012964832
    0.0024810289
    0.0039488867
    0.0042777629
    0.0041706128
    0.0084681815
    0.0167206121
    0.0201389895
    0.0153203092
    0.0119335332
    0.0004671115
    0.0013009027
    0.0027854437
    0.0041796481
    0.0022739349
    0.0041337281
    0.0165145816
    0.0404371741
    0.0246706097
    0.0152417719
    0.0117679069
   -0.0004867108
    0.0002457480
    0.0007764405
    0.0026490169
    0.0016164065
   -0.0035408628
    0.0128210947
    0.0218633121
    0.0146565635
    0.0113214054
   -0.0018316420
   -0.0007860948
   -0.0009143832
   -0.0009696472
    0.0002029665
   -0.0104890020
    0.0057542569
    0.0671484446
    0.0189536891
    0.0140099915
    0.0106345110
   -0.0025104428
   -0.0021259009
   -0.0037703169
   -0.0047669690
   -0.0120608340
   -0.0021678264
    0.0402512762
    0.0179537688
    0.0130579026
   -0.0047214917
   -0.0042339151
   -0.0049870059
   -0.0074676509
   -0.0109032624
   -0.0248911294
    0.0303279308
    0.0166261082
    0.0117214080
   -0.0070212022
   -0.0072454706
   -0.0071254253
   -0.0062586230
   -0.0186178060
    0.0235867074
    0.0143840774
   -0.0091738057
   -0.0104766716
   -0.0096791898
   -0.0026763634
    0.0050747310
    0.0059392729
    0.0399606939
    0.0180588429
    0.0120258399
   -0.0127347299
   -0.0141626431
   -0.0081015933
    0.0124883754
    0.0723753813
    0.0670483017
    0.0496100766
    0.0223594049
    0.0140469953
   -0.0167804144
   -0.0163358206
   -0.0006610395
    0.0526648980
    0.0334284410
    0.0332483869
    0.0343806189
    0.0243000880
    0.0158504974
   -0.0168260533
   -0.0202044246
   -0.0153639738
    0.0135734434
    0.0151882144
    0.0167375216
    0.0234742178
    0.0220382894
    0.0165966735
   -0.0198360812
   -0.0214882360
   -0.0109103981
    0.0265556709
    0.0195220427
    0.0108679628
    0.0160896761
    0.0180827251
    0.0158296713
   -0.0212618872
   -0.0195918653
   -0.0057478780
    0.0141670841
    0.0143512633
    0.0108710123
    0.0118150702
    0.0141671202
    0.0139712529
   -0.0186206571
   -0.0202991413
   -0.0152961199
   -0.0030495410
    0.0061292199
    0.0088624535
    0.0096618764
    0.0110285546
   -0.0180619471
   -0.0172072898
   -0.0106127444
   -0.0013725305
    0.0048269155
    0.0073828366
    0.0085972238
   -0.0131935833
   -0.0067532294
    0.0000058042
    0.0042639501
    0.0062763410
   -0.0094151546
   -0.0039904595
    0.0007935083
    0.0037465916
   -0.0021952337
    0.0094499872
    0.0100396383
    0.0096234919
    0.0038375311
    0.0056112959
    0.0071260627
    0.0088663366
    0.0105026691
    0.0119089579
    0.0118529474
    0.0105935021
    0.0016450052
    0.0031712911
    0.0052299155
    0.0077236031
    0.0093145058
    0.0098171940
    0.0113642672
    0.0137739202
    0.0147059504
    0.0133153863
    0.0111611082
    0.0008373332
    0.0023581294
    0.0042150895
    0.0074216815
    0.0110756837
    0.0119302033
    0.0123374984
    0.0153804365
    0.0181541355
    0.0170224736
    0.0140595408
    0.0112907685
    0.0014905514
    0.0031102981
    0.0056754152
    0.0115054109
    0.0161718045
    0.0145233395
    0.0174477519
    0.0228396525
    0.0242483892
    0.0180262269
    0.0141128446
    0.0110546156
    0.0002713733
    0.0023980194
    0.0036843273
    0.0082217391
    0.0197494214
    0.0209711464
    0.0205525928
    0.0325950940
    0.0304972511
    0.0178853013
    0.0136899838
   -0.0014425427
    0.0010322577
    0.0032424078
    0.0034046112
    0.0128190307
    0.0324860137
    0.0237715910
    0.0580320834
    0.0292873077
    0.0171391591
    0.0129188610
   -0.0016242636
    0.0017066867
    0.0017500861
   -0.0000929897
    0.0238214624
    0.0306321311
    0.0233126076
    0.0161055514
    0.0118441936
   -0.0043702939
   -0.0025901673
   -0.0003672238
   -0.0039590157
   -0.0011828218
    0.0281174798
    0.0538729562
    0.0210221054
    0.0145382505
   -0.0065895205
   -0.0059582582
   -0.0056096753
   -0.0041338174
    0.0171028562
    0.0376394542
    0.0338305468
    0.0183018419
    0.0126135728
   -0.0088992919
   -0.0107139978
   -0.0117232179
   -0.0052615678
    0.0231191800
    0.0553704695
    0.0637017954
    0.0238469818
    0.0151238487
   -0.0129054909
   -0.0168957625
   -0.0165425004
    0.0112506561
    0.0687260359
    0.0595629154
    0.0536652610
    0.0296767392
    0.0179317590
   -0.0183445814
   -0.0240922288
   -0.0168690556
    0.0356458017
    0.0269745325
    0.0349465733
    0.0297464775
    0.0201447473
    0.0138520633
   -0.0172296615
   -0.0245234879
   -0.0300203554
   -0.0115168708
    0.0080352339
    0.0226474298
    0.0254427452
    0.0204933242
    0.0149190376
   -0.0215712311
   -0.0296450384
   -0.0309310087
   -0.0025304048
    0.0186049184
    0.0148279068
    0.0202190473
    0.0189098112
    0.0150881591
   -0.0249070902
   -0.0310362206
   -0.0248986610
    0.0022268458
    0.0250540527
    0.0215385548
    0.0141815580
    0.0157429917
    0.0162698572
   -0.0200035026
   -0.0257921177
   -0.0272724279
   -0.0159353384
    0.0027689115
    0.0140367018
    0.0134551115
    0.0129018294
    0.0134392038
   -0.0204959454
   -0.0235677805
   -0.0203095989
   -0.0085922163
    0.0039274665
    0.0097003410
    0.0104682246
    0.0108676478
   -0.0191636928
   -0.0191228719
   -0.0134121351
   -0.0038251210
    0.0039767701
    0.0073085188
    0.0084141078
   -0.0141528198
   -0.0082179635
   -0.0012818632
    0.0035128389
    0.0058047467
   -0.0048272731
   -0.0000592030
    0.0048037722
    0.0066001260
    0.0101190954
    0.0106440010
    0.0104575845
    0.0043836595
    0.0067088502
    0.0090910018
    0.0105648214
    0.0116502392
    0.0124772998
    0.0126729711
    0.0117687706
    0.0017983207
    0.0036604035
    0.0061219857
    0.0096147796
    0.0128723818
    0.0139168455
    0.0138558320
    0.0145823551
    0.0152271665
    0.0146101342
    0.0127197646
    0.0028132493
    0.0050347353
    0.0086886043
    0.0147163158
    0.0188743465
    0.0179958758
    0.0175272316
    0.0181083151
    0.0180088720
    0.0160547022
    0.0131430729
    0.0017637262
    0.0042716299
    0.0066611788
    0.0137458237
    0.0252598081
    0.0274097738
    0.0228334588
    0.0227308778
    0.0231134663
    0.0210243449
    0.0166907672
    0.0130270044
    0.0002440919
    0.0035570535
    0.0067931360
    0.0099740702
    0.0259559081
    0.0487293907
    0.0348990312
    0.0318370431
    0.0362151817
    0.0436022346
    0.0230482257
    0.0164074756
    0.0124815973
   -0.0015864505
    0.0013540314
    0.0085531942
    0.0113716481
    0.0158781410
    0.0687432341
    0.0751658390
    0.0450936014
    0.0590665504
    0.0214658130
    0.0155085719
    0.0116324959
   -0.0017723811
    0.0040000503
    0.0190417665
    0.0093583825
    0.0288530540
    0.0604790722
    0.0374452526
    0.0194512970
    0.0142400151
   -0.0043763889
   -0.0024003572
    0.0067867209
    0.0113692447
   -0.0016398301
    0.0253031530
    0.0176220819
    0.0126980268
   -0.0064812745
   -0.0052143636
   -0.0008506181
   -0.0021881545
    0.0266755719
    0.0879427859
    0.0373342346
    0.0221406198
    0.0153349877
   -0.0105623050
   -0.0128862179
   -0.0118449801
    0.0269095573
    0.0954592092
    0.0488733392
    0.0282854440
    0.0185276921
   -0.0122757561
   -0.0176773785
   -0.0249048999
   -0.0101507854
    0.0472196464
    0.0330952217
    0.0218968701
    0.0149860576
   -0.0179393590
   -0.0281354844
   -0.0391309049
    0.0138233114
    0.0370138416
    0.0328997170
    0.0241495840
    0.0168599641
   -0.0252905525
   -0.0407273723
   -0.0482079896
    0.0261921060
    0.0463620690
    0.0191559103
    0.0286095587
    0.0241348117
    0.0179856632
   -0.0209700734
   -0.0330458216
   -0.0503511733
   -0.0455795383
    0.0302966937
    0.0183423975
    0.0220881748
    0.0219927584
    0.0179170161
   -0.0254187260
   -0.0382438468
   -0.0494646427
   -0.0292262111
    0.0255179293
    0.0258621923
    0.0182957108
    0.0186826425
    0.0166739643
   -0.0280626606
   -0.0375776138
   -0.0368980621
   -0.0124784656
    0.0221145794
    0.0258585431
    0.0166038323
    0.0154938654
   -0.0209755841
   -0.0275891913
   -0.0308723423
   -0.0221230552
   -0.0026821392
    0.0126817127
    0.0135874769
    0.0126708888
   -0.0206510600
   -0.0240212630
   -0.0218924048
   -0.0116376175
    0.0010738738
    0.0080140071
    0.0095643871
    0.0098907513
   -0.0188361020
   -0.0141495000
   -0.0056477077
    0.0019822155
    0.0058731761
   -0.0087202227
   -0.0025682732
    0.0021179918
    0.0049460866
    0.0071313303
    0.0090363571
    0.0111503529
    0.0110816479
    0.0044265452
    0.0070788326
    0.0101074696
    0.0122824373
    0.0129646744
    0.0131686838
    0.0133047000
    0.0127058462
    0.0113058500
    0.0036328153
    0.0063206943
    0.0102706205
    0.0146215219
    0.0168244827
    0.0164327688
    0.0158846177
    0.0159789379
    0.0156604627
    0.0141336788
    0.0118933876
    0.0026482107
    0.0052873000
    0.0087773621
    0.0155934204
    0.0221215872
    0.0230077239
    0.0203107277
    0.0194513957
    0.0193596006
    0.0180511524
    0.0150559316
    0.0120386873
    0.0013588951
    0.0044537106
    0.0073636680
    0.0133122935
    0.0263954734
    0.0361427812
    0.0296190603
    0.0247567325
    0.0244847609
    0.0251372161
    0.0199498927
    0.0152162180
    0.0117585747
   -0.0002614261
    0.0029825304
    0.0093500138
    0.0132871226
    0.0270513738
    0.0566171433
    0.0577764948
    0.0339770161
    0.0318767114
    0.0463585180
    0.0352354379
    0.0200502030
    0.0146655842
    0.0003614935
    0.0084365014
    0.0352877045
    0.0630030205
    0.0595936923
    0.0405480744
    0.0654075435
    0.0328761354
    0.0186455555
    0.0136704990
   -0.0023838830
    0.0020125850
    0.0384780064
    0.0413120673
    0.0634304989
    0.0245807621
    0.0169196562
   -0.0033479728
    0.0057095780
    0.0473769228
    0.0667916891
    0.0350926052
    0.0209606056
    0.0150457994
   -0.0063927840
   -0.0059974455
    0.0030576960
    0.0166155508
    0.1001666149
    0.0982950892
    0.0454715848
    0.0257886014
    0.0182294661
   -0.0100217233
   -0.0130783515
   -0.0159694165
    0.0069568211
    0.0561492029
    0.0316431294
    0.0218914327
    0.0153796562
   -0.0164735657
   -0.0271373200
   -0.0385988691
    0.0751209913
    0.0382311026
    0.0256205228
    0.0178281361
   -0.0268036696
   -0.0498709839
    0.0733525580
    0.0418780631
    0.0284129554
    0.0199837213
   -0.0229038275
   -0.0411368440
   -0.0737827293
    0.0414519741
    0.0363138532
    0.0288691869
    0.0212180147
   -0.0309484686
   -0.0560409406
   -0.0819517467
    0.0469147249
    0.0277436519
    0.0261649958
    0.0210228997
   -0.0232404130
   -0.0380315131
   -0.0630606028
   -0.0766073212
   -0.0193597893
    0.0253904373
    0.0219990251
    0.0193472906
   -0.0267731430
   -0.0407726798
   -0.0555310356
   -0.0440100160
    0.0043477905
    0.0252824525
    0.0184344343
    0.0167503862
   -0.0279384037
   -0.0371453917
   -0.0381120539
   -0.0190012718
    0.0088188639
    0.0179814535
    0.0150167008
    0.0138708810
   -0.0260854130
   -0.0289863861
   -0.0224320801
   -0.0068975330
    0.0063806674
    0.0103659422
    0.0108166740
   -0.0219091067
   -0.0202196391
   -0.0122909867
   -0.0020018061
    0.0047942227
    0.0074359767
   -0.0065462160
   -0.0000851242
    0.0046592876
    0.0070819271
    0.0094397114
    0.0108488513
    0.0040361597
    0.0068225810
    0.0103751710
    0.0131468417
    0.0140874602
    0.0136990297
    0.0136886661
    0.0133249545
    0.0121894302
    0.0031473913
    0.0059606563
    0.0102076132
    0.0156162823
    0.0180947925
    0.0179800624
    0.0168549059
    0.0164423429
    0.0162918791
    0.0152305218
    0.0131344589
    0.0020214688
    0.0048569251
    0.0085745965
    0.0168146263
    0.0235309511
    0.0247528603
    0.0222214140
    0.0201215207
    0.0199517060
    0.0194874208
    0.0168626290
    0.0135770913
    0.0006511139
    0.0035315750
    0.0075315997
    0.0138915062
    0.0321167936
    0.0352389179
    0.0333282764
    0.0258692742
    0.0243256643
    0.0258447484
    0.0232602367
    0.0176068603
    0.0134279595
    0.0015768311
    0.0071787876
    0.0184122596
    0.0435593291
    0.0529930153
    0.0610293999
    0.0385517120
    0.0291547227
    0.0334576190
    0.0400902998
    0.0251171154
    0.0171488521
    0.0127968204
   -0.0007744687
    0.0039281445
    0.0340169819
    0.0339465807
    0.0368427584
    0.0504834477
    0.0230320608
    0.0159330241
   -0.0006401536
    0.0145365905
    0.0491679532
    0.0309656515
    0.0639664031
    0.0349729400
    0.0201215678
    0.0144222908
   -0.0040871875
   -0.0006457684
    0.0098948707
    0.0557175329
    0.0542614338
    0.0255759044
    0.0176070796
   -0.0066933870
   -0.0035656294
    0.0247548794
    0.1069909649
    0.0601077107
    0.0321470064
    0.0214053413
    0.0152149647
   -0.0090843537
   -0.0124408499
   -0.0176251085
   -0.0142835508
    0.0949526882
    0.0409540099
    0.0257879722
    0.0179586701
   -0.0142095700
   -0.0238919736
   -0.0464246625
    0.0556225171
    0.0308499537
    0.0208473284
   -0.0224313881
   -0.0440374534
   -0.0813424741
    0.0692282731
    0.0357301603
    0.0234928013
    0.0165980909
   -0.0191253389
   -0.0342894131
   -0.0730191859
    0.0746935679
    0.0567328920
    0.0370748891
    0.0251560006
    0.0179696153
   -0.0258987979
   -0.0482977605
   -0.0907992007
    0.0396165826
    0.0326540880
    0.0248840345
    0.0185338923
   -0.0326841927
   -0.0587383017
   -0.0953296146
   -0.0869339560
    0.0147071538
    0.0388733822
    0.0265564397
    0.0224764228
   -0.0233032504
   -0.0370600919
   -0.0586931912
   -0.0731421789
   -0.0362345084
    0.0306540801
    0.0373864081
    0.0219625806
    0.0189663924
   -0.0253603633
   -0.0367378423
   -0.0470899220
   -0.0394249022
   -0.0092995829
    0.0155859247
    0.0168000612
    0.0152183780
   -0.0251006125
   -0.0316386700
   -0.0316723186
   -0.0188413515
   -0.0008100360
    0.0090394255
    0.0111053417
   -0.0225395133
   -0.0241906140
   -0.0193488497
   -0.0086119420
    0.0014235625
    0.0064859061
   -0.0170640750
   -0.0037906334
    0.0020291680
    0.0064753837
    0.0091936311
    0.0110274319
    0.0115946074
    0.0033327586
    0.0059978055
    0.0097663158
    0.0134203384
    0.0144967915
    0.0142218020
    0.0134966155
    0.0023822852
    0.0050447096
    0.0091853417
    0.0162207641
    0.0193612614
    0.0182339973
    0.0169712829
    0.0162653880
    0.0161895488
    0.0156760388
    0.0140367678
    0.0037863737
    0.0076388114
    0.0167872019
    0.0328336218
    0.0252406336
    0.0219453100
    0.0196968575
    0.0192789826
    0.0194396453
    0.0179370442
    0.0149053634
    0.0021998454
    0.0061170072
    0.0129561497
    0.0517283004
    0.0301252449
    0.0248590997
    0.0225912331
    0.0237019537
    0.0237710072
    0.0195822203
    0.0150420875
    0.0003174189
    0.0040212003
    0.0126777057
    0.0477630625
    0.0338200587
    0.0258763166
    0.0271360445
    0.0317456232
    0.0278399961
    0.0196614204
    0.0144696169
    0.0009485482
    0.0097981340
    0.0559219354
    0.0291066949
    0.0272923160
    0.0370834004
    0.0426805307
    0.0274488916
    0.0183514960
   -0.0020770234
    0.0022504056
    0.0358903301
    0.0200496880
    0.0360562307
    0.0527640986
    0.0406014331
    0.0238321162
    0.0165270234
   -0.0033908303
    0.0051650624
    0.0079206734
    0.0262139185
    0.0562584288
    0.0518732058
    0.0311728151
    0.0204147821
    0.0146066492
   -0.0065458929
   -0.0070512216
    0.0008466869
    0.0306796512
    0.0164044263
    0.0859623863
    0.0673615320
    0.0398836035
    0.0251499197
    0.0174612804
   -0.0108716535
   -0.0164856055
   -0.0242797175
    0.0273794084
    0.0422027866
    0.0547954312
    0.0310236902
    0.0207248637
   -0.0117487497
   -0.0188608502
   -0.0364936977
   -0.0701184000
    0.0903376086
    0.0864108891
    0.0388163478
    0.0243082029
    0.0169522681
   -0.0176459361
   -0.0324881514
   -0.0750018130
    0.1059861789
    0.0469631998
    0.0278491310
    0.0190390145
   -0.0260649162
   -0.0531011029
    0.0627154367
    0.0662236132
    0.0476925332
    0.0300879676
    0.0206459488
   -0.0204691448
   -0.0364214359
   -0.0749535025
    0.0055824875
    0.0435649668
    0.0384756799
    0.0292170669
   -0.0259382092
   -0.0458391622
   -0.0839837914
   -0.0626938524
    0.0286952704
    0.0408974768
    0.0292479483
    0.0252775019
    0.0202319698
   -0.0303194213
   -0.0496393023
   -0.0749411432
   -0.0705006159
   -0.0164191352
    0.0234563686
    0.0226843818
    0.0203017248
    0.0178632319
   -0.0318795101
   -0.0451953329
   -0.0507896099
   -0.0305363055
   -0.0000776974
    0.0138153126
    0.0152229857
    0.0146826131
   -0.0297947088
   -0.0349521119
   -0.0292573865
   -0.0121245320
    0.0032760266
    0.0095733885
    0.0111101982
   -0.0249186797
   -0.0240680826
   -0.0158540769
   -0.0044145557
    0.0036885398
    0.0072941655
   -0.0155374219
    0.0054624225
    0.0082181137
    0.0105628808
    0.0114075320
    0.0048174914
    0.0082230367
    0.0124908411
    0.0144267003
    0.0139459357
    0.0038064091
    0.0073370681
    0.0137851748
    0.0206214923
    0.0182858903
    0.0162066942
    0.0153790318
    0.0153137623
    0.0143395352
    0.0025132888
    0.0058672266
    0.0123029803
    0.0363390142
    0.0326850501
    0.0204825299
    0.0180638689
    0.0176730927
    0.0181493167
    0.0177508592
    0.0156369793
    0.0010062072
    0.0040495695
    0.0095283815
    0.0400037549
    0.0318266288
    0.0209663366
    0.0196664818
    0.0207471660
    0.0218156496
    0.0200359538
    0.0162343638
    0.0017971384
    0.0069172033
    0.0254700306
    0.0231887547
    0.0199672616
    0.0219870357
    0.0255417848
    0.0259515084
    0.0210946870
    0.0159282497
   -0.0006095914
    0.0031066405
    0.0178190020
    0.0404341759
    0.0126591699
    0.0194407145
    0.0270681995
    0.0320495963
    0.0280341164
    0.0203415196
    0.0149367026
   -0.0009559824
    0.0058519264
    0.0009912248
    0.0069426664
    0.0238828537
    0.0360982574
    0.0360451102
    0.0263455848
    0.0185016962
   -0.0040740400
   -0.0024834888
    0.0113453925
   -0.0194828616
    0.0138078634
    0.0387896149
    0.0442054850
    0.0337060887
    0.0230201219
    0.0163595672
   -0.0070049858
   -0.0077285058
    0.0115334432
    0.0046213782
    0.0389581262
    0.0601382406
    0.0434521793
    0.0286029509
    0.0196575638
   -0.0090721815
   -0.0131129391
   -0.0210125825
   -0.0134947815
    0.0575888975
    0.0271253714
    0.0362925874
    0.0870158766
    0.0618161504
    0.0359891198
    0.0235061749
   -0.0143573905
   -0.0249116247
   -0.0510931912
    0.0428640141
    0.0769743403
    0.0871256667
    0.0460865272
    0.0279072056
    0.0190613168
   -0.0228422787
   -0.0461138255
   -0.1011391273
    0.0528377450
    0.0506173313
    0.0767830925
    0.0542317183
    0.0322442663
    0.0214692720
   -0.0192909416
   -0.0351519616
   -0.0771254366
    0.0141962182
    0.0333547868
    0.0477290074
    0.0491812331
    0.0342261911
    0.0232354908
   -0.0262789131
   -0.0495834733
   -0.0951348303
   -0.0578357416
    0.0088307540
    0.0306182710
    0.0359886520
    0.0314722882
    0.0234780404
   -0.0332674641
   -0.0598303389
   -0.0943699963
   -0.0922551440
   -0.0266635998
    0.0164962300
    0.0251206395
    0.0254092675
    0.0216474019
   -0.0235835604
   -0.0377396931
   -0.0593977199
   -0.0739375301
   -0.0458282312
   -0.0031154453
    0.0154373968
    0.0188495142
    0.0182094234
   -0.0257319742
   -0.0374653088
   -0.0482624225
   -0.0427716647
   -0.0174991639
    0.0039980547
    0.0122128780
    0.0140333762
   -0.0255365728
   -0.0324683395
   -0.0333171597
   -0.0221075468
   -0.0056688369
    0.0052160240
    0.0095441353
   -0.0230186200
   -0.0250842158
   -0.0209270676
   -0.0109403792
   -0.0009841330
    0.0049835090
   -0.0178916082
    0.0067474992
    0.0092973026
    0.0106847144
    0.0063255878
    0.0101081440
    0.0131953388
    0.0132459975
    0.0125597067
    0.0053355220
    0.0098212206
    0.0168794956
    0.0179968754
    0.0150886096
    0.0140387168
    0.0039344399
    0.0082308834
    0.0190023699
    0.0343272464
    0.0202364695
    0.0158318396
    0.0154772253
    0.0165277781
    0.0154992378
    0.0022262534
    0.0061177611
    0.0148779328
    0.0488117987
    0.0176588059
    0.0159646275
    0.0173904095
    0.0190090507
    0.0188922484
    0.0165575700
    0.0003537859
    0.0035193295
    0.0107417290
    0.0240514615
    0.0134146378
    0.0166418901
    0.0205361843
    0.0224673314
    0.0206651345
    0.0167404962
    0.0005862069
    0.0057752834
    0.0340494071
    0.0048702481
    0.0106781524
    0.0196278477
    0.0252600051
    0.0254237607
    0.0209607082
   -0.0020849849
    0.0005183067
    0.0123849163
    0.0079278272
   -0.0070598491
    0.0138213030
    0.0261743920
    0.0301544718
    0.0261092794
    0.0197606203
   -0.0036085316
   -0.0007100847
   -0.0281450616
    0.0005647710
    0.0238913260
    0.0349647722
    0.0320979606
    0.0243213823
    0.0177621893
   -0.0062273843
   -0.0071128361
   -0.0035203735
   -0.0086407560
   -0.0127214115
    0.0183776139
    0.0395529287
    0.0400189370
    0.0298994260
    0.0213101526
   -0.0101393507
   -0.0145432996
   -0.0128149548
    0.0112618876
    0.0009826753
    0.0151992222
    0.0393694308
    0.0499519215
    0.0371055935
    0.0254492722
   -0.0169787304
   -0.0294062406
   -0.0513259292
   -0.0427121068
    0.0109372216
    0.0199080445
    0.0330078644
    0.0527004242
    0.0448530468
    0.0300495215
   -0.0162466932
   -0.0281453536
   -0.0567796295
   -0.0918132888
    0.0080121025
    0.0245956342
    0.0415637656
    0.0463158407
    0.0337899993
   -0.0235506550
   -0.0439826532
   -0.0874814254
   -0.0440758216
    0.0068401859
    0.0270366187
    0.0375715905
    0.0336816227
    0.0247275198
   -0.0322143479
   -0.0597997234
   -0.0926488639
   -0.0803870023
   -0.0258189523
    0.0116660729
    0.0257096548
    0.0286048803
    0.0240499466
   -0.0238282386
   -0.0397430489
   -0.0658073410
   -0.0819840777
   -0.0518745330
   -0.0065134478
    0.0144608331
    0.0212391366
    0.0209918333
   -0.0276350826
   -0.0425943088
   -0.0582848686
   -0.0534516070
   -0.0222705215
    0.0029566723
    0.0136306646
    0.0164744984
   -0.0289875556
   -0.0391457543
   -0.0422894190
   -0.0284196914
   -0.0075060729
    0.0059591137
    0.0114162488
   -0.0272671367
   -0.0312611275
   -0.0268016779
   -0.0138629771
   -0.0011222401
    0.0062355270
   -0.0231621335
   -0.0224656932
   -0.0158134129
   -0.0062571841
    0.0075215913
    0.0093222200
    0.0099213996
    0.0045848826
    0.0074719586
    0.0105782217
    0.0118239030
    0.0114473929
    0.0036010898
    0.0066895261
    0.0112039183
    0.0148207190
    0.0136703443
    0.0124686820
    0.0023420970
    0.0053005527
    0.0101202284
    0.0186185722
    0.0183347121
    0.0138274903
    0.0131293514
    0.0034994078
    0.0079380279
    0.0174330274
    0.0306739145
    0.0160344333
    0.0127457319
    0.0140029653
    0.0014042476
    0.0052909544
    0.0129726745
    0.0338769616
    0.0230582584
    0.0103619222
    0.0118906568
    0.0158900282
    0.0186891629
    0.0188348247
   -0.0007066911
    0.0020219314
    0.0088591868
    0.0294709363
    0.0338913746
    0.0077032218
    0.0055020414
    0.0131595956
    0.0193212324
    0.0216520666
    0.0199708080
   -0.0012199149
    0.0028427995
    0.0264207034
    0.0187657737
   -0.0049071796
    0.0058117501
    0.0176679148
    0.0238111154
    0.0236360869
    0.0197567743
   -0.0037763517
   -0.0025292427
    0.0066925828
   -0.0071656513
   -0.0060288775
    0.0127819155
    0.0246415288
    0.0274153450
    0.0236079287
   -0.0061412999
   -0.0053424443
    0.0287403522
    0.0067761760
   -0.0125808628
    0.0057631665
    0.0231318617
    0.0309592871
    0.0279579830
    0.0217198735
   -0.0080013787
   -0.0104869204
   -0.0112724721
    0.0181374351
    0.0043118790
   -0.0094296891
    0.0012926829
    0.0191150668
    0.0323266356
    0.0324199752
    0.0253871551
   -0.0121323705
   -0.0181935421
   -0.0267929371
   -0.0353634941
   -0.0266609156
   -0.0032568753
    0.0138264333
    0.0288362974
    0.0346610384
    0.0288049445
   -0.0183663796
   -0.0307712437
   -0.0529626380
   -0.0614175567
   -0.0271979101
    0.0042083436
    0.0210970825
    0.0314164718
    0.0301830832
   -0.0267773763
   -0.0468022479
   -0.0718833960
   -0.0597463317
   -0.0171380419
    0.0098969897
    0.0234278840
    0.0275592706
    0.0238283037
   -0.0216958604
   -0.0358136356
   -0.0582455168
   -0.0694759155
   -0.0420837517
   -0.0056909370
    0.0133775025
    0.0214805500
    0.0218377025
   -0.0267495484
   -0.0418037623
   -0.0572978431
   -0.0516875883
   -0.0218811372
    0.0022420428
    0.0139509461
    0.0177391417
   -0.0298688084
   -0.0414833897
   -0.0455759667
   -0.0307391906
   -0.0085045980
    0.0060583462
    0.0125517165
   -0.0297031404
   -0.0351689029
   -0.0306566497
   -0.0158793109
   -0.0014274889
    0.0070388837
   -0.0263208388
   -0.0262038321
   -0.0185446674
   -0.0072237661
   -0.0211200156
   -0.0178571554
    0.0075695056
    0.0086155990
    0.0053148926
    0.0078028385
    0.0096354006
    0.0100189162
    0.0044409749
    0.0073699727
    0.0104241491
    0.0113961016
    0.0108358694
    0.0032109480
    0.0062032324
    0.0100689257
    0.0128465090
    0.0117369896
    0.0110236694
    0.0017257611
    0.0045349525
    0.0083954675
    0.0126651854
    0.0124696331
    0.0104791715
    0.0111060145
    0.0024480072
    0.0063283319
    0.0103929935
    0.0116467605
    0.0088074290
    0.0088790622
    0.0119139748
    0.0001384407
    0.0034687028
    0.0095142015
    0.0122742129
    0.0068644543
    0.0047562705
    0.0086229538
    0.0141184727
   -0.0019915751
   -0.0000300554
    0.0059138206
    0.0263231438
    0.0148383732
    0.0011568166
    0.0028125922
    0.0111093772
   -0.0031595588
   -0.0003458824
    0.0190863320
    0.0047968496
   -0.0030895095
    0.0058313354
    0.0159790985
    0.0212754247
   -0.0053139851
   -0.0053084554
   -0.0002236104
    0.0207526019
   -0.0050645815
    0.0000294621
    0.0124086626
    0.0213057760
    0.0233566138
   -0.0080694633
   -0.0092492241
   -0.0036399408
    0.0067012188
   -0.0081142803
   -0.0046288295
    0.0075977425
    0.0191435413
    0.0245174814
   -0.0124530185
   -0.0166354974
   -0.0197093136
   -0.0225481458
   -0.0135354012
    0.0013882808
    0.0145562499
    0.0231619149
    0.0241782370
   -0.0189679673
   -0.0283654814
   -0.0377005030
   -0.0309957968
   -0.0098353515
    0.0074104872
    0.0186473572
    0.0231413662
   -0.0271712067
   -0.0402538120
   -0.0447305093
   -0.0265403630
   -0.0033522895
    0.0115225458
    0.0192165573
   -0.0229630996
   -0.0345308981
   -0.0450166382
   -0.0389436144
   -0.0166661324
    0.0023942030
    0.0131526930
   -0.0273066539
   -0.0374067059
   -0.0402008163
   -0.0268851903
   -0.0075192521
    0.0059738116
    0.0127120279
   -0.0289378888
   -0.0343452859
   -0.0298535963
   -0.0154951889
   -0.0013465936
    0.0073774723
   -0.0220892435
   -0.0271342745
   -0.0272803297
   -0.0193358988
   -0.0074936502
   -0.0227461484
   -0.0193921732
   -0.0113324513
    0.0055880480
    0.0073478685
    0.0083091070
    0.0048970211
    0.0071471790
    0.0087118020
    0.0090703771
    0.0038119873
    0.0063107756
    0.0085096295
    0.0092538988
    0.0091712931
    0.0024093530
    0.0049714086
    0.0074472354
    0.0086669605
    0.0085423274
    0.0089118477
    0.0007922841
    0.0031949872
    0.0060859397
    0.0073528854
    0.0070828235
    0.0071683220
    0.0089786961
    0.0009816897
    0.0042475514
    0.0072354948
    0.0059218134
    0.0047451682
    0.0062422454
    0.0100801187
   -0.0013250742
    0.0012178481
    0.0067497777
    0.0095730606
    0.0034742743
    0.0027426381
    0.0069959060
   -0.0022001496
    0.0019564183
    0.0126746350
    0.0072190321
    0.0000974654
    0.0029005032
    0.0098015657
   -0.0048727781
   -0.0037524601
    0.0028245402
    0.0092233647
   -0.0010397855
   -0.0011267898
    0.0059643624
    0.0136173016
   -0.0074803317
   -0.0069168169
   -0.0027859749
   -0.0050447971
   -0.0056513639
    0.0013027380
    0.0103216564
   -0.0116148709
   -0.0134886068
   -0.0147983241
   -0.0134215684
   -0.0050251276
    0.0054715955
    0.0139835332
   -0.0175504604
   -0.0224602278
   -0.0232020078
   -0.0143757222
   -0.0014354941
    0.0092232434
   -0.0174882658
   -0.0241394017
   -0.0289582592
   -0.0242384435
   -0.0105678446
    0.0026318330
    0.0114224769
   -0.0220114913
   -0.0286282124
   -0.0294443775
   -0.0195101704
   -0.0052698468
    0.0056992871
   -0.0248946413
   -0.0287778242
   -0.0245699472
   -0.0127266071
   -0.0007189495
   -0.0204452367
   -0.0249131038
   -0.0248169437
   -0.0175013257
   -0.0066893449
   -0.0221342589
   -0.0188494248
   -0.0109579978
   -0.0177507215
    0.0049084826
    0.0064038421
    0.0072639279
    0.0040226288
    0.0057938557
    0.0069525837
    0.0074483891
    0.0028138049
    0.0047796588
    0.0061670000
    0.0067410335
    0.0072083353
    0.0013254540
    0.0034114702
    0.0051530741
    0.0056600381
    0.0058961878
    0.0069695545
    0.0015663083
    0.0039654809
    0.0049036422
    0.0044126626
    0.0049842875
    0.0073005434
   -0.0006416059
    0.0018332614
    0.0044921472
    0.0037562223
    0.0028620476
    0.0047866118
   -0.0012475106
    0.0020484929
    0.0037237664
    0.0013015789
    0.0018988327
    0.0059274165
   -0.0041425572
   -0.0024781737
    0.0005426658
   -0.0003449157
   -0.0010844020
    0.0025627684
   -0.0064220506
   -0.0054210015
   -0.0046736573
   -0.0049359743
   -0.0015077093
    0.0047522341
   -0.0100101298
   -0.0106946586
   -0.0104994108
   -0.0068349205
    0.0001729118
    0.0074029056
   -0.0147338497
   -0.0160861821
   -0.0132491097
   -0.0057314808
    0.0028154222
   -0.0190580484
   -0.0186572589
   -0.0122871344
   -0.0029148110
   -0.0190244125
   -0.0210022071
   -0.0175119724
   -0.0089696215
    0.0001459070
   -0.0203529695
   -0.0197964881
   -0.0138114419
   -0.0050756520
   -0.0193104795
   -0.0162720923
    0.0039000684
    0.0050924500
    0.0058727688
    0.0028999577
    0.0042682004
    0.0051472762
    0.0057684094
    0.0016251268
    0.0031803588
    0.0042122022
    0.0047283358
    0.0055048684
    0.0017260888
    0.0031476908
    0.0036154319
    0.0040399517
    0.0054466977
   -0.0001566904
    0.0015987170
    0.0025441455
    0.0025295714
    0.0035086979
   -0.0007615835
    0.0008362391
    0.0010196171
    0.0013604516
    0.0036523294
   -0.0033871943
   -0.0021128103
   -0.0012444002
   -0.0010599400
    0.0008800980
   -0.0053583000
   -0.0047376605
   -0.0042401666
   -0.0024503081
   -0.0082449861
   -0.0081245795
   -0.0064732594
   -0.0023497834
   -0.0114673159
   -0.0106479301
   -0.0068413266
   -0.0137513488
   -0.0111461599
   -0.0141239910
    0.0037510456
    0.0027971367
    0.0035748038
    0.0043090735
    0.0015908301
    0.0024880288
    0.0031172231
    0.0000541413
    0.0011396507
    0.0017817365
    0.0025687203
   -0.0006663971
    0.0001625257
    0.0008079173
   -0.0019818638
   -0.0012856700
    0.0000063714
   -0.0044303129
   -0.0038334370
   -0.0026413447
