    0.0116989586
    0.0128996301
    0.0121320553
    0.0105541755
    0.0114332513
    0.0104628286
    0.0086064851
    0.0098916278
    0.0091087649
    0.0080794900
    0.0062309205
    0.0079313971
    0.0070999368
    0.0063456296
    0.0054747548
    0.0050351868
    0.0041787817
    0.0037093556
    0.0032131072
    0.0022249310
    0.0016764866
    0.0016399769
   -0.0000376461
   -0.0001131532
    0.0156189941
    0.0140697549
    0.0110195986
    0.0167694016
    0.0158494912
    0.0137974025
    0.0096942857
    0.0167078102
    0.0161867594
    0.0151172137
    0.0122897136
    0.0074869559
    0.0152533670
    0.0150563500
    0.0142459341
    0.0129766905
    0.0095217945
    0.0049964322
    0.0127892007
    0.0118040758
    0.0110549156
    0.0095656286
    0.0064354143
    0.0099597900
    0.0088341943
    0.0077378892
    0.0072281960
    0.0060911655
    0.0038850736
    0.0060544867
    0.0045468724
    0.0038390205
    0.0038906229
    0.0034421608
    0.0020077632
    0.0021213386
    0.0009173603
    0.0009450464
    0.0016135443
    0.0016057269
    0.0006760618
    0.0004785290
   -0.0010292714
   -0.0015186309
   -0.0007490719
    0.0001914060
    0.0003290583
   -0.0021629268
   -0.0030784315
   -0.0027687832
   -0.0016178574
   -0.0007237539
   -0.0020813243
    0.0171551023
    0.0152248153
    0.0116630756
    0.0199212840
    0.0186395675
    0.0160275774
    0.0107951891
    0.0217731671
    0.0210322975
    0.0197950802
    0.0157617777
    0.0087104862
    0.0217318091
    0.0217716330
    0.0209702116
    0.0197103982
    0.0133495445
    0.0058325547
    0.0192575382
    0.0203819574
    0.0191663324
    0.0192299061
    0.0164095690
    0.0094550601
    0.0031099513
    0.0152565577
    0.0168949085
    0.0155918512
    0.0144850190
    0.0145446577
    0.0110525604
    0.0059174632
    0.0010908183
    0.0125411451
    0.0113525952
    0.0091465441
    0.0085896639
    0.0086614790
    0.0066977203
    0.0033719825
   -0.0001985574
    0.0086220358
    0.0075504290
    0.0048931218
    0.0030397552
    0.0034042477
    0.0044897109
    0.0038665797
    0.0015023749
    0.0046272530
    0.0021021505
   -0.0004653826
   -0.0013004853
    0.0003946369
    0.0020801865
    0.0018094212
    0.0002248948
    0.0003766522
   -0.0022615375
   -0.0039610819
   -0.0033227325
   -0.0009441711
    0.0005028181
    0.0003149861
   -0.0031010510
   -0.0050787673
   -0.0054941469
   -0.0037663706
   -0.0016073829
   -0.0005947538
   -0.0004852702
   -0.0054251570
   -0.0064025482
   -0.0056489858
   -0.0036721336
   -0.0020352082
   -0.0012102933
   -0.0066196990
   -0.0052793407
   -0.0035601721
   -0.0023032235
   -0.0049137939
   -0.0035288633
    0.0170500197
    0.0148338209
    0.0111342884
    0.0210530266
    0.0192399311
    0.0160873895
    0.0104681380
    0.0230156418
    0.0251977496
    0.0238522758
    0.0218790328
    0.0169041286
    0.0085687319
    0.0227882849
    0.0281195848
    0.0280968685
    0.0266644290
    0.0252093871
    0.0157580921
    0.0054567402
    0.0200581621
    0.0274803285
    0.0305817789
    0.0284174783
    0.0309408169
    0.0254362644
    0.0118634087
    0.0020790166
    0.0229250370
    0.0285659725
    0.0270478358
    0.0269521860
    0.0315959244
    0.0186588177
    0.0073952057
   -0.0005201984
    0.0170473822
    0.0221648180
    0.0221013211
    0.0188536234
    0.0219771429
    0.0204498965
    0.0114183937
    0.0042062712
   -0.0019819900
    0.0152056236
    0.0153662653
    0.0110608747
    0.0092328263
    0.0112925659
    0.0106181055
    0.0073487442
    0.0020132685
   -0.0024000054
    0.0098491382
    0.0097040195
    0.0055495742
    0.0013679816
    0.0003613093
    0.0037707772
    0.0061511671
    0.0045989587
    0.0003221897
    0.0056845147
    0.0025213022
   -0.0022629840
   -0.0053896885
   -0.0041805428
    0.0010000113
    0.0035398418
    0.0018560142
   -0.0004918930
    0.0006031401
   -0.0034153262
   -0.0070975310
   -0.0083901603
   -0.0046110208
   -0.0002007244
    0.0010789492
    0.0001122217
   -0.0004011886
   -0.0007034856
   -0.0038463886
   -0.0072096943
   -0.0093250062
   -0.0080516385
   -0.0039288252
   -0.0011840110
   -0.0004725489
   -0.0003864182
   -0.0040309898
   -0.0069163141
   -0.0091053529
   -0.0092818610
   -0.0066209269
   -0.0034961749
   -0.0018152548
   -0.0010096378
   -0.0085861739
   -0.0094234648
   -0.0081633474
   -0.0055122132
   -0.0033777301
   -0.0020894915
   -0.0088174750
   -0.0070740448
   -0.0049888110
   -0.0034232711
   -0.0064152689
   -0.0048398265
    0.0198339202
    0.0177475163
    0.0144533150
    0.0092282879
    0.0232215851
    0.0251225437
    0.0232036128
    0.0202553301
    0.0151452494
    0.0071714395
    0.0247685633
    0.0308692186
    0.0303027452
    0.0271907327
    0.0241555761
    0.0146432674
    0.0036570937
   -0.0054819924
   -0.0106532916
    0.0234317907
    0.0340478845
    0.0389682181
    0.0343844886
    0.0362031548
    0.0284607150
    0.0115511999
   -0.0006988778
   -0.0090792792
   -0.0119236108
    0.0312188897
    0.0442993717
    0.0416681572
    0.0417287579
    0.0579160414
    0.0250248702
    0.0066972972
   -0.0045329176
   -0.0107547251
   -0.0110242973
    0.0242369118
    0.0383466829
    0.0443455519
    0.0370808315
    0.0512191801
    0.0157814694
    0.0026417204
   -0.0066231764
   -0.0099988177
    0.0172621317
    0.0264085598
    0.0343532741
    0.0275813438
    0.0324295768
    0.0232373251
    0.0103314947
    0.0002847988
   -0.0066102911
   -0.0074422749
    0.0167590198
    0.0209670960
    0.0150292799
    0.0107198686
    0.0181302240
    0.0177395769
    0.0135716496
    0.0084227798
   -0.0011935017
   -0.0049715320
    0.0104497499
    0.0120614871
    0.0076612224
   -0.0018069298
   -0.0024812019
   -0.0005422440
    0.0071334558
    0.0122585401
    0.0047324603
   -0.0017267565
    0.0066509911
    0.0038579981
   -0.0040908174
   -0.0101294540
   -0.0131369048
   -0.0049333132
    0.0052291234
    0.0069549981
    0.0009536945
   -0.0010485055
    0.0034254762
    0.0011677775
   -0.0039745079
   -0.0101608445
   -0.0149459170
   -0.0133842908
   -0.0034615608
    0.0020664700
    0.0013218879
   -0.0002421738
   -0.0005074839
   -0.0042374835
   -0.0090540439
   -0.0132306911
   -0.0148376924
   -0.0091126744
   -0.0029184435
   -0.0007521989
   -0.0005258618
    0.0001584229
   -0.0043699818
   -0.0082076900
   -0.0117460118
   -0.0137123040
   -0.0115611457
   -0.0061467186
   -0.0028850952
   -0.0016183684
   -0.0005162465
    0.0009196377
    0.0018604479
   -0.0073662325
   -0.0104941079
   -0.0125172344
   -0.0121005252
   -0.0085871880
   -0.0048400256
   -0.0029871121
   -0.0016454097
    0.0000184681
    0.0013986754
   -0.0113370167
   -0.0118493320
   -0.0100883123
   -0.0070018661
   -0.0046671421
   -0.0031287762
   -0.0013138364
    0.0004564644
    0.0014970743
   -0.0106302063
   -0.0087163041
   -0.0065559307
   -0.0048532170
    0.0006468631
   -0.0080658608
   -0.0065159292
    0.0153924779
    0.0125461039
    0.0081502763
    0.0019710370
    0.0220253280
    0.0201148860
    0.0170653788
    0.0126359475
    0.0057687274
   -0.0025664478
   -0.0093264912
   -0.0118284467
    0.0234021425
    0.0281810740
    0.0271177287
    0.0232016032
    0.0190724094
    0.0115917339
    0.0014933768
   -0.0084187349
   -0.0139978263
   -0.0138032713
    0.0238181851
    0.0340349759
    0.0381670772
    0.0320960831
    0.0286632345
    0.0216131241
    0.0085037531
   -0.0044572109
   -0.0143213845
   -0.0168416559
   -0.0137260825
    0.0216216401
    0.0351785101
    0.0523119412
    0.0475529887
    0.0405486983
    0.0463644046
    0.0214548144
    0.0032351586
   -0.0107950709
   -0.0181295317
   -0.0166755117
    0.0299781493
    0.0557082788
    0.0748560158
    0.0525484425
    0.0680693808
    0.0151714901
   -0.0025428232
   -0.0151817076
   -0.0180327206
   -0.0137002174
    0.0225109673
    0.0415457528
    0.0824928396
    0.0686049199
    0.0381084401
    0.0088619012
   -0.0065267875
   -0.0155179781
   -0.0142251223
   -0.0093594961
    0.0160631266
    0.0264281967
    0.0481903931
    0.0609239850
    0.0529612253
    0.0201269170
    0.0073356310
   -0.0076764232
   -0.0119082810
   -0.0088091122
    0.0165163189
    0.0248123144
    0.0273290079
    0.0135821678
    0.0230893970
    0.0271152872
    0.0060113788
   -0.0063695320
   -0.0066218241
    0.0103836129
    0.0133608027
    0.0125491383
   -0.0045030761
   -0.0033583107
    0.0079889972
    0.0274518728
    0.0310469260
    0.0011566729
   -0.0034441518
   -0.0019785527
    0.0065559213
    0.0072070622
    0.0057535239
   -0.0034614908
   -0.0157315576
   -0.0173720081
   -0.0175589303
    0.0044923571
    0.0320085127
    0.0085355302
   -0.0007898600
   -0.0002789988
    0.0038226244
    0.0017907076
   -0.0034746902
   -0.0123779057
   -0.0189573255
   -0.0259125969
   -0.0118735037
    0.0042629220
    0.0063828136
    0.0001713106
    0.0001772386
    0.0020634399
    0.0025743836
   -0.0001496171
   -0.0043361562
   -0.0103646087
   -0.0161861449
   -0.0214292135
   -0.0187026081
   -0.0055700139
   -0.0008787565
   -0.0009809861
   -0.0004241739
    0.0018667307
    0.0032482750
    0.0030022585
   -0.0008878820
   -0.0044440907
   -0.0092780183
   -0.0141388940
   -0.0178505006
   -0.0182489569
   -0.0107420280
   -0.0033487028
   -0.0022607779
   -0.0014124730
    0.0008384499
    0.0029229621
    0.0034466384
   -0.0039447303
   -0.0080128495
   -0.0122706455
   -0.0155921186
   -0.0166875116
   -0.0132309825
   -0.0066289995
   -0.0031924975
   -0.0025738830
   -0.0005615622
    0.0018557871
    0.0031086218
    0.0030482348
   -0.0065648659
   -0.0103354662
   -0.0135364832
   -0.0151836642
   -0.0140198446
   -0.0099198270
   -0.0058238462
   -0.0042431779
   -0.0024306947
    0.0002689219
    0.0021619381
    0.0027682711
   -0.0134959516
   -0.0137120442
   -0.0117516060
   -0.0087659289
   -0.0066059913
   -0.0047611103
   -0.0019037642
    0.0007160283
    0.0020313282
    0.0022145026
   -0.0105346476
   -0.0087815043
   -0.0070689712
   -0.0044277372
   -0.0012945774
    0.0008661686
    0.0016700329
   -0.0036314343
   -0.0008035414
    0.0007613067
    0.0048937803
    0.0001765202
    0.0111337581
    0.0077542017
    0.0022426491
   -0.0039075739
    0.0166176675
    0.0143259473
    0.0111209528
    0.0054912314
   -0.0025682871
   -0.0094193359
   -0.0119957212
    0.0227526094
    0.0216891705
    0.0185588052
    0.0151286948
    0.0097261333
    0.0006322036
   -0.0096753692
   -0.0155060748
   -0.0150703813
    0.0281759723
    0.0299774362
    0.0251259230
    0.0205585755
    0.0152568853
    0.0058827674
   -0.0071880533
   -0.0181697626
   -0.0203631974
   -0.0161003423
    0.0317562682
    0.0429509121
    0.0379306510
    0.0287259750
    0.0244081700
    0.0137554010
   -0.0008780261
   -0.0172433199
   -0.0254606961
   -0.0219305264
   -0.0147508029
    0.0304527706
    0.0545249675
    0.0696087186
    0.0442128105
    0.0439436857
    0.0317704111
    0.0092660344
   -0.0099887918
   -0.0266562929
   -0.0279303218
   -0.0195027181
    0.0252416396
    0.0497457050
    0.0952622230
    0.0712728045
    0.0286478986
    0.0027247356
   -0.0190570616
   -0.0303164398
   -0.0240761396
   -0.0143968573
    0.0193255720
    0.0350837071
    0.0950745057
    0.1134065191
    0.0178297647
   -0.0026779047
   -0.0232371352
   -0.0254576347
   -0.0162474805
    0.0142631690
    0.0231555251
    0.0456165482
    0.0398565524
    0.0199311264
   -0.0045289017
   -0.0194195620
   -0.0154024392
   -0.0083315584
    0.0152383908
    0.0238967484
    0.0396606547
   -0.0051876792
   -0.0105996102
   -0.0058975365
    0.0099664740
    0.0133431131
    0.0165122824
    0.0068717867
    0.0368141205
    0.0242184670
   -0.0039018162
   -0.0022696585
    0.0002015681
    0.0064947166
    0.0075287471
    0.0069406853
    0.0012721915
   -0.0158430398
   -0.0113643242
    0.0120543270
    0.0018084602
   -0.0003765882
    0.0028918299
    0.0031887064
    0.0042748235
    0.0024334224
   -0.0026842329
   -0.0120021649
   -0.0194524910
   -0.0267197416
   -0.0208563943
    0.0180290567
    0.0043150003
   -0.0012876834
    0.0032335273
    0.0052124635
    0.0041892121
    0.0005300948
   -0.0042129141
   -0.0114197878
   -0.0185323304
   -0.0239772091
   -0.0284717680
   -0.0094993078
    0.0118981261
    0.0015353766
   -0.0023948122
    0.0012972109
    0.0053690731
    0.0056852492
    0.0040179455
   -0.0001754949
   -0.0040314595
   -0.0101577837
   -0.0165339849
   -0.0215136293
   -0.0245946509
   -0.0182028056
   -0.0004033709
    0.0054753473
   -0.0023000747
   -0.0004381279
    0.0038816912
    0.0057382116
    0.0050283455
    0.0032986063
   -0.0032909314
   -0.0081823416
   -0.0139087556
   -0.0186140075
   -0.0214277687
   -0.0194098058
   -0.0100054979
    0.0014239323
   -0.0014499795
   -0.0017572385
    0.0020095922
    0.0045345987
    0.0049948824
    0.0039264036
   -0.0062068099
   -0.0110467504
   -0.0155745664
   -0.0186033734
   -0.0187150704
   -0.0143093968
   -0.0072315626
   -0.0039784366
   -0.0040219103
   -0.0004580412
    0.0028421438
    0.0040932543
    0.0039114679
    0.0028584481
   -0.0084011053
   -0.0125196337
   -0.0157510431
   -0.0170916027
   -0.0155815612
   -0.0118802031
   -0.0086176106
   -0.0072595359
   -0.0040305381
    0.0003866962
    0.0028330016
    0.0033794194
    0.0028699823
   -0.0149068307
   -0.0150748059
   -0.0135310416
   -0.0115952901
   -0.0102017020
   -0.0077119445
   -0.0030884108
    0.0009087996
    0.0025385770
    0.0025566636
   -0.0136018819
   -0.0134159220
   -0.0117917235
   -0.0102535072
   -0.0065995829
   -0.0019628434
    0.0010895806
    0.0019370167
   -0.0050129958
   -0.0011674330
    0.0008102562
   -0.0008926019
    0.0078758495
    0.0050415018
    0.0010010990
    0.0101368768
    0.0077089638
    0.0030259828
   -0.0025409666
    0.0124650593
    0.0106163295
    0.0062831675
   -0.0012385049
   -0.0078022040
    0.0170013870
    0.0151558348
    0.0132750879
    0.0101224390
    0.0018921616
   -0.0084645998
   -0.0143605989
   -0.0143125121
    0.0214262451
    0.0218857030
    0.0190118939
    0.0160804857
    0.0132852411
    0.0065242417
   -0.0069263675
   -0.0184188446
   -0.0207344227
   -0.0165025173
    0.0248179496
    0.0294283771
    0.0258954063
    0.0200911843
    0.0163336957
    0.0109069229
   -0.0021086016
   -0.0202777712
   -0.0290770450
   -0.0244911958
   -0.0163118334
    0.0259586273
    0.0384407695
    0.0410141432
    0.0276788778
    0.0209189188
    0.0155421071
    0.0049202671
   -0.0158330224
   -0.0363385012
   -0.0357411654
   -0.0238380180
   -0.0139360318
    0.0240041480
    0.0418617661
    0.0726229565
    0.0522433870
    0.0308323225
    0.0263309674
    0.0130481900
   -0.0041335831
   -0.0340337272
   -0.0475409771
   -0.0343105055
   -0.0192581405
    0.0202403940
    0.0358682785
    0.0887257669
    0.0676216110
    0.0348355325
    0.0093498072
   -0.0162605984
   -0.0486646732
   -0.0455791927
   -0.0257773396
   -0.0130052431
    0.0161421152
    0.0270352582
    0.0586902059
    0.0261701622
    0.0068312775
   -0.0276246356
   -0.0478120889
   -0.0313365870
   -0.0150683191
    0.0123443644
    0.0196117062
    0.0345456811
    0.0972102678
    0.0262179773
    0.0090995118
   -0.0285711585
   -0.0298374771
   -0.0145938102
   -0.0064388036
    0.0137507427
    0.0214077523
    0.0360699854
    0.0607402825
    0.0101487518
   -0.0166031146
   -0.0092509481
   -0.0030059374
    0.0093158148
    0.0131487216
    0.0171589549
    0.0219073616
    0.0006845955
   -0.0021159412
    0.0030026456
    0.0027454156
    0.0078432075
    0.0079699191
    0.0047378382
    0.0006308547
    0.0133585596
    0.0252667364
   -0.0020648878
    0.0066715974
    0.0075848520
    0.0049189989
    0.0047162726
    0.0035634592
   -0.0020096980
   -0.0106861948
   -0.0132922974
   -0.0096394688
   -0.0047072736
    0.0019319274
    0.0099380820
    0.0086150854
    0.0051630018
    0.0016107277
   -0.0032615280
   -0.0126475583
   -0.0211091539
   -0.0247052870
   -0.0283340239
   -0.0100678136
   -0.0016032281
   -0.0039772334
    0.0072533996
    0.0104294301
    0.0078331981
    0.0043951820
    0.0007580170
   -0.0028026683
   -0.0103095935
   -0.0193700966
   -0.0253279375
   -0.0296372455
   -0.0264415470
   -0.0032907259
    0.0116799609
   -0.0033319851
    0.0036849849
    0.0088799900
    0.0090311580
    0.0060456742
   -0.0021146187
   -0.0073984237
   -0.0151372782
   -0.0216965295
   -0.0261011794
   -0.0265348496
   -0.0168172283
    0.0075351781
    0.0189946845
   -0.0020941312
    0.0018290396
    0.0064198958
    0.0076417665
    0.0066508632
    0.0042745469
   -0.0051299788
   -0.0109304710
   -0.0172756966
   -0.0218680305
   -0.0239157739
   -0.0203108468
   -0.0113467535
   -0.0013025376
   -0.0048364101
   -0.0022897255
    0.0038740196
    0.0056602604
    0.0058238073
    0.0046203312
    0.0029212968
   -0.0076573946
   -0.0129180381
   -0.0176558279
   -0.0205150113
   -0.0201171940
   -0.0161850205
   -0.0117362276
   -0.0105016271
   -0.0085221867
   -0.0010889167
    0.0038740063
    0.0048404084
    0.0043497060
    0.0031437196
   -0.0093399056
   -0.0136027193
   -0.0168848748
   -0.0181366988
   -0.0169621309
   -0.0149616017
   -0.0141754087
   -0.0131972228
   -0.0074473591
    0.0001457509
    0.0039255017
    0.0039668305
    0.0030599139
   -0.0133699824
   -0.0154160515
   -0.0158297280
   -0.0152615372
   -0.0150924276
   -0.0150364597
   -0.0119949757
   -0.0050822726
    0.0012296182
    0.0032787337
    0.0027707174
    0.0019532502
   -0.0138450774
   -0.0142086642
   -0.0137457978
   -0.0092537184
   -0.0029420743
    0.0012605095
    0.0020737661
    0.0016334930
   -0.0065677115
   -0.0018183260
    0.0005822300
    0.0009807453
   -0.0015147944
    0.0072562743
    0.0050288081
    0.0017827114
    0.0092159736
    0.0074370793
    0.0037097391
   -0.0009088300
    0.0111006680
    0.0101553179
    0.0069431155
    0.0005597994
   -0.0052093862
    0.0129380866
    0.0124106439
    0.0113148965
    0.0041691641
   -0.0054711643
   -0.0110915174
    0.0151377876
    0.0140133753
    0.0143837573
    0.0109953906
   -0.0036279839
   -0.0147763201
   -0.0176885757
   -0.0147788754
    0.0203240962
    0.0184709902
    0.0157811492
    0.0148572860
    0.0159308786
    0.0025335237
   -0.0175176924
   -0.0264552032
   -0.0229764926
   -0.0158054048
    0.0252328412
    0.0244866806
    0.0186567298
    0.0152232905
    0.0144518129
    0.0090990650
   -0.0152561765
   -0.0373986989
   -0.0366782627
   -0.0246203339
   -0.0146323556
    0.0291591151
    0.0354622786
    0.0251852376
    0.0161608663
    0.0129994898
    0.0099366640
   -0.0059782046
   -0.0424919431
   -0.0571906118
   -0.0395846551
   -0.0219340114
    0.0186111079
    0.0291718025
    0.0476590028
    0.0488783001
    0.0188516614
    0.0145396712
    0.0091588101
    0.0037189198
   -0.0276211548
   -0.0707469855
   -0.0626988694
   -0.0335008631
   -0.0164350378
    0.0161399590
    0.0257113630
    0.0467726760
    0.0350535630
    0.0222180530
    0.0076845363
    0.0004442115
   -0.0518955131
   -0.0785582631
   -0.0504768551
   -0.0224392980
   -0.0104368617
    0.0132780256
    0.0212164130
    0.0364970179
    0.0903628518
    0.0260603366
    0.0165045232
   -0.0051724026
   -0.0640906209
   -0.0662345952
   -0.0286495764
   -0.0117749547
    0.0165122498
    0.0277057973
    0.0502542786
    0.0308383673
    0.0319650924
   -0.0157906998
   -0.0570222748
   -0.0294694649
   -0.0103512450
    0.0119848589
    0.0199021562
    0.0325432006
    0.0617302716
    0.0472967770
   -0.0143967418
   -0.0150293690
   -0.0019858739
   -0.0001767564
    0.0083434514
    0.0127111258
    0.0200240723
    0.0273771699
    0.0304835643
    0.0018217646
    0.0140801171
    0.0085453141
    0.0041330055
    0.0078027893
    0.0099752169
    0.0090067305
    0.0156482015
    0.0017363343
    0.0150200412
    0.0190269101
    0.0108743757
    0.0054000254
    0.0049104084
    0.0050116300
    0.0007416931
   -0.0082559693
   -0.0023885321
    0.0125901045
   -0.0090053357
    0.0177995446
    0.0177609671
    0.0105840686
    0.0050550812
    0.0027576670
   -0.0008486130
   -0.0119167827
   -0.0241583319
   -0.0223660938
   -0.0148901327
    0.0019210933
   -0.0137346366
    0.0042996275
    0.0184851719
    0.0163762715
    0.0085177429
    0.0040191965
   -0.0008607279
   -0.0084141846
   -0.0216786265
   -0.0296816489
   -0.0327324560
   -0.0294183909
   -0.0115459620
   -0.0002221356
    0.0016795210
    0.0136875314
    0.0176610433
    0.0118748397
    0.0059546798
   -0.0006636781
   -0.0053292458
   -0.0147425002
   -0.0249920321
   -0.0299320003
   -0.0334503981
   -0.0254374387
   -0.0047133438
    0.0081907735
    0.0025886512
    0.0120681114
    0.0122196476
    0.0118309653
    0.0073326736
    0.0039840249
   -0.0034232428
   -0.0094031963
   -0.0179856937
   -0.0248600630
   -0.0289227163
   -0.0276763376
   -0.0182119510
   -0.0056371118
   -0.0035588255
   -0.0076761790
    0.0064597455
    0.0098244074
    0.0082233268
    0.0070656845
    0.0046433381
   -0.0060718849
   -0.0121090407
   -0.0187890857
   -0.0236126973
   -0.0251562919
   -0.0214834576
   -0.0164706158
   -0.0155098412
   -0.0175882966
   -0.0068473705
    0.0056251564
    0.0082248321
    0.0061864249
    0.0046995679
    0.0030041234
   -0.0081064211
   -0.0133402068
   -0.0182057972
   -0.0210657372
   -0.0207065332
   -0.0185109150
   -0.0185162748
   -0.0210046742
   -0.0172332729
   -0.0039001286
    0.0069770302
    0.0072390449
    0.0046355180
    0.0030963120
   -0.0093282007
   -0.0134562025
   -0.0167257477
   -0.0180912601
   -0.0177740944
   -0.0180260188
   -0.0201822491
   -0.0203873032
   -0.0125610201
   -0.0002964905
    0.0065625513
    0.0048604012
    0.0030167675
   -0.0128571713
   -0.0149330326
   -0.0157887465
   -0.0163890387
   -0.0179581668
   -0.0193156845
   -0.0163173265
   -0.0076269759
    0.0013029965
    0.0038755704
    0.0027162653
    0.0017126590
   -0.0163666115
   -0.0116581453
   -0.0043803897
    0.0007233309
    0.0017107637
    0.0012678435
   -0.0080076908
   -0.0029513205
   -0.0002090724
    0.0048334808
    0.0082540670
    0.0068614413
    0.0040492871
    0.0004875754
    0.0098812568
    0.0092188410
    0.0067826967
    0.0020282349
   -0.0025987878
    0.0113372275
    0.0113409039
    0.0107599387
    0.0053784755
   -0.0021633698
   -0.0071167290
    0.0127600633
    0.0127218018
    0.0146223171
    0.0135684058
    0.0002360565
   -0.0092318687
   -0.0127399501
    0.0137022273
    0.0151991911
    0.0270278360
    0.0114782036
   -0.0107895816
   -0.0191229257
   -0.0182208367
    0.0175677661
    0.0170215436
    0.0148814177
    0.0141825742
    0.0234040792
    0.0426728494
   -0.0069446460
   -0.0282769948
   -0.0298627185
   -0.0215292972
    0.0200259855
    0.0210588141
    0.0168483541
    0.0135086083
    0.0141530384
    0.0322782254
    0.0085119974
   -0.0358259989
   -0.0508277514
   -0.0364785708
   -0.0212234391
    0.0213660983
    0.0263475665
    0.0215773011
    0.0118672623
    0.0100433029
    0.0112718389
    0.0123179483
   -0.0265557907
   -0.0767975557
   -0.0651493509
   -0.0349963712
   -0.0176826395
    0.0209600170
    0.0297915289
    0.0327599324
    0.0102155393
    0.0039997230
    0.0039212856
    0.0038497272
   -0.0007091422
   -0.0602752233
   -0.0268800380
   -0.0126245175
    0.0192874145
    0.0290733753
    0.0431892521
    0.0307958193
   -0.0040730446
    0.0059253665
   -0.0036653680
    0.0115157157
    0.0024503028
   -0.0414670426
   -0.0167320485
    0.0167116408
    0.0267762792
    0.0411484136
    0.0680480064
    0.0059108417
   -0.0603260750
   -0.0205057971
   -0.0082918786
    0.0133384094
    0.0233505317
    0.0399498386
    0.0616357571
    0.0515486052
   -0.0620490114
   -0.0185872316
   -0.0061800892
    0.0099198262
    0.0171011515
    0.0391629238
    0.0601101239
    0.0503105621
   -0.0149522735
    0.0065900047
    0.0032902315
    0.0010593458
    0.0111188531
    0.0222171651
    0.0375179624
    0.0290474245
    0.0097436156
    0.0039809106
    0.0071598360
    0.0107091064
    0.0210280809
    0.0667984879
    0.0245653703
    0.0108541498
    0.0046278224
    0.0058201515
    0.0052066263
    0.0013680378
    0.0389905504
    0.0373446207
    0.0226920151
    0.0097311829
    0.0041062480
    0.0035140665
    0.0020453339
   -0.0065898397
   -0.0189086401
   -0.0158372503
    0.0075849607
    0.0105955822
    0.0056475271
    0.0319864427
    0.0420520494
    0.0190092037
    0.0072430335
    0.0010819098
   -0.0042581329
   -0.0192758779
   -0.0340467211
   -0.0299642538
   -0.0202021765
   -0.0010580041
    0.0131263690
    0.0288372884
    0.0146898217
    0.0321358151
    0.0410442162
    0.0374424936
    0.0113373030
    0.0049179498
   -0.0024742058
   -0.0112141819
   -0.0263233873
   -0.0340413077
   -0.0362621740
   -0.0303525906
   -0.0140788655
    0.0139990142
    0.0028010873
    0.0402587362
    0.0327980142
    0.0345821347
    0.0148036132
    0.0065094035
    0.0032778446
   -0.0015283107
   -0.0064227023
   -0.0161292925
   -0.0271341384
   -0.0331664426
   -0.0350200380
   -0.0252547377
   -0.0149888742
   -0.0125082042
   -0.0237297248
    0.0078618279
    0.0270403111
    0.0225131057
    0.0121031121
    0.0070666768
    0.0040436729
   -0.0039327464
   -0.0096923806
   -0.0181469455
   -0.0258695128
   -0.0302279303
   -0.0276665571
   -0.0210885680
   -0.0216460995
   -0.0318604134
   -0.0263335259
    0.0050755024
    0.0251611410
    0.0142952003
    0.0065642970
    0.0043780401
    0.0025703341
   -0.0061001849
   -0.0116626457
   -0.0181829111
   -0.0232943172
   -0.0246270632
   -0.0219829234
   -0.0216638655
   -0.0287173780
   -0.0343550525
   -0.0182474066
    0.0094571414
    0.0271322842
    0.0085403177
    0.0044493720
    0.0027639628
   -0.0076755008
   -0.0123926767
   -0.0170141395
   -0.0198409138
   -0.0200145217
   -0.0199886285
   -0.0238191873
   -0.0299506213
   -0.0268765701
   -0.0085980368
    0.0140336831
    0.0123013902
    0.0048763536
    0.0027650172
   -0.0122270539
   -0.0152733418
   -0.0168604693
   -0.0176138896
   -0.0197735249
   -0.0239872161
   -0.0255046188
   -0.0173369337
   -0.0020238112
    0.0076926336
    0.0049997106
    0.0026080880
   -0.0115691607
   -0.0136121076
   -0.0149495065
   -0.0165344746
   -0.0192066696
   -0.0213982881
   -0.0189092259
   -0.0101623192
   -0.0005004060
    0.0028217071
    0.0020172560
   -0.0172913091
   -0.0130692871
   -0.0061839992
   -0.0009717496
    0.0005905820
   -0.0043338854
   -0.0014553680
    0.0061837607
    0.0040923820
    0.0087279230
    0.0081268124
    0.0062630295
    0.0029252101
   -0.0005985378
    0.0099987966
    0.0100119069
    0.0091807410
    0.0055832317
    0.0004071206
   -0.0036904742
    0.0111004075
    0.0114249103
    0.0123152186
    0.0107640228
    0.0028102790
   -0.0041099185
   -0.0078393042
    0.0123330770
    0.0139234883
    0.0219238660
    0.0115847485
   -0.0038455764
   -0.0109913609
   -0.0124673479
    0.0130368623
    0.0136567238
    0.0281554018
    0.0018740727
   -0.0154578844
   -0.0196365610
   -0.0162449979
    0.0149668456
    0.0137846862
    0.0131881778
    0.0175439026
   -0.0190858794
   -0.0326963202
   -0.0271922517
   -0.0177118707
    0.0170917239
    0.0150574175
    0.0122867590
    0.0124853066
    0.0347670455
   -0.0060142564
   -0.0541267551
   -0.0498926039
   -0.0297309874
   -0.0163908302
    0.0159810888
    0.0191949605
    0.0178528719
    0.0104980296
    0.0085909737
    0.0106115520
    0.0335424520
    0.0246682090
   -0.0591919826
   -0.0906615644
   -0.0544413576
   -0.0261665211
   -0.0130818196
    0.0156508184
    0.0203370793
    0.0221580710
    0.0106673153
   -0.0004206965
    0.0037472561
    0.0025489428
    0.0179702966
    0.0052307655
   -0.0872585861
   -0.0442736029
   -0.0189759432
    0.0146231888
    0.0206088220
    0.0252956765
    0.0192901846
   -0.0099462909
   -0.0071500416
   -0.0042186682
   -0.0025012190
   -0.0739920330
   -0.0276361133
   -0.0114627695
    0.0127750458
    0.0202344399
    0.0285489854
    0.0300976939
    0.0131837655
   -0.0097879138
   -0.0025499015
   -0.0087926332
   -0.0382706971
   -0.0129637487
    0.0103447838
    0.0175233673
    0.0364572025
    0.0462414389
    0.0563885268
    0.0340672705
   -0.0017495137
    0.0301435676
   -0.0372042204
   -0.0094721410
   -0.0036728845
    0.0129667427
    0.0306993075
    0.0146012930
    0.0034756283
    0.0010431838
    0.0089618899
    0.0168614613
    0.0227461579
    0.0075736436
    0.0029666080
    0.0093742800
    0.0204086469
    0.0645370357
    0.0204807060
    0.0082042633
    0.0033339491
    0.0057339256
    0.0073628340
    0.0107378072
    0.0463766469
    0.0190746906
    0.0070266260
    0.0039071019
    0.0005327862
   -0.0082351326
    0.0531231288
    0.0136516536
    0.0052075546
    0.0023848769
    0.0000832218
   -0.0103569026
   -0.0279671294
   -0.0232141823
   -0.0031496962
    0.0266798226
    0.0191094708
    0.0327075176
    0.0081002208
    0.0036333216
    0.0000992186
   -0.0054497021
   -0.0203681099
   -0.0353023772
   -0.0346956772
   -0.0178659097
   -0.0041423254
   -0.0118289050
   -0.0204781063
    0.0111265342
    0.0049693940
   -0.0029457272
   -0.0109732151
   -0.0250193656
   -0.0363213620
   -0.0405419058
   -0.0250635496
   -0.0155798839
   -0.0228028399
   -0.0507777413
   -0.0165444539
    0.0119640259
    0.0058261416
    0.0031772461
   -0.0018235180
   -0.0061120241
   -0.0145559881
   -0.0255236606
   -0.0339726577
   -0.0343627664
   -0.0245371843
   -0.0227278692
   -0.0428936309
   -0.0616126972
   -0.0162612630
    0.0467751443
    0.0141868182
    0.0058869849
    0.0036261325
   -0.0037877393
   -0.0086086783
   -0.0159028213
   -0.0235795533
   -0.0279493401
   -0.0255401018
   -0.0226177808
   -0.0313289022
   -0.0515119280
   -0.0511996035
   -0.0067265616
    0.0066661323
    0.0037776632
    0.0022453334
   -0.0054985262
   -0.0100571090
   -0.0156277658
   -0.0202861690
   -0.0217212218
   -0.0209904369
   -0.0243832969
   -0.0357333708
   -0.0452774478
   -0.0299537212
    0.0103619006
    0.0105590865
    0.0039105801
    0.0022781039
   -0.0067166652
   -0.0105468024
   -0.0144311708
   -0.0170476387
   -0.0180775126
   -0.0199753108
   -0.0257812713
   -0.0332921943
   -0.0316602065
   -0.0137938225
    0.0098259897
    0.0106178927
    0.0040674227
    0.0021214036
   -0.0103875045
   -0.0130226032
   -0.0148312794
   -0.0165250344
   -0.0197490954
   -0.0245012959
   -0.0264392410
   -0.0195814261
   -0.0060304690
    0.0032452546
    0.0030606271
    0.0016820877
   -0.0209336541
   -0.0190364045
   -0.0118387544
   -0.0036359484
    0.0002583991
    0.0006992569
   -0.0076231537
   -0.0029804305
   -0.0008845031
    0.0070941761
    0.0056553735
    0.0032771984
    0.0087392028
    0.0078768845
    0.0054242453
    0.0018833719
   -0.0013499602
    0.0101395475
    0.0102519362
    0.0086592664
    0.0041947611
   -0.0006874804
   -0.0041401760
    0.0111281493
    0.0120137081
    0.0132679864
    0.0088162459
    0.0010347466
   -0.0048459483
   -0.0075527884
    0.0117607005
    0.0127056325
    0.0174984472
    0.0252799585
    0.0057850645
   -0.0049966494
   -0.0106920338
    0.0121542331
    0.0128304705
    0.0159992251
   -0.0026572202
   -0.0153612090
   -0.0170321101
    0.0124770846
    0.0125157107
    0.0136894979
    0.0212580179
   -0.0213656805
   -0.0287013109
   -0.0212401979
    0.0135754607
    0.0130742317
    0.0115533084
    0.0122863402
    0.0178487335
   -0.0189971239
   -0.0527635618
   -0.0377066262
   -0.0213699372
    0.0122299059
    0.0143127023
    0.0142402155
    0.0105655324
    0.0087199161
    0.0125036521
    0.0328681955
   -0.0798836377
   -0.0734067356
   -0.0366639591
   -0.0178360275
    0.0118712821
    0.0147971099
    0.0156895741
    0.0112710224
    0.0029598707
    0.0060996957
    0.0129916598
   -0.0668492241
   -0.0278112006
   -0.0126257750
    0.0110181066
    0.0150364016
    0.0173577444
    0.0140765963
    0.0007850559
   -0.0055328561
    0.0070092116
    0.0137722156
   -0.0444614785
   -0.0168907496
    0.0143984125
    0.0206963960
    0.0187988346
    0.0084738211
   -0.0090368409
   -0.0022765057
    0.0114719922
   -0.0638168436
   -0.0206830576
   -0.0080252934
    0.0122778217
    0.0224970525
    0.0435810324
    0.0263698964
    0.0100232738
    0.0038289213
    0.0274500203
   -0.0164555545
   -0.0052725543
    0.0095012954
    0.0174604485
    0.0345267251
    0.0192126441
    0.0705386561
    0.0451588731
    0.0333459807
    0.0072957830
    0.0020385311
    0.0114867097
    0.0325042802
    0.0512284926
    0.0125294558
    0.0047631832
    0.0075695240
    0.0132129034
    0.0334558614
    0.0128101298
    0.0052085762
    0.0072170353
    0.0111315932
    0.0626697524
    0.0653780622
    0.0334710026
    0.0111228473
    0.0045148904
    0.0044862452
    0.0047746784
    0.0024391816
    0.0312671893
    0.0291283324
    0.0079726676
    0.0034806995
    0.0027827905
   -0.0007921945
   -0.0080350079
    0.0268734921
   -0.0118439893
    0.0243661660
    0.0136699840
    0.0053213403
    0.0017029050
   -0.0002995265
   -0.0089063256
   -0.0170884995
   -0.0167597163
   -0.0149042487
   -0.0627223512
    0.0263794075
    0.0070495480
    0.0035412739
   -0.0001807220
   -0.0045391189
   -0.0161005117
   -0.0301256416
   -0.0343663617
   -0.0040296011
   -0.0608611582
    0.0079299596
    0.0043589779
   -0.0025824976
   -0.0086456988
   -0.0198623814
   -0.0322264329
   -0.0374057006
   -0.0255595609
   -0.0153204300
   -0.0372970561
   -0.0829439320
    0.0088443852
    0.0047144745
    0.0027689239
   -0.0017622331
   -0.0050154834
   -0.0112997901
   -0.0201918012
   -0.0279675641
   -0.0283507100
   -0.0223294075
   -0.0265720011
   -0.0545831512
   -0.0833386680
   -0.0538475838
    0.0171298917
    0.0048305837
    0.0029679231
   -0.0033217864
   -0.0069147448
   -0.0123251187
   -0.0183129678
   -0.0218392467
   -0.0211977344
   -0.0223104759
   -0.0341733718
   -0.0558191562
   -0.0612702357
   -0.0211177187
    0.0344051660
    0.0056688014
    0.0029418909
   -0.0080395131
   -0.0121646857
   -0.0157677539
   -0.0175318781
   -0.0188999334
   -0.0242489419
   -0.0354476884
   -0.0444040581
   -0.0332468097
   -0.0037501975
    0.0167173634
    0.0064819210
    0.0027446249
    0.0015913251
   -0.0084864499
   -0.0114454781
   -0.0137800243
   -0.0156078063
   -0.0186627649
   -0.0245435930
   -0.0309485375
   -0.0299384641
   -0.0168693178
   -0.0011958098
    0.0034665120
    0.0020623673
    0.0011953235
   -0.0107011834
   -0.0126340245
   -0.0224054808
   -0.0239294201
   -0.0189410518
   -0.0092238647
   -0.0017889627
    0.0003434893
    0.0004514248
   -0.0173390119
   -0.0121100854
   -0.0059369541
   -0.0021135001
    0.0075383596
    0.0067534005
    0.0049665142
    0.0024622249
    0.0088620372
    0.0087221539
    0.0073725703
    0.0044781017
    0.0010220498
    0.0099073371
    0.0105049367
    0.0103407969
    0.0077350648
    0.0031357601
   -0.0013526533
    0.0105843031
    0.0116921716
    0.0130158592
    0.0132303658
    0.0072741932
    0.0004550211
   -0.0049078774
    0.0109086523
    0.0122277408
    0.0140694412
    0.0225133959
    0.0198953240
    0.0062769065
   -0.0047047627
   -0.0093584478
    0.0121931241
    0.0139783830
    0.0259023465
    0.0326538723
    0.0015462684
   -0.0130962755
   -0.0133561258
    0.0115716551
    0.0135890964
    0.0187931303
   -0.0172457710
   -0.0213892121
   -0.0152662761
    0.0109175945
    0.0105413704
    0.0119883682
    0.0162583735
   -0.0157490740
   -0.0372945076
   -0.0249684653
   -0.0144982575
    0.0109476318
    0.0111197057
    0.0096454143
    0.0088749720
    0.0136609962
    0.0280284813
    0.0089455076
   -0.0661118732
   -0.0442696896
   -0.0226441266
    0.0110725536
    0.0115611509
    0.0093668168
    0.0054912974
    0.0073361079
    0.0209382446
    0.0655092927
   -0.0761021910
   -0.0370168207
   -0.0167308837
    0.0109502679
    0.0125241356
    0.0098234103
    0.0035694324
   -0.0006997555
    0.0108953919
    0.0488317211
   -0.0595200940
   -0.0235993893
   -0.0102652935
    0.0101936485
    0.0137190316
    0.0129022902
    0.0033807299
   -0.0053760041
   -0.0025373511
    0.0263444282
   -0.0307567230
   -0.0113815605
    0.0087712598
    0.0132552633
    0.0205809891
    0.0130480530
   -0.0018771144
   -0.0057563890
    0.0018534063
    0.0551746150
   -0.0275377005
   -0.0084068216
   -0.0033559252
    0.0108597786
    0.0208405173
    0.0024777775
    0.0062155920
    0.0569254742
    0.0121074506
    0.0076387057
    0.0024855741
    0.0008748635
    0.0081822194
    0.0140949958
    0.0167397138
    0.0740006793
    0.0163548437
    0.0062743525
    0.0026744383
    0.0092260548
    0.0183356266
    0.0323142476
    0.0408453779
    0.0157950708
    0.0069745529
    0.0030868131
    0.0062269263
    0.0095575500
    0.0228319941
    0.0540613982
    0.0746146787
    0.0333841798
    0.0144131914
    0.0061664224
    0.0027957064
    0.0058826480
    0.0087302989
    0.0352917361
    0.0293083026
    0.0433303653
    0.0107115061
    0.0047895406
    0.0037076004
    0.0045343070
    0.0080428866
    0.0032202064
   -0.0419231131
    0.0222725569
    0.0070376374
    0.0034811504
    0.0024966862
    0.0013192394
    0.0016682394
   -0.0639865756
    0.0091448274
    0.0046927986
    0.0013425080
    0.0002926241
   -0.0046558559
   -0.0129367280
   -0.0085058564
   -0.0272960156
    0.0134788947
    0.0054862741
    0.0031083248
   -0.0001428390
   -0.0028538685
   -0.0104106549
   -0.0219884541
   -0.0230695490
   -0.0213728022
   -0.0052223471
   -0.0116843652
   -0.0753902147
    0.0275484313
    0.0057707611
    0.0035484463
   -0.0020051686
   -0.0059161370
   -0.0132404263
   -0.0220949334
   -0.0258266090
   -0.0211145199
   -0.0183825248
   -0.0415754334
   -0.0878220448
   -0.0295931235
    0.0062585260
    0.0036399014
    0.0021911918
   -0.0038611674
   -0.0079456471
   -0.0136390125
   -0.0187155592
   -0.0196923203
   -0.0192193958
   -0.0272571239
   -0.0511009623
   -0.0788625993
   -0.0623408349
   -0.0007446589
    0.0083216699
    0.0034634880
    0.0021606204
   -0.0053185456
   -0.0088650728
   -0.0127184191
   -0.0153846957
   -0.0168012651
   -0.0206918545
   -0.0315571439
   -0.0473297439
   -0.0511839539
   -0.0266290972
    0.0035202359
    0.0073645931
    0.0030579891
    0.0018514037
   -0.0062449142
   -0.0090420950
   -0.0116533357
   -0.0137532977
   -0.0164703295
   -0.0220011550
   -0.0305308388
   -0.0361997522
   -0.0290362539
   -0.0119064710
    0.0000112703
    0.0016278204
    0.0011843182
   -0.0089244573
   -0.0110014525
   -0.0132462377
   -0.0214354518
   -0.0258276230
   -0.0249186323
   -0.0165824191
   -0.0065890308
   -0.0013256158
   -0.0000125466
   -0.0200282542
   -0.0166289675
   -0.0101635800
   -0.0045509369
   -0.0017306795
    0.0073220781
    0.0061883142
    0.0041360859
    0.0016729084
    0.0086004004
    0.0089627096
    0.0084728388
    0.0065386569
    0.0034772084
    0.0002628376
    0.0093295492
    0.0103445150
    0.0109182966
    0.0099495442
    0.0065858752
    0.0021464082
   -0.0018621925
    0.0111971988
    0.0129232512
    0.0143631679
    0.0121795080
    0.0064985613
   -0.0003755242
   -0.0047054088
    0.0114037983
    0.0139542457
    0.0188843727
    0.0273453217
    0.0188966619
    0.0061319233
   -0.0048918251
    0.0110077396
    0.0138347524
    0.0208343820
   -0.0009415077
   -0.0106259254
    0.0127315540
    0.0183596485
   -0.0141764862
   -0.0149247261
    0.0090554241
    0.0106814287
    0.0159009812
    0.0357784956
   -0.0162418758
   -0.0235070010
   -0.0159396277
    0.0087420246
    0.0080339177
    0.0079675988
    0.0121752825
    0.0242243000
   -0.0117978032
   -0.0385066228
   -0.0249061161
   -0.0138751888
    0.0084438885
    0.0088335907
    0.0073504980
    0.0052124664
    0.0065510443
    0.0181428620
    0.0514866974
    0.0270639321
   -0.0526134374
   -0.0395883495
   -0.0200846488
    0.0092003125
    0.0074517739
    0.0028354199
    0.0002954125
    0.0075591577
    0.0401014734
   -0.0053184551
   -0.0542279075
   -0.0284317852
   -0.0129923450
    0.0093812590
    0.0089758294
    0.0018028006
   -0.0059341675
   -0.0045054412
    0.0157978077
   -0.0310815116
   -0.0352245862
   -0.0149999004
   -0.0066733157
    0.0087976793
    0.0108097400
    0.0057355728
   -0.0088715064
   -0.0156858187
   -0.0061309761
    0.0343020925
   -0.0267961360
   -0.0129645360
   -0.0049976823
    0.0075530971
    0.0105942251
    0.0127277777
    0.0033968027
   -0.0116646478
   -0.0179047775
   -0.0065267785
    0.0446161722
    0.0995242327
    0.0034360016
   -0.0030551653
    0.0007794902
    0.0006047186
    0.0088335232
    0.0131278858
    0.0197926489
   -0.0038782443
   -0.0143784304
   -0.0036797642
    0.0369341021
    0.0385265051
    0.0030627076
    0.0113295909
    0.0062718920
    0.0030981737
    0.0068350857
    0.0104423068
    0.0186372967
    0.0150315226
    0.0057221140
    0.0181900399
    0.0143284083
    0.0075491212
    0.0038176249
    0.0076919931
    0.0140704309
    0.0197265153
    0.0257535677
    0.0131996468
    0.0070857780
    0.0035943866
    0.0053362944
    0.0093124129
    0.0193390428
    0.0293574705
    0.0109859649
    0.0058350356
    0.0029607860
    0.0055422787
    0.0146866963
   -0.0351131443
    0.0260132514
    0.0080298411
    0.0044171222
    0.0032158376
    0.0053801832
    0.0200202656
   -0.0048910768
    0.0128322043
    0.0057239625
    0.0031408669
    0.0023576923
    0.0031914791
    0.0033357578
    0.0098164801
   -0.0808277297
    0.0068195499
    0.0039106074
    0.0006552526
   -0.0016807802
   -0.0085914531
   -0.0079416333
   -0.0001631975
    0.0114459882
   -0.0398746721
    0.0030285384
    0.0085955486
    0.0043354058
    0.0025181905
   -0.0001727672
   -0.0017273420
   -0.0058082430
   -0.0122825630
   -0.0147441938
   -0.0145309481
   -0.0129363250
   -0.0241003183
   -0.0667394104
   -0.0020654693
    0.0353719840
    0.0086497399
    0.0042241408
    0.0026747134
   -0.0016236290
   -0.0039594120
   -0.0079083536
   -0.0123046847
   -0.0144639689
   -0.0151749829
   -0.0197158518
   -0.0377879443
   -0.0696971571
   -0.0867719074
   -0.0421740006
    0.0018832619
    0.0065112891
    0.0034532909
    0.0024594713
   -0.0030287908
   -0.0054997447
   -0.0086096378
   -0.0113556339
   -0.0133386423
   -0.0164680954
   -0.0248300754
   -0.0405514046
   -0.0552935251
   -0.0458188674
   -0.0170259326
    0.0000348224
    0.0020123650
    0.0017896570
    0.0012459454
   -0.0063771101
   -0.0087383917
   -0.0109325389
   -0.0135380085
   -0.0181972236
   -0.0263602541
   -0.0355533096
   -0.0365876377
   -0.0234804662
   -0.0080530765
   -0.0009395751
    0.0005626867
    0.0006688906
   -0.0068544529
   -0.0088368188
   -0.0110362291
   -0.0141000176
   -0.0244258212
   -0.0273387144
   -0.0228805133
   -0.0129959432
   -0.0048914739
   -0.0013360421
   -0.0002644583
   -0.0205049722
   -0.0196678376
   -0.0145115588
   -0.0080531961
   -0.0036037415
    0.0074206619
    0.0068475577
    0.0053556382
    0.0032019686
    0.0087103250
    0.0088354651
    0.0077304441
    0.0053754955
    0.0023848101
    0.0096888939
    0.0108407200
    0.0107748421
    0.0086260648
    0.0051118051
    0.0009372614
    0.0101444333
    0.0123890133
    0.0145136023
    0.0136942738
    0.0099230115
    0.0044690705
   -0.0015050277
    0.0100222746
    0.0128833577
    0.0184659012
    0.0252252587
    0.0204636430
    0.0153696386
    0.0019159142
   -0.0049268530
    0.0122349576
    0.0189038641
    0.0201325659
   -0.0042767114
   -0.0082855584
    0.0107886752
    0.0162473691
    0.0028105454
   -0.0110730841
    0.0132310380
    0.0255215803
   -0.0143183651
   -0.0147616281
    0.0065497593
    0.0065108115
    0.0094151547
    0.0186415197
    0.0456768611
   -0.0169402102
   -0.0214542423
   -0.0144840264
    0.0069476237
    0.0059801186
    0.0043061620
    0.0048322098
    0.0120752345
    0.0325590668
    0.0844554584
   -0.0131119370
   -0.0291937532
   -0.0202634635
   -0.0114964179
    0.0069854045
    0.0060576434
    0.0026596433
   -0.0000264466
    0.0035497646
    0.0209786206
    0.0820887486
    0.0103372557
   -0.0274716849
   -0.0261685115
   -0.0145692002
    0.0068626091
    0.0067327659
    0.0025061605
   -0.0045764140
   -0.0058688368
    0.0049225133
    0.0462646142
    0.0055839473
   -0.0254728764
   -0.0165173208
   -0.0081689446
    0.0072983526
    0.0045273347
   -0.0064397405
   -0.0155874803
   -0.0106056898
    0.0102060560
    0.0572528814
   -0.0076292038
   -0.0145238900
   -0.0069800184
    0.0071315003
    0.0070466160
   -0.0020165533
   -0.0200182416
   -0.0244266796
   -0.0129224278
    0.0152201761
    0.0714608303
    0.0550887151
    0.0562597604
    0.0177968220
   -0.0091896634
   -0.0033401491
   -0.0005330239
   -0.0000641151
    0.0063102927
    0.0079691054
    0.0054810336
   -0.0089532871
   -0.0275560510
   -0.0242646632
   -0.0158321944
    0.0139032130
    0.0488214178
    0.0299873192
   -0.0105456178
   -0.0014042866
    0.0038167993
    0.0027807142
    0.0015371332
    0.0073087863
    0.0097414462
    0.0106165061
   -0.0137852330
   -0.0228503338
   -0.0137182903
    0.0174941698
   -0.0069464002
   -0.0084053601
    0.0079338084
    0.0066072334
    0.0040288896
    0.0021261917
    0.0058601084
    0.0096629035
    0.0260094972
   -0.0002227253
    0.0385881986
    0.0136682985
    0.0035872063
    0.0142181908
    0.0111156302
    0.0069743062
    0.0041202692
    0.0071656194
    0.0211593228
    0.0058758301
    0.0142759902
   -0.0057663144
    0.0553994604
    0.0271744967
    0.0112394946
    0.0064057446
    0.0035907719
    0.0046911184
    0.0102795643
   -0.0088130590
   -0.0570220079
    0.0101266895
    0.0052621180
    0.0028052741
    0.0050776257
    0.0153077236
   -0.0617495728
    0.0073447398
    0.0038831958
    0.0026305460
    0.0047517261
    0.0116944316
    0.0157352475
    0.0487525245
   -0.0299787228
    0.0132975334
    0.0048998197
    0.0026336636
    0.0018338153
    0.0025274274
    0.0013325138
    0.0000328686
    0.0028602428
   -0.0128655421
   -0.0703442489
    0.0106562104
    0.0235091094
    0.0056968866
    0.0030901195
    0.0004147117
   -0.0007752794
   -0.0038445266
   -0.0025782271
    0.0093709694
   -0.0061688919
   -0.0138477236
   -0.0394604722
   -0.0843646950
   -0.1066136566
   -0.0502807181
    0.0022624759
    0.0118609531
    0.0052968687
    0.0031640889
    0.0018191785
   -0.0013324643
   -0.0033489493
   -0.0057589619
   -0.0056380138
   -0.0079767586
   -0.0134613460
   -0.0250972842
   -0.0491844464
   -0.0761600485
   -0.0651041306
   -0.0221671952
   -0.0017778194
    0.0025649067
    0.0025507174
    0.0017002959
   -0.0029047313
   -0.0048902421
   -0.0066724457
   -0.0083157719
   -0.0117597230
   -0.0182109564
   -0.0304477629
   -0.0464158925
   -0.0514522747
   -0.0318455006
   -0.0105500513
   -0.0012622224
    0.0011003683
    0.0011784834
   -0.0040780074
   -0.0058303575
   -0.0075950066
   -0.0100326977
   -0.0140943804
   -0.0208631445
   -0.0300845989
   -0.0363725167
   -0.0308842614
   -0.0165871952
   -0.0056653360
   -0.0010767490
    0.0001923827
   -0.0065504301
   -0.0084994389
   -0.0112753563
   -0.0209549628
   -0.0258724730
   -0.0257052998
   -0.0185645934
   -0.0095546398
   -0.0037249452
   -0.0012217975
   -0.0203710025
   -0.0175628163
   -0.0117030752
   -0.0062070959
   -0.0028903854
    0.0069997307
    0.0060346073
    0.0043194070
    0.0085950537
    0.0081566279
    0.0064656798
    0.0040075066
    0.0012908227
    0.0100314313
    0.0107333452
    0.0094034938
    0.0066994020
    0.0033014677
   -0.0001775358
    0.0108796522
    0.0135536069
    0.0138944470
    0.0104544504
    0.0069784116
    0.0018169744
    0.0108342702
    0.0153141297
    0.0230473644
    0.0182866271
    0.0130132628
    0.0070795184
   -0.0010867390
    0.0100007141
    0.0146609753
    0.0313638206
    0.0241351413
    0.0233008019
    0.0032287645
   -0.0049844876
    0.0126082176
    0.0241826797
    0.0184195728
   -0.0044618050
   -0.0081962566
    0.0099667441
    0.0174103925
    0.0555175070
   -0.0016561961
   -0.0105440468
    0.0052239998
    0.0126712615
    0.0259673985
    0.0302479904
    0.0009764459
   -0.0129789756
   -0.0126703289
    0.0050566959
    0.0037303625
    0.0034364160
    0.0072358257
    0.0186113957
    0.0390366476
    0.0513344290
    0.0178378076
   -0.0039418483
   -0.0139136661
   -0.0160367881
   -0.0113491871
    0.0050877355
    0.0029148450
    0.0002453954
    0.0010713656
    0.0096406190
    0.0318650012
    0.0600661489
   -0.0205981161
   -0.0103360088
   -0.0171523962
   -0.0135998638
    0.0053551377
    0.0031672915
   -0.0019113732
   -0.0052355178
   -0.0007929445
    0.0160032613
    0.0580443046
   -0.0229916703
   -0.0050668290
   -0.0113672346
   -0.0138934651
   -0.0088048336
    0.0055061026
    0.0043001109
   -0.0016974652
   -0.0105212110
   -0.0114169714
   -0.0010886350
    0.0256615234
    0.0665300239
    0.0114147856
    0.0002614327
    0.0014075187
   -0.0102358616
   -0.0079274919
    0.0054194122
    0.0012587948
   -0.0113566710
   -0.0213593166
   -0.0157884889
   -0.0009525818
    0.0280250936
    0.0342734756
    0.0133407586
    0.0106769057
   -0.0044569336
   -0.0059428065
   -0.0022246945
   -0.0006830310
    0.0057878896
    0.0048775299
   -0.0048192887
   -0.0233751984
   -0.0282289524
   -0.0194432291
   -0.0024938913
    0.0205282228
    0.0276698988
    0.0153331027
   -0.0012902697
   -0.0062200461
    0.0000104773
    0.0016869971
    0.0013345348
    0.0053324595
    0.0068260296
    0.0052312012
   -0.0063536107
   -0.0222474375
   -0.0310776777
   -0.0239753345
   -0.0027528097
    0.0215187465
    0.0302783811
    0.0022115511
   -0.0086838187
    0.0007949871
    0.0045948784
    0.0036832117
    0.0022510908
    0.0065395314
    0.0114906952
    0.0258073090
   -0.0136726843
   -0.0312097018
   -0.0190986420
    0.0001472024
    0.0218561666
    0.0039316371
   -0.0044465781
    0.0035351560
    0.0084612404
    0.0067214425
    0.0043398647
    0.0024225010
    0.0050994935
    0.0099663858
   -0.0138535354
   -0.0099354113
   -0.0038724594
   -0.0126404406
   -0.0127081570
    0.0150823229
    0.0178443536
    0.0141511778
    0.0073645817
    0.0041128416
    0.0064170915
    0.0205194897
    0.0018770123
   -0.0069940161
   -0.0301972118
   -0.0499202625
   -0.0023409670
    0.0304651947
    0.0192125578
    0.0065397886
    0.0033570879
    0.0038481642
    0.0082836294
    0.0331794233
    0.0044630891
   -0.0249000813
   -0.0702620928
   -0.0563140012
    0.0088396110
    0.0131960380
    0.0048459100
    0.0024486563
    0.0038466491
    0.0083855898
    0.0167790465
    0.0196686710
    0.0046522604
   -0.0112977079
   -0.0568128829
   -0.0847995874
   -0.0550142918
    0.0125510191
    0.0397431896
    0.0069594370
    0.0032223747
    0.0030284541
    0.0046146258
    0.0042784729
    0.0095388577
   -0.0085584459
   -0.0352575932
   -0.0783984023
   -0.0911701350
   -0.0391702927
    0.0226343891
    0.0095093117
    0.0038404764
    0.0019825550
    0.0010728428
    0.0012355277
    0.0005679190
    0.0014310825
    0.0292727973
    0.0142701849
   -0.0080839243
   -0.0225398192
   -0.0505272112
   -0.0806510088
   -0.0680161411
   -0.0195810628
    0.0076150874
    0.0077179418
    0.0038143477
    0.0021038316
   -0.0000687612
   -0.0007843428
   -0.0018091635
   -0.0002205226
    0.0022759428
   -0.0067456955
   -0.0162452559
   -0.0317669898
   -0.0529329146
   -0.0612853879
   -0.0362205682
   -0.0104178295
    0.0006224639
    0.0023775179
    0.0017738879
   -0.0024060217
   -0.0033167847
   -0.0035868687
   -0.0064852291
   -0.0124894146
   -0.0214879738
   -0.0342133079
   -0.0441739927
   -0.0378291931
   -0.0192027427
   -0.0058853068
   -0.0004120139
    0.0007975255
   -0.0036164027
   -0.0047453358
   -0.0064947810
   -0.0100732129
   -0.0156325551
   -0.0233242796
   -0.0308661532
   -0.0317337901
   -0.0224626756
   -0.0108698184
   -0.0037049858
   -0.0008005571
   -0.0046060576
   -0.0061045461
   -0.0084378455
   -0.0220884384
   -0.0247091754
   -0.0214246602
   -0.0137599029
   -0.0067713026
   -0.0027625451
   -0.0089515980
    0.0062326186
    0.0049656128
    0.0078722072
    0.0079681924
    0.0068952108
    0.0049554281
    0.0026327539
    0.0087210270
    0.0098335321
    0.0094331096
    0.0073030379
    0.0046379168
    0.0016108829
    0.0090330274
    0.0113520026
    0.0128942421
    0.0106007944
    0.0073122232
    0.0038737018
   -0.0000301893
    0.0117771408
    0.0166585869
    0.0176120617
    0.0104608619
    0.0073488699
    0.0020513161
   -0.0022433864
    0.0109598385
    0.0173470091
    0.0322356694
    0.0202817454
    0.0106937870
    0.0061901984
   -0.0013005088
    0.0093566354
    0.0148568897
    0.0323744569
    0.0145420529
    0.0114289560
    0.0009928181
   -0.0050081754
    0.0117272921
    0.0215080241
    0.0338893158
    0.0108695700
    0.0035633531
   -0.0052355189
    0.0082331907
    0.0155769591
    0.0282975455
    0.0349436323
    0.0104175300
    0.0014239152
   -0.0053900588
   -0.0089479753
    0.0034301356
    0.0027263892
    0.0042884017
    0.0102655634
    0.0211089641
    0.0264545357
    0.0058571295
   -0.0072458179
   -0.0064614900
   -0.0099407296
   -0.0095102712
    0.0030868625
    0.0009638001
    0.0002441566
    0.0039704082
    0.0142525086
    0.0273917345
    0.0121079812
   -0.0190920996
   -0.0106885262
   -0.0093195597
   -0.0103380364
    0.0033415010
    0.0002639472
   -0.0032225781
   -0.0027245705
    0.0047171121
    0.0202141657
    0.0276736044
   -0.0092647889
   -0.0164010676
   -0.0069031807
   -0.0091977877
   -0.0080182139
    0.0039192626
    0.0009835447
   -0.0049624241
   -0.0089234450
   -0.0053536424
    0.0063893699
    0.0236676201
    0.0150736159
   -0.0086702192
   -0.0038596994
   -0.0057603238
   -0.0069805938
    0.0043708418
    0.0026934058
   -0.0036861700
   -0.0128657802
   -0.0147229416
   -0.0074652735
    0.0069462799
    0.0184235568
    0.0075111593
    0.0008193451
   -0.0019729713
   -0.0052385242
   -0.0034497356
   -0.0014786276
    0.0042988117
    0.0003191013
   -0.0111958862
   -0.0213872938
   -0.0196051503
   -0.0100020877
    0.0048779382
    0.0118311709
    0.0068058286
    0.0003640065
   -0.0043077435
   -0.0024406144
    0.0001699849
    0.0008013352
    0.0049297749
    0.0046158235
   -0.0028408120
   -0.0180237773
   -0.0279818946
   -0.0246803274
   -0.0119108805
    0.0025937207
    0.0081922100
    0.0013572174
   -0.0043055350
   -0.0023702001
    0.0019267014
    0.0028298718
    0.0020969858
    0.0045445067
    0.0064561386
    0.0081436453
   -0.0019769609
   -0.0197460018
   -0.0313680070
   -0.0268424990
   -0.0108511200
   -0.0003415388
   -0.0018177966
   -0.0069536220
   -0.0026404007
    0.0038064020
    0.0056517440
    0.0042762027
    0.0025612616
    0.0057215647
    0.0113703323
    0.0240081750
    0.0042707552
   -0.0130441333
   -0.0260661319
   -0.0208759070
   -0.0102655577
   -0.0114649890
   -0.0182350487
   -0.0085095957
    0.0052977926
    0.0105661139
    0.0082436220
    0.0045674167
    0.0024235653
    0.0041723407
    0.0080601934
    0.0227114320
    0.0271774500
    0.0105428348
   -0.0177276298
   -0.0141219347
   -0.0175736001
   -0.0324586276
   -0.0304623821
   -0.0024921315
    0.0152706689
    0.0201955153
    0.0084500521
    0.0039193298
    0.0048214586
    0.0107122496
    0.0222690897
    0.0145609638
    0.0211723883
   -0.0103662193
   -0.0157003222
   -0.0355339735
   -0.0532020913
   -0.0313512830
    0.0049955973
    0.0416277450
    0.0199234917
    0.0062551444
    0.0028823850
    0.0050197941
    0.0093697256
    0.0101031614
    0.0346045824
    0.0044134003
   -0.0110020942
   -0.0281684619
   -0.0552065322
   -0.0603372325
   -0.0227539934
    0.0197655113
    0.0387227692
    0.0102788474
    0.0039338479
    0.0023982868
    0.0038903258
    0.0048802047
    0.0083901858
   -0.0060157338
   -0.0196593971
   -0.0425330242
   -0.0637392112
   -0.0499974223
   -0.0116072692
    0.0194996075
    0.0130605483
    0.0048191820
    0.0022875485
    0.0014964680
    0.0017921615
    0.0020695988
    0.0111031733
    0.0288582011
   -0.0004537354
   -0.0137961828
   -0.0293805648
   -0.0493848573
   -0.0557434745
   -0.0315983847
   -0.0052938679
    0.0063096572
    0.0043623282
    0.0023203624
    0.0002199430
   -0.0001321200
    0.0006007163
    0.0049381704
    0.0003327156
   -0.0098284987
   -0.0203736759
   -0.0344361161
   -0.0454518084
   -0.0385283294
   -0.0182387035
   -0.0036247839
    0.0014240758
    0.0016082974
   -0.0010782173
   -0.0016100493
   -0.0014181803
   -0.0023458631
   -0.0075375765
   -0.0147258686
   -0.0239787012
   -0.0332718374
   -0.0348242441
   -0.0240790192
   -0.0107794993
   -0.0028431034
   -0.0000532289
    0.0004096458
   -0.0029539818
   -0.0039189061
   -0.0065598927
   -0.0111850955
   -0.0240207838
   -0.0277973900
   -0.0241480630
   -0.0149737884
   -0.0068129671
   -0.0023502278
   -0.0006617149
   -0.0042814940
   -0.0060095495
   -0.0089456778
   -0.0213761727
   -0.0212016902
   -0.0162756527
   -0.0096829817
   -0.0047155736
    0.0072982550
    0.0068094579
    0.0053770959
    0.0034792229
    0.0084186377
    0.0087179887
    0.0074002568
    0.0052108529
    0.0027862122
    0.0090571346
    0.0106844357
    0.0101694106
    0.0073702601
    0.0046115028
    0.0015952772
    0.0089628107
    0.0118739925
    0.0139349473
    0.0105241579
    0.0065533665
    0.0034077990
   -0.0002147471
    0.0115486258
    0.0166366550
    0.0168867868
    0.0085236874
    0.0052382219
    0.0011213177
   -0.0023835123
    0.0100535298
    0.0155721459
    0.0228910123
    0.0136976594
    0.0057573014
    0.0025531114
   -0.0020286974
    0.0127341231
    0.0200176346
    0.0203965164
    0.0064870279
    0.0024351641
   -0.0016252752
   -0.0047706324
    0.0094794334
    0.0156608787
    0.0190069997
    0.0086352224
    0.0004236077
   -0.0021037388
   -0.0051926487
    0.0116287684
    0.0169192909
    0.0103364160
   -0.0023994303
   -0.0043755521
   -0.0055418128
   -0.0068053016
    0.0016138110
    0.0004176245
    0.0015227985
    0.0064240902
    0.0139378720
    0.0140187705
   -0.0019329459
   -0.0082323916
   -0.0060221817
   -0.0068376151
    0.0014903946
   -0.0011597103
   -0.0024177204
    0.0003367135
    0.0076301082
    0.0146702205
    0.0061049965
   -0.0081627874
   -0.0066497368
   -0.0059593611
   -0.0062909638
    0.0020609280
   -0.0013608014
   -0.0052636048
   -0.0056232785
   -0.0005821951
    0.0083037046
    0.0114580459
   -0.0000611032
   -0.0052392747
   -0.0044484294
   -0.0052931354
   -0.0044978478
    0.0029244289
   -0.0000525516
   -0.0058521363
   -0.0102720616
   -0.0087032884
   -0.0016190672
    0.0068733898
    0.0063222294
   -0.0005299243
   -0.0026884781
   -0.0040294711
   -0.0037192912
    0.0035549469
    0.0020507195
   -0.0034691834
   -0.0116915813
   -0.0152805630
   -0.0116307508
   -0.0031786393
    0.0037451373
    0.0027622968
   -0.0011039709
   -0.0033535009
   -0.0032064862
   -0.0012353756
    0.0000171515
    0.0037197853
    0.0009234146
   -0.0080055141
   -0.0175644789
   -0.0198038349
   -0.0140450932
   -0.0047191555
    0.0003439465
   -0.0012655012
   -0.0041083681
   -0.0036341352
   -0.0006174588
    0.0014096410
    0.0016012396
    0.0041904694
    0.0045720688
    0.0000088164
   -0.0120995479
   -0.0221724624
   -0.0226097066
   -0.0143065332
   -0.0063213005
   -0.0049890647
   -0.0077003958
   -0.0062665132
   -0.0010161113
    0.0028720468
    0.0034821490
    0.0024251470
    0.0053967664
    0.0068312849
   -0.0006633086
   -0.0141344123
   -0.0225358156
   -0.0208838642
   -0.0128957644
   -0.0105553062
   -0.0142490428
   -0.0137525406
   -0.0046850374
    0.0034448294
    0.0062475811
    0.0045089039
    0.0025241788
    0.0043799969
    0.0073341393
    0.0084533681
   -0.0015158083
   -0.0106091972
   -0.0175477766
   -0.0157010458
   -0.0139279040
   -0.0197508576
   -0.0248483318
   -0.0156193436
   -0.0003687630
    0.0091723418
    0.0081545089
    0.0042482822
    0.0050865788
    0.0081243279
    0.0059886193
    0.0025250433
    0.0031267611
   -0.0109393811
   -0.0134499299
   -0.0204258590
   -0.0317156530
   -0.0312574618
   -0.0126266564
    0.0060464434
    0.0132581827
    0.0069398634
    0.0032027939
    0.0030694333
    0.0049572982
    0.0059779791
    0.0056678762
    0.0238472713
    0.0084305246
   -0.0092082569
   -0.0172043207
   -0.0303565421
   -0.0401826414
   -0.0296695094
   -0.0067591326
    0.0112062188
    0.0098864503
    0.0044226194
    0.0020822008
    0.0026116877
    0.0035364637
    0.0039128149
    0.0114737022
    0.0256401001
   -0.0012376421
   -0.0126711266
   -0.0244015862
   -0.0379191927
   -0.0398709268
   -0.0221016654
   -0.0015692125
    0.0078875269
    0.0050124197
    0.0024454378
    0.0015927557
    0.0017949173
    0.0034247620
    0.0113221714
    0.0047677354
   -0.0081529545
   -0.0181539723
   -0.0301958593
   -0.0385593599
   -0.0317761026
   -0.0141328630
   -0.0004784199
    0.0032133553
    0.0022111688
    0.0003324250
    0.0004234905
    0.0021625611
    0.0024236234
   -0.0049487360
   -0.0132150286
   -0.0224948550
   -0.0313931589
   -0.0325482558
   -0.0219846046
   -0.0088472315
   -0.0011425111
    0.0008652105
    0.0007847450
   -0.0008658385
   -0.0009337018
   -0.0009942361
   -0.0040130413
   -0.0097778782
   -0.0238876168
   -0.0279812878
   -0.0241516412
   -0.0144682248
   -0.0059292209
   -0.0015444612
   -0.0001828948
   -0.0019862351
   -0.0026010976
   -0.0041830576
   -0.0076902395
   -0.0222921361
   -0.0223007129
   -0.0168852296
   -0.0096322037
   -0.0043071842
   -0.0016575501
    0.0054061345
    0.0075249120
    0.0069970234
    0.0053886590
    0.0034176577
    0.0084470808
    0.0088042967
    0.0072354399
    0.0048710015
    0.0025147481
    0.0087108533
    0.0103658378
    0.0096324981
    0.0065401616
    0.0038039976
    0.0011308677
    0.0108222454
    0.0121396900
    0.0087933271
    0.0049249716
    0.0021317483
   -0.0006724701
    0.0099448907
    0.0129789499
    0.0117082127
    0.0060305085
    0.0027332981
   -0.0001577126
    0.0082062073
    0.0117404375
    0.0130911911
    0.0077710814
    0.0026979484
    0.0000069907
   -0.0025200861
    0.0094777338
    0.0122648546
    0.0093020500
    0.0026612513
   -0.0005942007
   -0.0026645974
    0.0103165990
    0.0100731753
    0.0032285566
   -0.0017484645
   -0.0031570562
   -0.0043914213
    0.0070146410
    0.0097948919
    0.0051943678
   -0.0021939416
   -0.0039698433
   -0.0044418348
   -0.0012919711
   -0.0008938153
    0.0070384097
    0.0071637742
    0.0000449561
   -0.0041448063
   -0.0043046301
   -0.0046258297
    0.0004913782
   -0.0023045007
   -0.0040459300
   -0.0026331787
    0.0018146951
    0.0057862000
    0.0033062192
   -0.0022570905
   -0.0037813622
   -0.0040935980
   -0.0039442231
    0.0013345707
   -0.0018700053
   -0.0057072687
   -0.0070218031
   -0.0043527221
    0.0006713837
    0.0032178700
    0.0003284326
   -0.0026560640
   -0.0035680682
   -0.0035417175
    0.0023123924
   -0.0001793601
   -0.0050773713
   -0.0094955915
   -0.0098608841
   -0.0060338894
   -0.0010991190
    0.0002798606
   -0.0018294498
   -0.0034861997
   -0.0035326265
   -0.0022608734
    0.0018480214
   -0.0022063747
   -0.0087136821
   -0.0130410439
   -0.0121693007
   -0.0073975285
   -0.0032475024
   -0.0029409236
   -0.0045423020
   -0.0045712105
   -0.0025775885
   -0.0003290427
    0.0007092860
    0.0031151759
    0.0014140952
   -0.0045108339
   -0.0119276619
   -0.0155288314
   -0.0131399187
   -0.0083422366
   -0.0062315968
   -0.0073212681
   -0.0075014807
   -0.0044042811
   -0.0004530517
    0.0017086515
    0.0018175008
    0.0032765523
    0.0035875999
    0.0008922262
   -0.0064001845
   -0.0136053725
   -0.0156773325
   -0.0124834820
   -0.0099578261
   -0.0110892985
   -0.0124856410
   -0.0089966484
   -0.0024681634
    0.0022252676
    0.0032281266
    0.0022439217
    0.0037329744
    0.0039380908
    0.0000466245
   -0.0067543287
   -0.0122905841
   -0.0132596144
   -0.0120395223
   -0.0138062265
   -0.0175358466
   -0.0163552186
   -0.0080395876
    0.0006210667
    0.0045274896
    0.0036513717
    0.0039408539
    0.0033822062
   -0.0001593382
   -0.0037445627
   -0.0083694895
   -0.0111352247
   -0.0140996038
   -0.0198344504
   -0.0231775486
   -0.0169654671
   -0.0051098642
    0.0037228881
    0.0050383912
    0.0030149588
    0.0027942704
    0.0033662098
    0.0024946329
    0.0021221682
    0.0012866895
   -0.0065684284
   -0.0120534233
   -0.0187061668
   -0.0256386574
   -0.0251345726
   -0.0142267282
   -0.0016395652
    0.0045767228
    0.0037320538
    0.0019959597
    0.0021942084
    0.0022688024
    0.0025562965
    0.0051278823
    0.0000808052
   -0.0083991526
   -0.0155346896
   -0.0235759470
   -0.0281497622
   -0.0225575449
   -0.0100002146
    0.0001749274
    0.0030463808
    0.0021030852
    0.0012207831
    0.0013265289
    0.0027159009
    0.0025363116
   -0.0045081173
   -0.0118293638
   -0.0193852276
   -0.0260195477
   -0.0261535938
   -0.0174271795
   -0.0065175267
   -0.0000437443
    0.0013010010
    0.0001790167
    0.0004078082
    0.0007484355
   -0.0024930080
   -0.0085746790
   -0.0150841685
   -0.0215588390
   -0.0248949081
   -0.0211977870
   -0.0123927218
   -0.0045549078
   -0.0007370435
   -0.0008594659
   -0.0010726626
   -0.0024944657
   -0.0064046692
   -0.0212060079
   -0.0211294896
   -0.0157954034
   -0.0086862825
   -0.0035467990
   -0.0029870473
   -0.0053104503
   -0.0062652292
    0.0052396900
    0.0071881554
    0.0065935140
    0.0049183716
    0.0029904541
    0.0077403181
    0.0079367696
    0.0063287564
    0.0040319344
    0.0018902636
    0.0087789660
    0.0078639765
    0.0051353911
    0.0026372964
    0.0004565619
    0.0086593904
    0.0089842366
    0.0063682089
    0.0032265051
    0.0008707871
    0.0076238914
    0.0090321021
    0.0074655245
    0.0037705029
    0.0010117990
   -0.0010032018
    0.0080184789
    0.0078780199
    0.0044048906
    0.0009226148
   -0.0011080587
    0.0074058827
    0.0050696516
    0.0009455483
   -0.0014332249
   -0.0026788879
    0.0058206934
    0.0054460177
    0.0015503379
   -0.0016564583
   -0.0028444218
    0.0046316703
    0.0025622436
   -0.0011798709
   -0.0028829095
   -0.0034068668
   -0.0004648514
   -0.0022208964
   -0.0025181882
    0.0025646492
   -0.0000986902
   -0.0025145254
   -0.0032836551
    0.0000365856
   -0.0025542028
   -0.0045466540
   -0.0043209917
   -0.0019400546
    0.0001748038
   -0.0019340580
   -0.0031880898
   -0.0033361020
    0.0009770347
   -0.0016593097
   -0.0050143580
   -0.0068943718
   -0.0060015174
   -0.0033171538
   -0.0021204879
   -0.0034359164
   -0.0037269192
    0.0000035932
   -0.0036671176
   -0.0074676807
   -0.0088941408
   -0.0073395666
   -0.0047761533
   -0.0045512549
   -0.0049340910
   -0.0038126141
   -0.0019046994
    0.0015498090
   -0.0011348245
   -0.0056336500
   -0.0093899814
   -0.0100920627
   -0.0081969077
   -0.0065200616
   -0.0066777129
   -0.0072262353
   -0.0059282852
   -0.0030290962
   -0.0004375811
    0.0007032760
    0.0023075171
    0.0011979615
   -0.0022864959
   -0.0069979882
   -0.0101745604
   -0.0102219532
   -0.0089961300
   -0.0090937807
   -0.0102080086
   -0.0094732871
   -0.0057693785
   -0.0014690956
    0.0010190542
    0.0014029313
    0.0022788929
    0.0006751242
   -0.0030412427
   -0.0071405766
   -0.0095393122
   -0.0099424744
   -0.0106598187
   -0.0127020575
   -0.0135874238
   -0.0103270122
   -0.0043980927
    0.0003308008
    0.0019184254
    0.0019740613
    0.0001204538
   -0.0028131907
   -0.0058880568
   -0.0085086776
   -0.0106021407
   -0.0136205153
   -0.0165209311
   -0.0154822511
   -0.0094123130
   -0.0023896848
    0.0015489289
    0.0019551794
    0.0019037621
    0.0013743354
    0.0000272824
   -0.0015776826
   -0.0048491231
   -0.0087720146
   -0.0127589023
   -0.0171181152
   -0.0190038479
   -0.0150782889
   -0.0072727290
   -0.0007478563
    0.0016336730
    0.0012742574
    0.0008021980
    0.0003763114
   -0.0012425723
   -0.0057473357
   -0.0106220216
   -0.0196227963
   -0.0190229256
   -0.0127781954
   -0.0050295805
   -0.0002080730
    0.0009747258
    0.0005105590
    0.0003190501
   -0.0000945347
   -0.0030775001
   -0.0079922831
   -0.0178800829
   -0.0199568772
   -0.0167634787
   -0.0098279969
   -0.0035494363
   -0.0004571820
   -0.0002904263
   -0.0005748106
   -0.0020401752
   -0.0057585037
   -0.0184397640
   -0.0181066784
   -0.0072914855
   -0.0028318018
   -0.0012467604
   -0.0021339930
   -0.0044670758
    0.0056399184
    0.0040759784
    0.0064084545
    0.0049703380
    0.0029800592
    0.0066799505
    0.0057456973
    0.0036054708
    0.0015434260
    0.0061161259
    0.0041739516
    0.0018217640
    0.0000014270
    0.0058614846
    0.0045573533
    0.0020589498
    0.0000151075
    0.0045615525
    0.0023252824
   -0.0000105829
    0.0025448566
    0.0001024007
   -0.0015569561
    0.0003812791
   -0.0024685441
   -0.0022728510
   -0.0042129741
   -0.0047532801
   -0.0037800339
   -0.0012462726
   -0.0038855474
   -0.0058111182
   -0.0060154062
   -0.0049450699
    0.0000764913
   -0.0024496948
   -0.0053009858
   -0.0069777826
   -0.0069078755
   -0.0061276908
    0.0010783665
   -0.0006483049
   -0.0034809115
   -0.0061945756
   -0.0075307743
   -0.0075676800
   -0.0068336609
    0.0006780567
   -0.0013230557
   -0.0040456285
   -0.0063892352
   -0.0076790437
   -0.0084676047
   -0.0098702087
   -0.0066266751
   -0.0027616426
    0.0001856066
   -0.0017328285
   -0.0040144689
   -0.0062108250
   -0.0080795699
   -0.0101320387
   -0.0055979227
   -0.0016147291
   -0.0002757317
   -0.0017868056
   -0.0038263925
   -0.0064699821
   -0.0092350068
   -0.0132690836
   -0.0092195954
   -0.0042339356
   -0.0008797138
   -0.0006283210
   -0.0018980294
   -0.0043285242
   -0.0075919075
   -0.0031013951
   -0.0003784896
   -0.0011119678
   -0.0027233448
   -0.0057034291
   -0.0020785990
   -0.0042482309
    0.0022632816
    0.0024686565
   -0.0044113130
   -0.0028736928
   -0.0045374455
   -0.0052943843
   -0.0017110532
   -0.0037005829
   -0.0052380080
   -0.0059706864
   -0.0023377268
   -0.0042103734
   -0.0056672860
   -0.0066549753
   -0.0027365067
   -0.0044867431
   -0.0061103597
   -0.0014884680
   -0.0030092267
   -0.0048618768
   -0.0018807526
   -0.0034715961
   -0.0056370845
