  1.519546  -2.079202  -4.881025
  0.034621  -1.584227  -4.881025
  1.024571  -1.584227  -4.881025
  2.014520  -1.584227  -4.881025
  0.529596  -1.089253  -4.881025
  1.519546  -1.089253  -4.881025
  2.509495  -1.089253  -4.881025
  0.034621  -0.594278  -4.881025
  1.024571  -0.594278  -4.881025
  2.014520  -0.594278  -4.881025
  3.004470  -0.594278  -4.881025
 -0.460353  -0.099303  -4.881025
  0.529596  -0.099303  -4.881025
  1.519546  -0.099303  -4.881025
  2.509495  -0.099303  -4.881025
  0.034621   0.395672  -4.881025
  1.024571   0.395672  -4.881025
  2.014520   0.395672  -4.881025
  3.004470   0.395672  -4.881025
  0.529596   0.890646  -4.881025
  1.519546   0.890646  -4.881025
  2.509495   0.890646  -4.881025
  1.024571   1.385621  -4.881025
  0.529596  -2.574177  -4.386051
  1.519546  -2.574177  -4.386051
  2.509495  -2.574177  -4.386051
  0.034621  -2.079202  -4.386051
  1.024571  -2.079202  -4.386051
  2.014520  -2.079202  -4.386051
  3.004470  -2.079202  -4.386051
 -0.460353  -1.584227  -4.386051
  0.529596  -1.584227  -4.386051
  1.519546  -1.584227  -4.386051
  2.509495  -1.584227  -4.386051
 -0.955328  -1.089253  -4.386051
  0.034621  -1.089253  -4.386051
  1.024571  -1.089253  -4.386051
  2.014520  -1.089253  -4.386051
  3.004470  -1.089253  -4.386051
 -0.460353  -0.594278  -4.386051
  0.529596  -0.594278  -4.386051
  1.519546  -0.594278  -4.386051
  2.509495  -0.594278  -4.386051
  3.499444  -0.594278  -4.386051
 -0.955328  -0.099303  -4.386051
  0.034621  -0.099303  -4.386051
  1.024571  -0.099303  -4.386051
  2.014520  -0.099303  -4.386051
  3.004470  -0.099303  -4.386051
 -0.460353   0.395672  -4.386051
  0.529596   0.395672  -4.386051
  1.519546   0.395672  -4.386051
  2.509495   0.395672  -4.386051
  3.499444   0.395672  -4.386051
  0.034621   0.890646  -4.386051
  1.024571   0.890646  -4.386051
  2.014520   0.890646  -4.386051
  3.004470   0.890646  -4.386051
 -0.460353   1.385621  -4.386051
  0.529596   1.385621  -4.386051
  1.519546   1.385621  -4.386051
  2.509495   1.385621  -4.386051
  1.024571   1.880596  -4.386051
  2.014520   1.880596  -4.386051
  2.509495  -4.059101  -3.891076
  2.014520  -3.564126  -3.891076
  3.004470  -3.564126  -3.891076
  0.529596  -3.069152  -3.891076
  1.519546  -3.069152  -3.891076
  2.509495  -3.069152  -3.891076
  3.499444  -3.069152  -3.891076
  0.034621  -2.574177  -3.891076
  1.024571  -2.574177  -3.891076
  2.014520  -2.574177  -3.891076
  3.004470  -2.574177  -3.891076
  3.994419  -2.574177  -3.891076
 -0.460353  -2.079202  -3.891076
  0.529596  -2.079202  -3.891076
  1.519546  -2.079202  -3.891076
  2.509495  -2.079202  -3.891076
  3.499444  -2.079202  -3.891076
  4.489394  -2.079202  -3.891076
 -0.955328  -1.584227  -3.891076
  0.034621  -1.584227  -3.891076
  1.024571  -1.584227  -3.891076
  2.014520  -1.584227  -3.891076
  3.004470  -1.584227  -3.891076
  3.994419  -1.584227  -3.891076
 -1.450303  -1.089253  -3.891076
 -0.460353  -1.089253  -3.891076
  0.529596  -1.089253  -3.891076
  1.519546  -1.089253  -3.891076
  2.509495  -1.089253  -3.891076
  3.499444  -1.089253  -3.891076
 -0.955328  -0.594278  -3.891076
  0.034621  -0.594278  -3.891076
  1.024571  -0.594278  -3.891076
  2.014520  -0.594278  -3.891076
  3.004470  -0.594278  -3.891076
  3.994419  -0.594278  -3.891076
 -1.450303  -0.099303  -3.891076
 -0.460353  -0.099303  -3.891076
  0.529596  -0.099303  -3.891076
  1.519546  -0.099303  -3.891076
  2.509495  -0.099303  -3.891076
  3.499444  -0.099303  -3.891076
 -0.955328   0.395672  -3.891076
  0.034621   0.395672  -3.891076
  1.024571   0.395672  -3.891076
  2.014520   0.395672  -3.891076
  3.004470   0.395672  -3.891076
  3.994419   0.395672  -3.891076
 -0.460353   0.890646  -3.891076
  0.529596   0.890646  -3.891076
  1.519546   0.890646  -3.891076
  2.509495   0.890646  -3.891076
  3.499444   0.890646  -3.891076
 -0.955328   1.385621  -3.891076
  0.034621   1.385621  -3.891076
  1.024571   1.385621  -3.891076
  2.014520   1.385621  -3.891076
  3.004470   1.385621  -3.891076
 -0.460353   1.880596  -3.891076
  0.529596   1.880596  -3.891076
  1.519546   1.880596  -3.891076
  2.509495   1.880596  -3.891076
  1.024571   2.375571  -3.891076
  2.014520   2.375571  -3.891076
  1.519546  -4.554076  -3.396101
  2.509495  -4.554076  -3.396101
  3.499444  -4.554076  -3.396101
  1.024571  -4.059101  -3.396101
  2.014520  -4.059101  -3.396101
  3.004470  -4.059101  -3.396101
  3.994419  -4.059101  -3.396101
  0.529596  -3.564126  -3.396101
  1.519546  -3.564126  -3.396101
  2.509495  -3.564126  -3.396101
  3.499444  -3.564126  -3.396101
  4.489394  -3.564126  -3.396101
  0.034621  -3.069152  -3.396101
  1.024571  -3.069152  -3.396101
  2.014520  -3.069152  -3.396101
  3.004470  -3.069152  -3.396101
  3.994419  -3.069152  -3.396101
  4.984369  -3.069152  -3.396101
 -0.460353  -2.574177  -3.396101
  0.529596  -2.574177  -3.396101
  1.519546  -2.574177  -3.396101
  2.509495  -2.574177  -3.396101
  3.499444  -2.574177  -3.396101
  4.489394  -2.574177  -3.396101
 -0.955328  -2.079202  -3.396101
  0.034621  -2.079202  -3.396101
  1.024571  -2.079202  -3.396101
  2.014520  -2.079202  -3.396101
  3.004470  -2.079202  -3.396101
  3.994419  -2.079202  -3.396101
  4.984369  -2.079202  -3.396101
 -1.450303  -1.584227  -3.396101
 -0.460353  -1.584227  -3.396101
  0.529596  -1.584227  -3.396101
  1.519546  -1.584227  -3.396101
  2.509495  -1.584227  -3.396101
  3.499444  -1.584227  -3.396101
  4.489394  -1.584227  -3.396101
 -0.955328  -1.089253  -3.396101
  0.034621  -1.089253  -3.396101
  1.024571  -1.089253  -3.396101
  2.014520  -1.089253  -3.396101
  3.004470  -1.089253  -3.396101
  3.994419  -1.089253  -3.396101
  4.984369  -1.089253  -3.396101
 -1.450303  -0.594278  -3.396101
 -0.460353  -0.594278  -3.396101
  0.529596  -0.594278  -3.396101
  1.519546  -0.594278  -3.396101
  2.509495  -0.594278  -3.396101
  3.499444  -0.594278  -3.396101
  4.489394  -0.594278  -3.396101
 -0.955328  -0.099303  -3.396101
  0.034621  -0.099303  -3.396101
  1.024571  -0.099303  -3.396101
  2.014520  -0.099303  -3.396101
  3.004470  -0.099303  -3.396101
  3.994419  -0.099303  -3.396101
 -3.430202   0.395672  -3.396101
 -1.450303   0.395672  -3.396101
 -0.460353   0.395672  -3.396101
  0.529596   0.395672  -3.396101
  1.519546   0.395672  -3.396101
  2.509495   0.395672  -3.396101
  3.499444   0.395672  -3.396101
  4.489394   0.395672  -3.396101
 -3.925177   0.890646  -3.396101
 -2.935227   0.890646  -3.396101
 -0.955328   0.890646  -3.396101
  0.034621   0.890646  -3.396101
  1.024571   0.890646  -3.396101
  2.014520   0.890646  -3.396101
  3.004470   0.890646  -3.396101
  3.994419   0.890646  -3.396101
 -3.430202   1.385621  -3.396101
 -0.460353   1.385621  -3.396101
  0.529596   1.385621  -3.396101
  1.519546   1.385621  -3.396101
  2.509495   1.385621  -3.396101
  3.499444   1.385621  -3.396101
 -0.955328   1.880596  -3.396101
  0.034621   1.880596  -3.396101
  1.024571   1.880596  -3.396101
  2.014520   1.880596  -3.396101
  3.004470   1.880596  -3.396101
  0.529596   2.375571  -3.396101
  1.519546   2.375571  -3.396101
  2.509495   2.375571  -3.396101
  1.024571   2.870545  -3.396101
  1.519546  -5.049050  -2.901126
  2.509495  -5.049050  -2.901126
  1.024571  -4.554076  -2.901126
  2.014520  -4.554076  -2.901126
  3.004470  -4.554076  -2.901126
  3.994419  -4.554076  -2.901126
  0.529596  -4.059101  -2.901126
  1.519546  -4.059101  -2.901126
  2.509495  -4.059101  -2.901126
  3.499444  -4.059101  -2.901126
  4.489394  -4.059101  -2.901126
  0.034621  -3.564126  -2.901126
  1.024571  -3.564126  -2.901126
  2.014520  -3.564126  -2.901126
  3.004470  -3.564126  -2.901126
  3.994419  -3.564126  -2.901126
  4.984369  -3.564126  -2.901126
 -0.460353  -3.069152  -2.901126
  0.529596  -3.069152  -2.901126
  1.519546  -3.069152  -2.901126
  2.509495  -3.069152  -2.901126
  3.499444  -3.069152  -2.901126
  4.489394  -3.069152  -2.901126
  5.479343  -3.069152  -2.901126
 -0.955328  -2.574177  -2.901126
  0.034621  -2.574177  -2.901126
  1.024571  -2.574177  -2.901126
  2.014520  -2.574177  -2.901126
  3.004470  -2.574177  -2.901126
  3.994419  -2.574177  -2.901126
  4.984369  -2.574177  -2.901126
 -1.450303  -2.079202  -2.901126
 -0.460353  -2.079202  -2.901126
  0.529596  -2.079202  -2.901126
  1.519546  -2.079202  -2.901126
  2.509495  -2.079202  -2.901126
  3.499444  -2.079202  -2.901126
  4.489394  -2.079202  -2.901126
  5.479343  -2.079202  -2.901126
 -0.955328  -1.584227  -2.901126
  0.034621  -1.584227  -2.901126
  1.024571  -1.584227  -2.901126
  2.014520  -1.584227  -2.901126
  3.004470  -1.584227  -2.901126
  3.994419  -1.584227  -2.901126
  4.984369  -1.584227  -2.901126
 -3.430202  -1.089253  -2.901126
 -1.450303  -1.089253  -2.901126
 -0.460353  -1.089253  -2.901126
  0.529596  -1.089253  -2.901126
  1.519546  -1.089253  -2.901126
  2.509495  -1.089253  -2.901126
  3.499444  -1.089253  -2.901126
  4.489394  -1.089253  -2.901126
  5.479343  -1.089253  -2.901126
 -3.925177  -0.594278  -2.901126
 -2.935227  -0.594278  -2.901126
 -1.945278  -0.594278  -2.901126
 -0.955328  -0.594278  -2.901126
  0.034621  -0.594278  -2.901126
  1.024571  -0.594278  -2.901126
  2.014520  -0.594278  -2.901126
  3.004470  -0.594278  -2.901126
  3.994419  -0.594278  -2.901126
  4.984369  -0.594278  -2.901126
 -4.420151  -0.099303  -2.901126
 -3.430202  -0.099303  -2.901126
 -2.440252  -0.099303  -2.901126
 -1.450303  -0.099303  -2.901126
 -0.460353  -0.099303  -2.901126
  0.529596  -0.099303  -2.901126
  2.509495  -0.099303  -2.901126
  3.499444  -0.099303  -2.901126
  4.489394  -0.099303  -2.901126
 -4.915126   0.395672  -2.901126
 -3.925177   0.395672  -2.901126
 -2.935227   0.395672  -2.901126
 -1.945278   0.395672  -2.901126
 -0.955328   0.395672  -2.901126
  0.034621   0.395672  -2.901126
  1.024571   0.395672  -2.901126
  2.014520   0.395672  -2.901126
  3.004470   0.395672  -2.901126
  3.994419   0.395672  -2.901126
 -5.410101   0.890646  -2.901126
 -4.420151   0.890646  -2.901126
 -3.430202   0.890646  -2.901126
 -2.440252   0.890646  -2.901126
 -1.450303   0.890646  -2.901126
 -0.460353   0.890646  -2.901126
  0.529596   0.890646  -2.901126
  1.519546   0.890646  -2.901126
  2.509495   0.890646  -2.901126
  3.499444   0.890646  -2.901126
  4.489394   0.890646  -2.901126
 -4.915126   1.385621  -2.901126
 -3.925177   1.385621  -2.901126
 -2.935227   1.385621  -2.901126
 -1.945278   1.385621  -2.901126
 -0.955328   1.385621  -2.901126
  0.034621   1.385621  -2.901126
  1.024571   1.385621  -2.901126
  2.014520   1.385621  -2.901126
  3.004470   1.385621  -2.901126
  3.994419   1.385621  -2.901126
 -4.420151   1.880596  -2.901126
 -3.430202   1.880596  -2.901126
 -2.440252   1.880596  -2.901126
 -1.450303   1.880596  -2.901126
 -0.460353   1.880596  -2.901126
  0.529596   1.880596  -2.901126
  1.519546   1.880596  -2.901126
  2.509495   1.880596  -2.901126
  3.499444   1.880596  -2.901126
 -3.925177   2.375571  -2.901126
 -2.935227   2.375571  -2.901126
 -1.945278   2.375571  -2.901126
 -0.955328   2.375571  -2.901126
  0.034621   2.375571  -2.901126
  1.024571   2.375571  -2.901126
  2.014520   2.375571  -2.901126
  3.004470   2.375571  -2.901126
 -3.430202   2.870545  -2.901126
 -2.440252   2.870545  -2.901126
 -1.450303   2.870545  -2.901126
 -0.460353   2.870545  -2.901126
  0.529596   2.870545  -2.901126
  1.519546   2.870545  -2.901126
  2.509495   2.870545  -2.901126
  1.024571  -5.049050  -2.406152
  2.014520  -5.049050  -2.406152
  3.004470  -5.049050  -2.406152
  3.994419  -5.049050  -2.406152
  0.529596  -4.554076  -2.406152
  1.519546  -4.554076  -2.406152
  2.509495  -4.554076  -2.406152
  3.499444  -4.554076  -2.406152
  4.489394  -4.554076  -2.406152
  0.034621  -4.059101  -2.406152
  1.024571  -4.059101  -2.406152
  2.014520  -4.059101  -2.406152
  3.004470  -4.059101  -2.406152
  3.994419  -4.059101  -2.406152
  4.984369  -4.059101  -2.406152
 -0.460353  -3.564126  -2.406152
  0.529596  -3.564126  -2.406152
  1.519546  -3.564126  -2.406152
  2.509495  -3.564126  -2.406152
  3.499444  -3.564126  -2.406152
  4.489394  -3.564126  -2.406152
  5.479343  -3.564126  -2.406152
 -0.955328  -3.069152  -2.406152
  0.034621  -3.069152  -2.406152
  1.024571  -3.069152  -2.406152
  2.014520  -3.069152  -2.406152
  3.004470  -3.069152  -2.406152
  3.994419  -3.069152  -2.406152
  4.984369  -3.069152  -2.406152
 -1.450303  -2.574177  -2.406152
 -0.460353  -2.574177  -2.406152
  0.529596  -2.574177  -2.406152
  1.519546  -2.574177  -2.406152
  2.509495  -2.574177  -2.406152
  3.499444  -2.574177  -2.406152
  4.489394  -2.574177  -2.406152
  5.479343  -2.574177  -2.406152
 -0.955328  -2.079202  -2.406152
  0.034621  -2.079202  -2.406152
  1.024571  -2.079202  -2.406152
  2.014520  -2.079202  -2.406152
  3.004470  -2.079202  -2.406152
  3.994419  -2.079202  -2.406152
  4.984369  -2.079202  -2.406152
  5.974318  -2.079202  -2.406152
 -4.420151  -1.584227  -2.406152
 -3.430202  -1.584227  -2.406152
 -2.440252  -1.584227  -2.406152
 -1.450303  -1.584227  -2.406152
 -0.460353  -1.584227  -2.406152
  0.529596  -1.584227  -2.406152
  1.519546  -1.584227  -2.406152
  2.509495  -1.584227  -2.406152
  3.499444  -1.584227  -2.406152
  4.489394  -1.584227  -2.406152
  5.479343  -1.584227  -2.406152
 -4.915126  -1.089253  -2.406152
 -3.925177  -1.089253  -2.406152
 -2.935227  -1.089253  -2.406152
 -1.945278  -1.089253  -2.406152
 -0.955328  -1.089253  -2.406152
  0.034621  -1.089253  -2.406152
  2.014520  -1.089253  -2.406152
  3.004470  -1.089253  -2.406152
  3.994419  -1.089253  -2.406152
  4.984369  -1.089253  -2.406152
 -5.410101  -0.594278  -2.406152
 -4.420151  -0.594278  -2.406152
 -3.430202  -0.594278  -2.406152
 -2.440252  -0.594278  -2.406152
 -1.450303  -0.594278  -2.406152
 -0.460353  -0.594278  -2.406152
  2.509495  -0.594278  -2.406152
  3.499444  -0.594278  -2.406152
  4.489394  -0.594278  -2.406152
  5.479343  -0.594278  -2.406152
 -4.915126  -0.099303  -2.406152
 -3.925177  -0.099303  -2.406152
 -2.935227  -0.099303  -2.406152
 -1.945278  -0.099303  -2.406152
 -0.955328  -0.099303  -2.406152
  0.034621  -0.099303  -2.406152
  3.004470  -0.099303  -2.406152
  3.994419  -0.099303  -2.406152
  4.984369  -0.099303  -2.406152
 -5.410101   0.395672  -2.406152
 -4.420151   0.395672  -2.406152
 -3.430202   0.395672  -2.406152
 -2.440252   0.395672  -2.406152
 -1.450303   0.395672  -2.406152
 -0.460353   0.395672  -2.406152
  0.529596   0.395672  -2.406152
  2.509495   0.395672  -2.406152
  3.499444   0.395672  -2.406152
  4.489394   0.395672  -2.406152
 -5.905076   0.890646  -2.406152
 -4.915126   0.890646  -2.406152
 -3.925177   0.890646  -2.406152
 -2.935227   0.890646  -2.406152
 -1.945278   0.890646  -2.406152
 -0.955328   0.890646  -2.406152
  0.034621   0.890646  -2.406152
  1.024571   0.890646  -2.406152
  2.014520   0.890646  -2.406152
  3.004470   0.890646  -2.406152
  3.994419   0.890646  -2.406152
  4.984369   0.890646  -2.406152
 -5.410101   1.385621  -2.406152
 -4.420151   1.385621  -2.406152
 -3.430202   1.385621  -2.406152
 -2.440252   1.385621  -2.406152
 -1.450303   1.385621  -2.406152
 -0.460353   1.385621  -2.406152
  0.529596   1.385621  -2.406152
  1.519546   1.385621  -2.406152
  2.509495   1.385621  -2.406152
  3.499444   1.385621  -2.406152
  4.489394   1.385621  -2.406152
 -5.905076   1.880596  -2.406152
 -4.915126   1.880596  -2.406152
 -3.925177   1.880596  -2.406152
 -2.935227   1.880596  -2.406152
 -1.945278   1.880596  -2.406152
 -0.955328   1.880596  -2.406152
  0.034621   1.880596  -2.406152
  1.024571   1.880596  -2.406152
  2.014520   1.880596  -2.406152
  3.004470   1.880596  -2.406152
  3.994419   1.880596  -2.406152
 -5.410101   2.375571  -2.406152
 -4.420151   2.375571  -2.406152
 -3.430202   2.375571  -2.406152
 -2.440252   2.375571  -2.406152
 -1.450303   2.375571  -2.406152
 -0.460353   2.375571  -2.406152
  0.529596   2.375571  -2.406152
  1.519546   2.375571  -2.406152
  2.509495   2.375571  -2.406152
  3.499444   2.375571  -2.406152
 -4.915126   2.870545  -2.406152
 -3.925177   2.870545  -2.406152
 -2.935227   2.870545  -2.406152
 -1.945278   2.870545  -2.406152
 -0.955328   2.870545  -2.406152
  0.034621   2.870545  -2.406152
  1.024571   2.870545  -2.406152
  2.014520   2.870545  -2.406152
 -4.420151   3.365520  -2.406152
 -3.430202   3.365520  -2.406152
 -2.440252   3.365520  -2.406152
 -1.450303   3.365520  -2.406152
 -0.460353   3.365520  -2.406152
  0.529596   3.365520  -2.406152
  1.519546   3.365520  -2.406152
 -1.945278   3.860495  -2.406152
 -0.955328   3.860495  -2.406152
  0.034621   3.860495  -2.406152
  1.024571   3.860495  -2.406152
  2.014520  -5.544025  -1.911177
  3.004470  -5.544025  -1.911177
  0.529596  -5.049050  -1.911177
  1.519546  -5.049050  -1.911177
  2.509495  -5.049050  -1.911177
  3.499444  -5.049050  -1.911177
  4.489394  -5.049050  -1.911177
  0.034621  -4.554076  -1.911177
  1.024571  -4.554076  -1.911177
  2.014520  -4.554076  -1.911177
  3.004470  -4.554076  -1.911177
  3.994419  -4.554076  -1.911177
  4.984369  -4.554076  -1.911177
 -0.460353  -4.059101  -1.911177
  0.529596  -4.059101  -1.911177
  1.519546  -4.059101  -1.911177
  2.509495  -4.059101  -1.911177
  3.499444  -4.059101  -1.911177
  4.489394  -4.059101  -1.911177
  5.479343  -4.059101  -1.911177
  0.034621  -3.564126  -1.911177
  1.024571  -3.564126  -1.911177
  2.014520  -3.564126  -1.911177
  3.004470  -3.564126  -1.911177
  3.994419  -3.564126  -1.911177
  4.984369  -3.564126  -1.911177
 -0.460353  -3.069152  -1.911177
  0.529596  -3.069152  -1.911177
  1.519546  -3.069152  -1.911177
  2.509495  -3.069152  -1.911177
  3.499444  -3.069152  -1.911177
  4.489394  -3.069152  -1.911177
  5.479343  -3.069152  -1.911177
 -0.955328  -2.574177  -1.911177
  0.034621  -2.574177  -1.911177
  1.024571  -2.574177  -1.911177
  2.014520  -2.574177  -1.911177
  3.994419  -2.574177  -1.911177
  4.984369  -2.574177  -1.911177
  5.974318  -2.574177  -1.911177
 -4.420151  -2.079202  -1.911177
 -3.430202  -2.079202  -1.911177
 -2.440252  -2.079202  -1.911177
 -1.450303  -2.079202  -1.911177
 -0.460353  -2.079202  -1.911177
  0.529596  -2.079202  -1.911177
  1.519546  -2.079202  -1.911177
  4.489394  -2.079202  -1.911177
  5.479343  -2.079202  -1.911177
 -4.915126  -1.584227  -1.911177
 -3.925177  -1.584227  -1.911177
 -2.935227  -1.584227  -1.911177
 -1.945278  -1.584227  -1.911177
 -0.955328  -1.584227  -1.911177
  0.034621  -1.584227  -1.911177
  1.024571  -1.584227  -1.911177
  2.014520  -1.584227  -1.911177
  3.994419  -1.584227  -1.911177
  4.984369  -1.584227  -1.911177
  5.974318  -1.584227  -1.911177
 -5.410101  -1.089253  -1.911177
 -4.420151  -1.089253  -1.911177
 -3.430202  -1.089253  -1.911177
 -2.440252  -1.089253  -1.911177
 -1.450303  -1.089253  -1.911177
 -0.460353  -1.089253  -1.911177
  2.509495  -1.089253  -1.911177
  3.499444  -1.089253  -1.911177
  4.489394  -1.089253  -1.911177
  5.479343  -1.089253  -1.911177
 -5.905076  -0.594278  -1.911177
 -4.915126  -0.594278  -1.911177
 -3.925177  -0.594278  -1.911177
 -2.935227  -0.594278  -1.911177
 -1.945278  -0.594278  -1.911177
 -0.955328  -0.594278  -1.911177
  0.034621  -0.594278  -1.911177
  3.004470  -0.594278  -1.911177
  3.994419  -0.594278  -1.911177
  4.984369  -0.594278  -1.911177
  5.974318  -0.594278  -1.911177
 -5.410101  -0.099303  -1.911177
 -4.420151  -0.099303  -1.911177
 -3.430202  -0.099303  -1.911177
 -2.440252  -0.099303  -1.911177
 -1.450303  -0.099303  -1.911177
 -0.460353  -0.099303  -1.911177
  2.509495  -0.099303  -1.911177
  3.499444  -0.099303  -1.911177
  4.489394  -0.099303  -1.911177
  5.479343  -0.099303  -1.911177
 -5.905076   0.395672  -1.911177
 -4.915126   0.395672  -1.911177
 -3.925177   0.395672  -1.911177
 -2.935227   0.395672  -1.911177
 -1.945278   0.395672  -1.911177
 -0.955328   0.395672  -1.911177
  0.034621   0.395672  -1.911177
  3.004470   0.395672  -1.911177
  3.994419   0.395672  -1.911177
  4.984369   0.395672  -1.911177
 -6.400050   0.890646  -1.911177
 -5.410101   0.890646  -1.911177
 -4.420151   0.890646  -1.911177
 -3.430202   0.890646  -1.911177
 -2.440252   0.890646  -1.911177
 -1.450303   0.890646  -1.911177
 -0.460353   0.890646  -1.911177
  0.529596   0.890646  -1.911177
  1.519546   0.890646  -1.911177
  2.509495   0.890646  -1.911177
  3.499444   0.890646  -1.911177
  4.489394   0.890646  -1.911177
 -5.905076   1.385621  -1.911177
 -4.915126   1.385621  -1.911177
 -3.925177   1.385621  -1.911177
 -2.935227   1.385621  -1.911177
 -1.945278   1.385621  -1.911177
 -0.955328   1.385621  -1.911177
  0.034621   1.385621  -1.911177
  1.024571   1.385621  -1.911177
  2.014520   1.385621  -1.911177
  3.004470   1.385621  -1.911177
  3.994419   1.385621  -1.911177
 -6.400050   1.880596  -1.911177
 -5.410101   1.880596  -1.911177
 -4.420151   1.880596  -1.911177
 -3.430202   1.880596  -1.911177
 -2.440252   1.880596  -1.911177
 -1.450303   1.880596  -1.911177
 -0.460353   1.880596  -1.911177
  0.529596   1.880596  -1.911177
  1.519546   1.880596  -1.911177
  2.509495   1.880596  -1.911177
  3.499444   1.880596  -1.911177
  4.489394   1.880596  -1.911177
 -5.905076   2.375571  -1.911177
 -4.915126   2.375571  -1.911177
 -3.925177   2.375571  -1.911177
 -2.935227   2.375571  -1.911177
 -1.945278   2.375571  -1.911177
 -0.955328   2.375571  -1.911177
  0.034621   2.375571  -1.911177
  1.024571   2.375571  -1.911177
  2.014520   2.375571  -1.911177
  3.004470   2.375571  -1.911177
  3.994419   2.375571  -1.911177
 -5.410101   2.870545  -1.911177
 -4.420151   2.870545  -1.911177
 -3.430202   2.870545  -1.911177
 -2.440252   2.870545  -1.911177
 -1.450303   2.870545  -1.911177
 -0.460353   2.870545  -1.911177
  0.529596   2.870545  -1.911177
  1.519546   2.870545  -1.911177
  2.509495   2.870545  -1.911177
 -4.915126   3.365520  -1.911177
 -3.925177   3.365520  -1.911177
 -2.935227   3.365520  -1.911177
 -1.945278   3.365520  -1.911177
 -0.955328   3.365520  -1.911177
  0.034621   3.365520  -1.911177
  1.024571   3.365520  -1.911177
  2.014520   3.365520  -1.911177
 -4.420151   3.860495  -1.911177
 -3.430202   3.860495  -1.911177
 -2.440252   3.860495  -1.911177
 -1.450303   3.860495  -1.911177
 -0.460353   3.860495  -1.911177
  0.529596   3.860495  -1.911177
  1.519546   3.860495  -1.911177
 -1.945278   4.355470  -1.911177
  0.034621   4.355470  -1.911177
  1.024571   4.355470  -1.911177
  1.519546  -5.544025  -1.416202
  2.509495  -5.544025  -1.416202
  3.499444  -5.544025  -1.416202
  0.034621  -5.049050  -1.416202
  1.024571  -5.049050  -1.416202
  2.014520  -5.049050  -1.416202
  3.004470  -5.049050  -1.416202
  3.994419  -5.049050  -1.416202
 -0.460353  -4.554076  -1.416202
  0.529596  -4.554076  -1.416202
  1.519546  -4.554076  -1.416202
  2.509495  -4.554076  -1.416202
  3.499444  -4.554076  -1.416202
  4.489394  -4.554076  -1.416202
  5.479343  -4.554076  -1.416202
  0.034621  -4.059101  -1.416202
  1.024571  -4.059101  -1.416202
  2.014520  -4.059101  -1.416202
  3.004470  -4.059101  -1.416202
  3.994419  -4.059101  -1.416202
  4.984369  -4.059101  -1.416202
 -0.460353  -3.564126  -1.416202
  0.529596  -3.564126  -1.416202
  1.519546  -3.564126  -1.416202
  2.509495  -3.564126  -1.416202
  3.499444  -3.564126  -1.416202
  4.489394  -3.564126  -1.416202
  5.479343  -3.564126  -1.416202
 -0.955328  -3.069152  -1.416202
  0.034621  -3.069152  -1.416202
  1.024571  -3.069152  -1.416202
  2.014520  -3.069152  -1.416202
  3.994419  -3.069152  -1.416202
  4.984369  -3.069152  -1.416202
  5.974318  -3.069152  -1.416202
 -3.430202  -2.574177  -1.416202
 -1.450303  -2.574177  -1.416202
 -0.460353  -2.574177  -1.416202
  0.529596  -2.574177  -1.416202
  1.519546  -2.574177  -1.416202
  4.489394  -2.574177  -1.416202
  5.479343  -2.574177  -1.416202
 -4.915126  -2.079202  -1.416202
 -3.925177  -2.079202  -1.416202
 -2.935227  -2.079202  -1.416202
 -1.945278  -2.079202  -1.416202
 -0.955328  -2.079202  -1.416202
  0.034621  -2.079202  -1.416202
  1.024571  -2.079202  -1.416202
  3.994419  -2.079202  -1.416202
  4.984369  -2.079202  -1.416202
  5.974318  -2.079202  -1.416202
 -5.410101  -1.584227  -1.416202
 -4.420151  -1.584227  -1.416202
 -3.430202  -1.584227  -1.416202
 -2.440252  -1.584227  -1.416202
 -1.450303  -1.584227  -1.416202
 -0.460353  -1.584227  -1.416202
  0.529596  -1.584227  -1.416202
  4.489394  -1.584227  -1.416202
  5.479343  -1.584227  -1.416202
 -5.905076  -1.089253  -1.416202
 -4.915126  -1.089253  -1.416202
 -3.925177  -1.089253  -1.416202
 -2.935227  -1.089253  -1.416202
 -1.945278  -1.089253  -1.416202
 -0.955328  -1.089253  -1.416202
  0.034621  -1.089253  -1.416202
  3.004470  -1.089253  -1.416202
  3.994419  -1.089253  -1.416202
  4.984369  -1.089253  -1.416202
  5.974318  -1.089253  -1.416202
 -6.400050  -0.594278  -1.416202
 -5.410101  -0.594278  -1.416202
 -4.420151  -0.594278  -1.416202
 -3.430202  -0.594278  -1.416202
 -2.440252  -0.594278  -1.416202
 -1.450303  -0.594278  -1.416202
 -0.460353  -0.594278  -1.416202
  3.499444  -0.594278  -1.416202
  4.489394  -0.594278  -1.416202
  5.479343  -0.594278  -1.416202
 -5.905076  -0.099303  -1.416202
 -4.915126  -0.099303  -1.416202
 -3.925177  -0.099303  -1.416202
 -2.935227  -0.099303  -1.416202
 -1.945278  -0.099303  -1.416202
 -0.955328  -0.099303  -1.416202
  0.034621  -0.099303  -1.416202
  3.004470  -0.099303  -1.416202
  3.994419  -0.099303  -1.416202
  4.984369  -0.099303  -1.416202
  5.974318  -0.099303  -1.416202
 -6.400050   0.395672  -1.416202
 -5.410101   0.395672  -1.416202
 -4.420151   0.395672  -1.416202
 -3.430202   0.395672  -1.416202
 -2.440252   0.395672  -1.416202
 -1.450303   0.395672  -1.416202
 -0.460353   0.395672  -1.416202
  2.509495   0.395672  -1.416202
  3.499444   0.395672  -1.416202
  4.489394   0.395672  -1.416202
  5.479343   0.395672  -1.416202
 -5.905076   0.890646  -1.416202
 -4.915126   0.890646  -1.416202
 -3.925177   0.890646  -1.416202
 -2.935227   0.890646  -1.416202
 -1.945278   0.890646  -1.416202
 -0.955328   0.890646  -1.416202
  0.034621   0.890646  -1.416202
  1.024571   0.890646  -1.416202
  2.014520   0.890646  -1.416202
  3.004470   0.890646  -1.416202
  3.994419   0.890646  -1.416202
  4.984369   0.890646  -1.416202
 -6.400050   1.385621  -1.416202
 -5.410101   1.385621  -1.416202
 -4.420151   1.385621  -1.416202
 -3.430202   1.385621  -1.416202
 -2.440252   1.385621  -1.416202
 -1.450303   1.385621  -1.416202
 -0.460353   1.385621  -1.416202
  1.519546   1.385621  -1.416202
  2.509495   1.385621  -1.416202
  3.499444   1.385621  -1.416202
  4.489394   1.385621  -1.416202
 -5.905076   1.880596  -1.416202
 -4.915126   1.880596  -1.416202
 -3.925177   1.880596  -1.416202
 -2.935227   1.880596  -1.416202
 -1.945278   1.880596  -1.416202
 -0.955328   1.880596  -1.416202
  0.034621   1.880596  -1.416202
  1.024571   1.880596  -1.416202
  2.014520   1.880596  -1.416202
  3.004470   1.880596  -1.416202
  3.994419   1.880596  -1.416202
 -6.400050   2.375571  -1.416202
 -5.410101   2.375571  -1.416202
 -4.420151   2.375571  -1.416202
 -3.430202   2.375571  -1.416202
 -2.440252   2.375571  -1.416202
 -1.450303   2.375571  -1.416202
 -0.460353   2.375571  -1.416202
  0.529596   2.375571  -1.416202
  1.519546   2.375571  -1.416202
  2.509495   2.375571  -1.416202
  3.499444   2.375571  -1.416202
 -5.905076   2.870545  -1.416202
 -4.915126   2.870545  -1.416202
 -3.925177   2.870545  -1.416202
 -2.935227   2.870545  -1.416202
 -1.945278   2.870545  -1.416202
 -0.955328   2.870545  -1.416202
  0.034621   2.870545  -1.416202
  1.024571   2.870545  -1.416202
  2.014520   2.870545  -1.416202
  3.004470   2.870545  -1.416202
 -5.410101   3.365520  -1.416202
 -4.420151   3.365520  -1.416202
 -3.430202   3.365520  -1.416202
 -2.440252   3.365520  -1.416202
 -1.450303   3.365520  -1.416202
 -0.460353   3.365520  -1.416202
  0.529596   3.365520  -1.416202
  1.519546   3.365520  -1.416202
  2.509495   3.365520  -1.416202
 -4.915126   3.860495  -1.416202
 -3.925177   3.860495  -1.416202
 -2.935227   3.860495  -1.416202
 -1.945278   3.860495  -1.416202
 -0.955328   3.860495  -1.416202
  0.034621   3.860495  -1.416202
  1.024571   3.860495  -1.416202
  2.014520   3.860495  -1.416202
 -3.430202   4.355470  -1.416202
 -2.440252   4.355470  -1.416202
 -1.450303   4.355470  -1.416202
 -0.460353   4.355470  -1.416202
  0.529596   4.355470  -1.416202
  1.519546   4.355470  -1.416202
  1.024571  -5.544025  -0.921227
  2.014520  -5.544025  -0.921227
  3.004470  -5.544025  -0.921227
  3.994419  -5.544025  -0.921227
  0.529596  -5.049050  -0.921227
  1.519546  -5.049050  -0.921227
  2.509495  -5.049050  -0.921227
  3.499444  -5.049050  -0.921227
  4.489394  -5.049050  -0.921227
  0.034621  -4.554076  -0.921227
  1.024571  -4.554076  -0.921227
  2.014520  -4.554076  -0.921227
  3.004470  -4.554076  -0.921227
  3.994419  -4.554076  -0.921227
  4.984369  -4.554076  -0.921227
 -0.460353  -4.059101  -0.921227
  0.529596  -4.059101  -0.921227
  1.519546  -4.059101  -0.921227
  2.509495  -4.059101  -0.921227
  3.499444  -4.059101  -0.921227
  4.489394  -4.059101  -0.921227
  5.479343  -4.059101  -0.921227
 -0.955328  -3.564126  -0.921227
  0.034621  -3.564126  -0.921227
  1.024571  -3.564126  -0.921227
  2.014520  -3.564126  -0.921227
  3.004470  -3.564126  -0.921227
  3.994419  -3.564126  -0.921227
  4.984369  -3.564126  -0.921227
  5.974318  -3.564126  -0.921227
 -1.450303  -3.069152  -0.921227
 -0.460353  -3.069152  -0.921227
  0.529596  -3.069152  -0.921227
  1.519546  -3.069152  -0.921227
  3.499444  -3.069152  -0.921227
  4.489394  -3.069152  -0.921227
  5.479343  -3.069152  -0.921227
 -3.925177  -2.574177  -0.921227
 -2.935227  -2.574177  -0.921227
 -1.945278  -2.574177  -0.921227
 -0.955328  -2.574177  -0.921227
  0.034621  -2.574177  -0.921227
  1.024571  -2.574177  -0.921227
  3.994419  -2.574177  -0.921227
  4.984369  -2.574177  -0.921227
  5.974318  -2.574177  -0.921227
 -5.410101  -2.079202  -0.921227
 -4.420151  -2.079202  -0.921227
 -3.430202  -2.079202  -0.921227
 -2.440252  -2.079202  -0.921227
 -1.450303  -2.079202  -0.921227
 -0.460353  -2.079202  -0.921227
  0.529596  -2.079202  -0.921227
  4.489394  -2.079202  -0.921227
  5.479343  -2.079202  -0.921227
  6.469293  -2.079202  -0.921227
 -5.905076  -1.584227  -0.921227
 -4.915126  -1.584227  -0.921227
 -3.925177  -1.584227  -0.921227
 -2.935227  -1.584227  -0.921227
 -1.945278  -1.584227  -0.921227
 -0.955328  -1.584227  -0.921227
  0.034621  -1.584227  -0.921227
  3.994419  -1.584227  -0.921227
  4.984369  -1.584227  -0.921227
  5.974318  -1.584227  -0.921227
 -6.400050  -1.089253  -0.921227
 -5.410101  -1.089253  -0.921227
 -4.420151  -1.089253  -0.921227
 -3.430202  -1.089253  -0.921227
 -2.440252  -1.089253  -0.921227
 -1.450303  -1.089253  -0.921227
 -0.460353  -1.089253  -0.921227
  3.499444  -1.089253  -0.921227
  4.489394  -1.089253  -0.921227
  5.479343  -1.089253  -0.921227
 -5.905076  -0.594278  -0.921227
 -4.915126  -0.594278  -0.921227
 -3.925177  -0.594278  -0.921227
 -2.935227  -0.594278  -0.921227
 -1.945278  -0.594278  -0.921227
 -0.955328  -0.594278  -0.921227
  0.034621  -0.594278  -0.921227
  3.994419  -0.594278  -0.921227
  4.984369  -0.594278  -0.921227
  5.974318  -0.594278  -0.921227
 -6.400050  -0.099303  -0.921227
 -5.410101  -0.099303  -0.921227
 -4.420151  -0.099303  -0.921227
 -2.440252  -0.099303  -0.921227
 -1.450303  -0.099303  -0.921227
 -0.460353  -0.099303  -0.921227
  3.499444  -0.099303  -0.921227
  4.489394  -0.099303  -0.921227
  5.479343  -0.099303  -0.921227
 -6.895025   0.395672  -0.921227
 -5.905076   0.395672  -0.921227
 -4.915126   0.395672  -0.921227
 -3.925177   0.395672  -0.921227
 -2.935227   0.395672  -0.921227
 -1.945278   0.395672  -0.921227
 -0.955328   0.395672  -0.921227
  0.034621   0.395672  -0.921227
  3.004470   0.395672  -0.921227
  3.994419   0.395672  -0.921227
  4.984369   0.395672  -0.921227
 -6.400050   0.890646  -0.921227
 -5.410101   0.890646  -0.921227
 -4.420151   0.890646  -0.921227
 -3.430202   0.890646  -0.921227
 -2.440252   0.890646  -0.921227
 -1.450303   0.890646  -0.921227
 -0.460353   0.890646  -0.921227
  1.519546   0.890646  -0.921227
  2.509495   0.890646  -0.921227
  3.499444   0.890646  -0.921227
  4.489394   0.890646  -0.921227
 -6.895025   1.385621  -0.921227
 -5.905076   1.385621  -0.921227
 -4.915126   1.385621  -0.921227
 -3.925177   1.385621  -0.921227
 -2.935227   1.385621  -0.921227
 -0.955328   1.385621  -0.921227
  2.014520   1.385621  -0.921227
  3.004470   1.385621  -0.921227
  3.994419   1.385621  -0.921227
  4.984369   1.385621  -0.921227
 -6.400050   1.880596  -0.921227
 -5.410101   1.880596  -0.921227
 -4.420151   1.880596  -0.921227
 -3.430202   1.880596  -0.921227
 -0.460353   1.880596  -0.921227
  1.519546   1.880596  -0.921227
  2.509495   1.880596  -0.921227
  3.499444   1.880596  -0.921227
  4.489394   1.880596  -0.921227
 -5.905076   2.375571  -0.921227
 -4.915126   2.375571  -0.921227
 -3.925177   2.375571  -0.921227
 -2.935227   2.375571  -0.921227
 -0.955328   2.375571  -0.921227
  0.034621   2.375571  -0.921227
  1.024571   2.375571  -0.921227
  2.014520   2.375571  -0.921227
  3.004470   2.375571  -0.921227
  3.994419   2.375571  -0.921227
 -6.400050   2.870545  -0.921227
 -5.410101   2.870545  -0.921227
 -4.420151   2.870545  -0.921227
 -3.430202   2.870545  -0.921227
 -2.440252   2.870545  -0.921227
 -1.450303   2.870545  -0.921227
 -0.460353   2.870545  -0.921227
  0.529596   2.870545  -0.921227
  1.519546   2.870545  -0.921227
  2.509495   2.870545  -0.921227
  3.499444   2.870545  -0.921227
 -5.905076   3.365520  -0.921227
 -4.915126   3.365520  -0.921227
 -3.925177   3.365520  -0.921227
 -2.935227   3.365520  -0.921227
 -1.945278   3.365520  -0.921227
 -0.955328   3.365520  -0.921227
  0.034621   3.365520  -0.921227
  1.024571   3.365520  -0.921227
  2.014520   3.365520  -0.921227
  3.004470   3.365520  -0.921227
 -5.410101   3.860495  -0.921227
 -4.420151   3.860495  -0.921227
 -3.430202   3.860495  -0.921227
 -2.440252   3.860495  -0.921227
 -1.450303   3.860495  -0.921227
 -0.460353   3.860495  -0.921227
  0.529596   3.860495  -0.921227
  1.519546   3.860495  -0.921227
  2.509495   3.860495  -0.921227
 -4.915126   4.355470  -0.921227
 -3.925177   4.355470  -0.921227
 -2.935227   4.355470  -0.921227
 -1.945278   4.355470  -0.921227
 -0.955328   4.355470  -0.921227
  0.034621   4.355470  -0.921227
  1.024571   4.355470  -0.921227
  2.014520   4.355470  -0.921227
  0.529596   4.850444  -0.921227
  1.519546  -5.544025  -0.426253
  2.509495  -5.544025  -0.426253
  3.499444  -5.544025  -0.426253
  0.034621  -5.049050  -0.426253
  1.024571  -5.049050  -0.426253
  2.014520  -5.049050  -0.426253
  3.004470  -5.049050  -0.426253
  3.994419  -5.049050  -0.426253
  4.984369  -5.049050  -0.426253
 -0.460353  -4.554076  -0.426253
  0.529596  -4.554076  -0.426253
  1.519546  -4.554076  -0.426253
  2.509495  -4.554076  -0.426253
  3.499444  -4.554076  -0.426253
  4.489394  -4.554076  -0.426253
  5.479343  -4.554076  -0.426253
 -0.955328  -4.059101  -0.426253
  0.034621  -4.059101  -0.426253
  1.024571  -4.059101  -0.426253
  2.014520  -4.059101  -0.426253
  3.004470  -4.059101  -0.426253
  3.994419  -4.059101  -0.426253
  4.984369  -4.059101  -0.426253
  5.974318  -4.059101  -0.426253
 -0.460353  -3.564126  -0.426253
  0.529596  -3.564126  -0.426253
  1.519546  -3.564126  -0.426253
  2.509495  -3.564126  -0.426253
  3.499444  -3.564126  -0.426253
  4.489394  -3.564126  -0.426253
  5.479343  -3.564126  -0.426253
 -1.945278  -3.069152  -0.426253
 -0.955328  -3.069152  -0.426253
  0.034621  -3.069152  -0.426253
  3.994419  -3.069152  -0.426253
  4.984369  -3.069152  -0.426253
  5.974318  -3.069152  -0.426253
 -4.420151  -2.574177  -0.426253
 -3.430202  -2.574177  -0.426253
 -2.440252  -2.574177  -0.426253
 -1.450303  -2.574177  -0.426253
 -0.460353  -2.574177  -0.426253
  0.529596  -2.574177  -0.426253
  4.489394  -2.574177  -0.426253
  5.479343  -2.574177  -0.426253
  6.469293  -2.574177  -0.426253
 -4.915126  -2.079202  -0.426253
 -3.925177  -2.079202  -0.426253
 -2.935227  -2.079202  -0.426253
 -1.945278  -2.079202  -0.426253
 -0.955328  -2.079202  -0.426253
  0.034621  -2.079202  -0.426253
  1.024571  -2.079202  -0.426253
  3.994419  -2.079202  -0.426253
  4.984369  -2.079202  -0.426253
  5.974318  -2.079202  -0.426253
 -5.410101  -1.584227  -0.426253
 -4.420151  -1.584227  -0.426253
 -3.430202  -1.584227  -0.426253
 -2.440252  -1.584227  -0.426253
 -1.450303  -1.584227  -0.426253
 -0.460353  -1.584227  -0.426253
  0.529596  -1.584227  -0.426253
  4.489394  -1.584227  -0.426253
  5.479343  -1.584227  -0.426253
  6.469293  -1.584227  -0.426253
 -5.905076  -1.089253  -0.426253
 -4.915126  -1.089253  -0.426253
 -3.925177  -1.089253  -0.426253
 -2.935227  -1.089253  -0.426253
 -1.945278  -1.089253  -0.426253
 -0.955328  -1.089253  -0.426253
  0.034621  -1.089253  -0.426253
  3.994419  -1.089253  -0.426253
  4.984369  -1.089253  -0.426253
  5.974318  -1.089253  -0.426253
 -6.400050  -0.594278  -0.426253
 -5.410101  -0.594278  -0.426253
 -4.420151  -0.594278  -0.426253
 -2.440252  -0.594278  -0.426253
 -1.450303  -0.594278  -0.426253
 -0.460353  -0.594278  -0.426253
  3.499444  -0.594278  -0.426253
  4.489394  -0.594278  -0.426253
  5.479343  -0.594278  -0.426253
 -6.895025  -0.099303  -0.426253
 -5.905076  -0.099303  -0.426253
 -4.915126  -0.099303  -0.426253
 -1.945278  -0.099303  -0.426253
 -0.955328  -0.099303  -0.426253
  0.034621  -0.099303  -0.426253
  3.004470  -0.099303  -0.426253
  3.994419  -0.099303  -0.426253
  4.984369  -0.099303  -0.426253
  5.974318  -0.099303  -0.426253
 -6.400050   0.395672  -0.426253
 -5.410101   0.395672  -0.426253
 -2.440252   0.395672  -0.426253
 -1.450303   0.395672  -0.426253
  2.509495   0.395672  -0.426253
  3.499444   0.395672  -0.426253
  4.489394   0.395672  -0.426253
  5.479343   0.395672  -0.426253
 -6.895025   0.890646  -0.426253
 -5.905076   0.890646  -0.426253
 -4.915126   0.890646  -0.426253
  2.014520   0.890646  -0.426253
  3.004470   0.890646  -0.426253
  3.994419   0.890646  -0.426253
  4.984369   0.890646  -0.426253
 -6.400050   1.385621  -0.426253
 -5.410101   1.385621  -0.426253
 -4.420151   1.385621  -0.426253
  1.519546   1.385621  -0.426253
  2.509495   1.385621  -0.426253
  3.499444   1.385621  -0.426253
  4.489394   1.385621  -0.426253
 -6.895025   1.880596  -0.426253
 -5.905076   1.880596  -0.426253
 -4.915126   1.880596  -0.426253
 -2.935227   1.880596  -0.426253
  2.014520   1.880596  -0.426253
  3.004470   1.880596  -0.426253
  3.994419   1.880596  -0.426253
 -6.400050   2.375571  -0.426253
 -5.410101   2.375571  -0.426253
 -4.420151   2.375571  -0.426253
 -3.430202   2.375571  -0.426253
 -0.460353   2.375571  -0.426253
  1.519546   2.375571  -0.426253
  2.509495   2.375571  -0.426253
  3.499444   2.375571  -0.426253
 -5.905076   2.870545  -0.426253
 -4.915126   2.870545  -0.426253
 -3.925177   2.870545  -0.426253
 -2.935227   2.870545  -0.426253
 -0.955328   2.870545  -0.426253
  0.034621   2.870545  -0.426253
  1.024571   2.870545  -0.426253
  2.014520   2.870545  -0.426253
  3.004470   2.870545  -0.426253
  3.994419   2.870545  -0.426253
 -6.400050   3.365520  -0.426253
 -5.410101   3.365520  -0.426253
 -4.420151   3.365520  -0.426253
 -3.430202   3.365520  -0.426253
 -2.440252   3.365520  -0.426253
 -1.450303   3.365520  -0.426253
 -0.460353   3.365520  -0.426253
  0.529596   3.365520  -0.426253
  1.519546   3.365520  -0.426253
  2.509495   3.365520  -0.426253
  3.499444   3.365520  -0.426253
 -5.905076   3.860495  -0.426253
 -4.915126   3.860495  -0.426253
 -3.925177   3.860495  -0.426253
 -2.935227   3.860495  -0.426253
 -1.945278   3.860495  -0.426253
 -0.955328   3.860495  -0.426253
  0.034621   3.860495  -0.426253
  1.024571   3.860495  -0.426253
  2.014520   3.860495  -0.426253
  3.004470   3.860495  -0.426253
 -4.420151   4.355470  -0.426253
 -3.430202   4.355470  -0.426253
 -2.440252   4.355470  -0.426253
 -1.450303   4.355470  -0.426253
 -0.460353   4.355470  -0.426253
  0.529596   4.355470  -0.426253
  1.519546   4.355470  -0.426253
  2.509495   4.355470  -0.426253
 -3.925177   4.850444  -0.426253
 -2.935227   4.850444  -0.426253
 -1.945278   4.850444  -0.426253
  0.034621   4.850444  -0.426253
  1.024571   4.850444  -0.426253
  1.024571  -5.544025   0.068722
  2.014520  -5.544025   0.068722
  3.004470  -5.544025   0.068722
  3.994419  -5.544025   0.068722
  0.529596  -5.049050   0.068722
  1.519546  -5.049050   0.068722
  2.509495  -5.049050   0.068722
  3.499444  -5.049050   0.068722
  4.489394  -5.049050   0.068722
  0.034621  -4.554076   0.068722
  1.024571  -4.554076   0.068722
  2.014520  -4.554076   0.068722
  3.004470  -4.554076   0.068722
  3.994419  -4.554076   0.068722
  4.984369  -4.554076   0.068722
 -0.460353  -4.059101   0.068722
  0.529596  -4.059101   0.068722
  1.519546  -4.059101   0.068722
  2.509495  -4.059101   0.068722
  3.499444  -4.059101   0.068722
  4.489394  -4.059101   0.068722
  5.479343  -4.059101   0.068722
 -1.945278  -3.564126   0.068722
 -0.955328  -3.564126   0.068722
  0.034621  -3.564126   0.068722
  1.024571  -3.564126   0.068722
  3.004470  -3.564126   0.068722
  3.994419  -3.564126   0.068722
  4.984369  -3.564126   0.068722
  5.974318  -3.564126   0.068722
 -3.430202  -3.069152   0.068722
 -2.440252  -3.069152   0.068722
 -1.450303  -3.069152   0.068722
 -0.460353  -3.069152   0.068722
  0.529596  -3.069152   0.068722
  3.499444  -3.069152   0.068722
  4.489394  -3.069152   0.068722
  5.479343  -3.069152   0.068722
 -4.915126  -2.574177   0.068722
 -3.925177  -2.574177   0.068722
 -2.935227  -2.574177   0.068722
 -1.945278  -2.574177   0.068722
 -0.955328  -2.574177   0.068722
  0.034621  -2.574177   0.068722
  3.994419  -2.574177   0.068722
  4.984369  -2.574177   0.068722
  5.974318  -2.574177   0.068722
 -5.410101  -2.079202   0.068722
 -4.420151  -2.079202   0.068722
 -3.430202  -2.079202   0.068722
 -2.440252  -2.079202   0.068722
 -1.450303  -2.079202   0.068722
 -0.460353  -2.079202   0.068722
  0.529596  -2.079202   0.068722
  4.489394  -2.079202   0.068722
  5.479343  -2.079202   0.068722
  6.469293  -2.079202   0.068722
 -5.905076  -1.584227   0.068722
 -4.915126  -1.584227   0.068722
 -3.925177  -1.584227   0.068722
 -2.935227  -1.584227   0.068722
 -1.945278  -1.584227   0.068722
 -0.955328  -1.584227   0.068722
  0.034621  -1.584227   0.068722
  4.984369  -1.584227   0.068722
  5.974318  -1.584227   0.068722
 -6.400050  -1.089253   0.068722
 -5.410101  -1.089253   0.068722
 -4.420151  -1.089253   0.068722
 -3.430202  -1.089253   0.068722
 -2.440252  -1.089253   0.068722
 -1.450303  -1.089253   0.068722
 -0.460353  -1.089253   0.068722
  0.529596  -1.089253   0.068722
  4.489394  -1.089253   0.068722
  5.479343  -1.089253   0.068722
 -6.895025  -0.594278   0.068722
 -5.905076  -0.594278   0.068722
 -4.915126  -0.594278   0.068722
 -2.935227  -0.594278   0.068722
 -1.945278  -0.594278   0.068722
 -0.955328  -0.594278   0.068722
  0.034621  -0.594278   0.068722
  3.004470  -0.594278   0.068722
  3.994419  -0.594278   0.068722
  4.984369  -0.594278   0.068722
  5.974318  -0.594278   0.068722
 -6.400050  -0.099303   0.068722
 -5.410101  -0.099303   0.068722
 -2.440252  -0.099303   0.068722
  3.499444  -0.099303   0.068722
  4.489394  -0.099303   0.068722
  5.479343  -0.099303   0.068722
 -6.895025   0.395672   0.068722
 -5.905076   0.395672   0.068722
 -4.915126   0.395672   0.068722
  3.004470   0.395672   0.068722
  3.994419   0.395672   0.068722
  4.984369   0.395672   0.068722
 -6.400050   0.890646   0.068722
 -5.410101   0.890646   0.068722
  2.509495   0.890646   0.068722
  3.499444   0.890646   0.068722
  4.489394   0.890646   0.068722
 -6.895025   1.385621   0.068722
 -5.905076   1.385621   0.068722
 -4.915126   1.385621   0.068722
  2.014520   1.385621   0.068722
  3.004470   1.385621   0.068722
  3.994419   1.385621   0.068722
  4.984369   1.385621   0.068722
 -6.400050   1.880596   0.068722
 -5.410101   1.880596   0.068722
  2.509495   1.880596   0.068722
  3.499444   1.880596   0.068722
  4.489394   1.880596   0.068722
 -6.895025   2.375571   0.068722
 -5.905076   2.375571   0.068722
 -4.915126   2.375571   0.068722
 -2.935227   2.375571   0.068722
 -0.955328   2.375571   0.068722
  0.034621   2.375571   0.068722
  1.024571   2.375571   0.068722
  2.014520   2.375571   0.068722
  3.004470   2.375571   0.068722
  3.994419   2.375571   0.068722
 -6.400050   2.870545   0.068722
 -5.410101   2.870545   0.068722
 -4.420151   2.870545   0.068722
 -3.430202   2.870545   0.068722
 -2.440252   2.870545   0.068722
 -1.450303   2.870545   0.068722
 -0.460353   2.870545   0.068722
  0.529596   2.870545   0.068722
  1.519546   2.870545   0.068722
  2.509495   2.870545   0.068722
  3.499444   2.870545   0.068722
 -5.905076   3.365520   0.068722
 -4.915126   3.365520   0.068722
 -3.925177   3.365520   0.068722
 -2.935227   3.365520   0.068722
 -1.945278   3.365520   0.068722
 -0.955328   3.365520   0.068722
  0.034621   3.365520   0.068722
  1.024571   3.365520   0.068722
  2.014520   3.365520   0.068722
  3.004470   3.365520   0.068722
 -5.410101   3.860495   0.068722
 -4.420151   3.860495   0.068722
 -3.430202   3.860495   0.068722
 -2.440252   3.860495   0.068722
 -1.450303   3.860495   0.068722
 -0.460353   3.860495   0.068722
  0.529596   3.860495   0.068722
  1.519546   3.860495   0.068722
  2.509495   3.860495   0.068722
 -4.915126   4.355470   0.068722
 -3.925177   4.355470   0.068722
 -2.935227   4.355470   0.068722
 -1.945278   4.355470   0.068722
 -0.955328   4.355470   0.068722
  0.034621   4.355470   0.068722
  1.024571   4.355470   0.068722
  2.014520   4.355470   0.068722
 -3.430202   4.850444   0.068722
 -2.440252   4.850444   0.068722
 -1.450303   4.850444   0.068722
 -0.460353   4.850444   0.068722
  0.529596   4.850444   0.068722
  1.519546   4.850444   0.068722
  1.519546  -5.544025   0.563697
  2.509495  -5.544025   0.563697
  3.499444  -5.544025   0.563697
  0.034621  -5.049050   0.563697
  1.024571  -5.049050   0.563697
  2.014520  -5.049050   0.563697
  3.004470  -5.049050   0.563697
  3.994419  -5.049050   0.563697
 -0.460353  -4.554076   0.563697
  0.529596  -4.554076   0.563697
  1.519546  -4.554076   0.563697
  2.509495  -4.554076   0.563697
  3.499444  -4.554076   0.563697
  4.489394  -4.554076   0.563697
  5.479343  -4.554076   0.563697
  0.034621  -4.059101   0.563697
  1.024571  -4.059101   0.563697
  2.014520  -4.059101   0.563697
  3.004470  -4.059101   0.563697
  3.994419  -4.059101   0.563697
  4.984369  -4.059101   0.563697
 -2.440252  -3.564126   0.563697
 -1.450303  -3.564126   0.563697
 -0.460353  -3.564126   0.563697
  0.529596  -3.564126   0.563697
  1.519546  -3.564126   0.563697
  2.509495  -3.564126   0.563697
  3.499444  -3.564126   0.563697
  4.489394  -3.564126   0.563697
  5.479343  -3.564126   0.563697
 -3.925177  -3.069152   0.563697
 -2.935227  -3.069152   0.563697
 -1.945278  -3.069152   0.563697
 -0.955328  -3.069152   0.563697
  0.034621  -3.069152   0.563697
  1.024571  -3.069152   0.563697
  3.004470  -3.069152   0.563697
  3.994419  -3.069152   0.563697
  4.984369  -3.069152   0.563697
  5.974318  -3.069152   0.563697
 -4.420151  -2.574177   0.563697
 -3.430202  -2.574177   0.563697
 -2.440252  -2.574177   0.563697
 -1.450303  -2.574177   0.563697
 -0.460353  -2.574177   0.563697
  0.529596  -2.574177   0.563697
  4.489394  -2.574177   0.563697
  5.479343  -2.574177   0.563697
 -5.905076  -2.079202   0.563697
 -4.915126  -2.079202   0.563697
 -3.925177  -2.079202   0.563697
 -2.935227  -2.079202   0.563697
 -1.945278  -2.079202   0.563697
 -0.955328  -2.079202   0.563697
  0.034621  -2.079202   0.563697
  1.024571  -2.079202   0.563697
  4.984369  -2.079202   0.563697
  5.974318  -2.079202   0.563697
 -6.400050  -1.584227   0.563697
 -5.410101  -1.584227   0.563697
 -4.420151  -1.584227   0.563697
 -3.430202  -1.584227   0.563697
 -2.440252  -1.584227   0.563697
 -1.450303  -1.584227   0.563697
 -0.460353  -1.584227   0.563697
  0.529596  -1.584227   0.563697
  1.519546  -1.584227   0.563697
  4.489394  -1.584227   0.563697
  5.479343  -1.584227   0.563697
 -5.905076  -1.089253   0.563697
 -4.915126  -1.089253   0.563697
 -3.925177  -1.089253   0.563697
 -2.935227  -1.089253   0.563697
 -1.945278  -1.089253   0.563697
  0.034621  -1.089253   0.563697
  3.994419  -1.089253   0.563697
  4.984369  -1.089253   0.563697
  5.974318  -1.089253   0.563697
 -6.400050  -0.594278   0.563697
 -5.410101  -0.594278   0.563697
 -4.420151  -0.594278   0.563697
 -2.440252  -0.594278   0.563697
  3.499444  -0.594278   0.563697
  4.489394  -0.594278   0.563697
  5.479343  -0.594278   0.563697
 -6.895025  -0.099303   0.563697
 -5.905076  -0.099303   0.563697
 -4.915126  -0.099303   0.563697
  3.004470  -0.099303   0.563697
  3.994419  -0.099303   0.563697
  4.984369  -0.099303   0.563697
  5.974318  -0.099303   0.563697
 -6.400050   0.395672   0.563697
 -5.410101   0.395672   0.563697
  3.499444   0.395672   0.563697
  4.489394   0.395672   0.563697
  5.479343   0.395672   0.563697
 -6.895025   0.890646   0.563697
 -5.905076   0.890646   0.563697
 -4.915126   0.890646   0.563697
  3.004470   0.890646   0.563697
  3.994419   0.890646   0.563697
  4.984369   0.890646   0.563697
 -6.400050   1.385621   0.563697
 -5.410101   1.385621   0.563697
  2.509495   1.385621   0.563697
  3.499444   1.385621   0.563697
  4.489394   1.385621   0.563697
 -6.895025   1.880596   0.563697
 -5.905076   1.880596   0.563697
 -4.915126   1.880596   0.563697
  2.014520   1.880596   0.563697
  3.004470   1.880596   0.563697
  3.994419   1.880596   0.563697
 -6.400050   2.375571   0.563697
 -5.410101   2.375571   0.563697
 -0.460353   2.375571   0.563697
  1.519546   2.375571   0.563697
  2.509495   2.375571   0.563697
  3.499444   2.375571   0.563697
 -6.895025   2.870545   0.563697
 -5.905076   2.870545   0.563697
 -4.915126   2.870545   0.563697
 -3.925177   2.870545   0.563697
 -2.935227   2.870545   0.563697
 -1.945278   2.870545   0.563697
 -0.955328   2.870545   0.563697
  0.034621   2.870545   0.563697
  1.024571   2.870545   0.563697
  2.014520   2.870545   0.563697
  3.004470   2.870545   0.563697
  3.994419   2.870545   0.563697
 -6.400050   3.365520   0.563697
 -5.410101   3.365520   0.563697
 -4.420151   3.365520   0.563697
 -3.430202   3.365520   0.563697
 -2.440252   3.365520   0.563697
 -1.450303   3.365520   0.563697
 -0.460353   3.365520   0.563697
  0.529596   3.365520   0.563697
  1.519546   3.365520   0.563697
  2.509495   3.365520   0.563697
  3.499444   3.365520   0.563697
 -5.905076   3.860495   0.563697
 -4.915126   3.860495   0.563697
 -3.925177   3.860495   0.563697
 -2.935227   3.860495   0.563697
 -1.945278   3.860495   0.563697
 -0.955328   3.860495   0.563697
  0.034621   3.860495   0.563697
  1.024571   3.860495   0.563697
  2.014520   3.860495   0.563697
  3.004470   3.860495   0.563697
 -5.410101   4.355470   0.563697
 -4.420151   4.355470   0.563697
 -3.430202   4.355470   0.563697
 -2.440252   4.355470   0.563697
 -1.450303   4.355470   0.563697
 -0.460353   4.355470   0.563697
  0.529596   4.355470   0.563697
  1.519546   4.355470   0.563697
  2.509495   4.355470   0.563697
 -3.925177   4.850444   0.563697
 -2.935227   4.850444   0.563697
 -1.945278   4.850444   0.563697
 -0.955328   4.850444   0.563697
  0.034621   4.850444   0.563697
  1.024571   4.850444   0.563697
  2.014520   4.850444   0.563697
  2.014520  -5.544025   1.058672
  3.004470  -5.544025   1.058672
  0.529596  -5.049050   1.058672
  1.519546  -5.049050   1.058672
  2.509495  -5.049050   1.058672
  3.499444  -5.049050   1.058672
  4.489394  -5.049050   1.058672
  0.034621  -4.554076   1.058672
  1.024571  -4.554076   1.058672
  2.014520  -4.554076   1.058672
  3.004470  -4.554076   1.058672
  3.994419  -4.554076   1.058672
  4.984369  -4.554076   1.058672
 -0.460353  -4.059101   1.058672
  0.529596  -4.059101   1.058672
  1.519546  -4.059101   1.058672
  2.509495  -4.059101   1.058672
  3.499444  -4.059101   1.058672
  4.489394  -4.059101   1.058672
  5.479343  -4.059101   1.058672
 -1.945278  -3.564126   1.058672
 -0.955328  -3.564126   1.058672
  0.034621  -3.564126   1.058672
  1.024571  -3.564126   1.058672
  2.014520  -3.564126   1.058672
  3.004470  -3.564126   1.058672
  3.994419  -3.564126   1.058672
  4.984369  -3.564126   1.058672
 -3.430202  -3.069152   1.058672
 -2.440252  -3.069152   1.058672
 -1.450303  -3.069152   1.058672
 -0.460353  -3.069152   1.058672
  0.529596  -3.069152   1.058672
  1.519546  -3.069152   1.058672
  2.509495  -3.069152   1.058672
  3.499444  -3.069152   1.058672
  4.489394  -3.069152   1.058672
  5.479343  -3.069152   1.058672
 -4.915126  -2.574177   1.058672
 -3.925177  -2.574177   1.058672
 -2.935227  -2.574177   1.058672
 -1.945278  -2.574177   1.058672
 -0.955328  -2.574177   1.058672
  0.034621  -2.574177   1.058672
  1.024571  -2.574177   1.058672
  2.014520  -2.574177   1.058672
  3.004470  -2.574177   1.058672
  3.994419  -2.574177   1.058672
  4.984369  -2.574177   1.058672
  5.974318  -2.574177   1.058672
 -5.410101  -2.079202   1.058672
 -4.420151  -2.079202   1.058672
 -3.430202  -2.079202   1.058672
 -2.440252  -2.079202   1.058672
 -1.450303  -2.079202   1.058672
 -0.460353  -2.079202   1.058672
  0.529596  -2.079202   1.058672
  1.519546  -2.079202   1.058672
  2.509495  -2.079202   1.058672
  4.489394  -2.079202   1.058672
  5.479343  -2.079202   1.058672
 -5.905076  -1.584227   1.058672
 -4.915126  -1.584227   1.058672
 -3.925177  -1.584227   1.058672
 -2.935227  -1.584227   1.058672
 -1.945278  -1.584227   1.058672
 -0.955328  -1.584227   1.058672
  0.034621  -1.584227   1.058672
  1.024571  -1.584227   1.058672
  2.014520  -1.584227   1.058672
  3.994419  -1.584227   1.058672
  4.984369  -1.584227   1.058672
  5.974318  -1.584227   1.058672
 -6.400050  -1.089253   1.058672
 -5.410101  -1.089253   1.058672
 -4.420151  -1.089253   1.058672
 -3.430202  -1.089253   1.058672
 -2.440252  -1.089253   1.058672
  0.529596  -1.089253   1.058672
  2.509495  -1.089253   1.058672
  3.499444  -1.089253   1.058672
  4.489394  -1.089253   1.058672
  5.479343  -1.089253   1.058672
 -6.895025  -0.594278   1.058672
 -5.905076  -0.594278   1.058672
 -4.915126  -0.594278   1.058672
 -3.925177  -0.594278   1.058672
 -2.935227  -0.594278   1.058672
  3.004470  -0.594278   1.058672
  3.994419  -0.594278   1.058672
  4.984369  -0.594278   1.058672
  5.974318  -0.594278   1.058672
 -6.400050  -0.099303   1.058672
 -5.410101  -0.099303   1.058672
 -4.420151  -0.099303   1.058672
 -2.440252  -0.099303   1.058672
  3.499444  -0.099303   1.058672
  4.489394  -0.099303   1.058672
  5.479343  -0.099303   1.058672
 -6.895025   0.395672   1.058672
 -5.905076   0.395672   1.058672
 -4.915126   0.395672   1.058672
  3.004470   0.395672   1.058672
  3.994419   0.395672   1.058672
  4.984369   0.395672   1.058672
 -6.400050   0.890646   1.058672
 -5.410101   0.890646   1.058672
  2.509495   0.890646   1.058672
  3.499444   0.890646   1.058672
  4.489394   0.890646   1.058672
 -6.895025   1.385621   1.058672
 -5.905076   1.385621   1.058672
 -4.915126   1.385621   1.058672
  2.014520   1.385621   1.058672
  3.004470   1.385621   1.058672
  3.994419   1.385621   1.058672
 -6.400050   1.880596   1.058672
 -5.410101   1.880596   1.058672
 -0.460353   1.880596   1.058672
  2.509495   1.880596   1.058672
  3.499444   1.880596   1.058672
  4.489394   1.880596   1.058672
 -6.895025   2.375571   1.058672
 -5.905076   2.375571   1.058672
 -4.915126   2.375571   1.058672
 -2.935227   2.375571   1.058672
 -1.945278   2.375571   1.058672
 -0.955328   2.375571   1.058672
  2.014520   2.375571   1.058672
  3.004470   2.375571   1.058672
  3.994419   2.375571   1.058672
 -6.400050   2.870545   1.058672
 -5.410101   2.870545   1.058672
 -4.420151   2.870545   1.058672
 -3.430202   2.870545   1.058672
 -2.440252   2.870545   1.058672
 -1.450303   2.870545   1.058672
 -0.460353   2.870545   1.058672
  0.529596   2.870545   1.058672
  1.519546   2.870545   1.058672
  2.509495   2.870545   1.058672
  3.499444   2.870545   1.058672
 -5.905076   3.365520   1.058672
 -4.915126   3.365520   1.058672
 -3.925177   3.365520   1.058672
 -2.935227   3.365520   1.058672
 -1.945278   3.365520   1.058672
 -0.955328   3.365520   1.058672
  0.034621   3.365520   1.058672
  1.024571   3.365520   1.058672
  2.014520   3.365520   1.058672
  3.004470   3.365520   1.058672
 -5.410101   3.860495   1.058672
 -4.420151   3.860495   1.058672
 -3.430202   3.860495   1.058672
 -2.440252   3.860495   1.058672
 -1.450303   3.860495   1.058672
 -0.460353   3.860495   1.058672
  0.529596   3.860495   1.058672
  1.519546   3.860495   1.058672
  2.509495   3.860495   1.058672
 -4.915126   4.355470   1.058672
 -3.925177   4.355470   1.058672
 -2.935227   4.355470   1.058672
 -1.945278   4.355470   1.058672
 -0.955328   4.355470   1.058672
  0.034621   4.355470   1.058672
  1.024571   4.355470   1.058672
  2.014520   4.355470   1.058672
 -3.430202   4.850444   1.058672
 -2.440252   4.850444   1.058672
 -1.450303   4.850444   1.058672
 -0.460353   4.850444   1.058672
  0.529596   4.850444   1.058672
  1.519546   4.850444   1.058672
  1.024571  -5.049050   1.553646
  2.014520  -5.049050   1.553646
  3.004470  -5.049050   1.553646
  3.994419  -5.049050   1.553646
  0.529596  -4.554076   1.553646
  1.519546  -4.554076   1.553646
  2.509495  -4.554076   1.553646
  3.499444  -4.554076   1.553646
  4.489394  -4.554076   1.553646
  0.034621  -4.059101   1.553646
  1.024571  -4.059101   1.553646
  2.014520  -4.059101   1.553646
  3.004470  -4.059101   1.553646
  3.994419  -4.059101   1.553646
  4.984369  -4.059101   1.553646
 -2.440252  -3.564126   1.553646
 -1.450303  -3.564126   1.553646
 -0.460353  -3.564126   1.553646
  0.529596  -3.564126   1.553646
  1.519546  -3.564126   1.553646
  2.509495  -3.564126   1.553646
  3.499444  -3.564126   1.553646
  4.489394  -3.564126   1.553646
  5.479343  -3.564126   1.553646
 -2.935227  -3.069152   1.553646
 -1.945278  -3.069152   1.553646
 -0.955328  -3.069152   1.553646
  0.034621  -3.069152   1.553646
  1.024571  -3.069152   1.553646
  2.014520  -3.069152   1.553646
  3.004470  -3.069152   1.553646
  3.994419  -3.069152   1.553646
  4.984369  -3.069152   1.553646
 -4.420151  -2.574177   1.553646
 -3.430202  -2.574177   1.553646
 -2.440252  -2.574177   1.553646
 -1.450303  -2.574177   1.553646
 -0.460353  -2.574177   1.553646
  0.529596  -2.574177   1.553646
  1.519546  -2.574177   1.553646
  2.509495  -2.574177   1.553646
  3.499444  -2.574177   1.553646
  4.489394  -2.574177   1.553646
  5.479343  -2.574177   1.553646
 -4.915126  -2.079202   1.553646
 -3.925177  -2.079202   1.553646
 -2.935227  -2.079202   1.553646
 -1.945278  -2.079202   1.553646
 -0.955328  -2.079202   1.553646
  0.034621  -2.079202   1.553646
  1.024571  -2.079202   1.553646
  2.014520  -2.079202   1.553646
  3.004470  -2.079202   1.553646
  3.994419  -2.079202   1.553646
  4.984369  -2.079202   1.553646
  5.974318  -2.079202   1.553646
 -5.410101  -1.584227   1.553646
 -4.420151  -1.584227   1.553646
 -3.430202  -1.584227   1.553646
 -2.440252  -1.584227   1.553646
 -1.450303  -1.584227   1.553646
 -0.460353  -1.584227   1.553646
  0.529596  -1.584227   1.553646
  1.519546  -1.584227   1.553646
  2.509495  -1.584227   1.553646
  3.499444  -1.584227   1.553646
  4.489394  -1.584227   1.553646
  5.479343  -1.584227   1.553646
 -5.905076  -1.089253   1.553646
 -4.915126  -1.089253   1.553646
 -3.925177  -1.089253   1.553646
 -2.935227  -1.089253   1.553646
  0.034621  -1.089253   1.553646
  3.004470  -1.089253   1.553646
  3.994419  -1.089253   1.553646
  4.984369  -1.089253   1.553646
 -6.400050  -0.594278   1.553646
 -5.410101  -0.594278   1.553646
 -4.420151  -0.594278   1.553646
 -3.430202  -0.594278   1.553646
 -2.440252  -0.594278   1.553646
  0.529596  -0.594278   1.553646
  2.509495  -0.594278   1.553646
  3.499444  -0.594278   1.553646
  4.489394  -0.594278   1.553646
  5.479343  -0.594278   1.553646
 -6.895025  -0.099303   1.553646
 -5.905076  -0.099303   1.553646
 -4.915126  -0.099303   1.553646
  3.004470  -0.099303   1.553646
  3.994419  -0.099303   1.553646
  4.984369  -0.099303   1.553646
 -6.400050   0.395672   1.553646
 -5.410101   0.395672   1.553646
 -4.420151   0.395672   1.553646
 -2.440252   0.395672   1.553646
  2.509495   0.395672   1.553646
  3.499444   0.395672   1.553646
  4.489394   0.395672   1.553646
 -6.895025   0.890646   1.553646
 -5.905076   0.890646   1.553646
 -4.915126   0.890646   1.553646
  2.014520   0.890646   1.553646
  3.004470   0.890646   1.553646
  3.994419   0.890646   1.553646
 -6.400050   1.385621   1.553646
 -5.410101   1.385621   1.553646
 -4.420151   1.385621   1.553646
 -2.440252   1.385621   1.553646
  1.519546   1.385621   1.553646
  2.509495   1.385621   1.553646
  3.499444   1.385621   1.553646
  4.489394   1.385621   1.553646
 -6.895025   1.880596   1.553646
 -5.905076   1.880596   1.553646
 -4.915126   1.880596   1.553646
 -3.925177   1.880596   1.553646
 -2.935227   1.880596   1.553646
 -1.945278   1.880596   1.553646
 -0.955328   1.880596   1.553646
  2.014520   1.880596   1.553646
  3.004470   1.880596   1.553646
  3.994419   1.880596   1.553646
 -6.400050   2.375571   1.553646
 -5.410101   2.375571   1.553646
 -4.420151   2.375571   1.553646
 -3.430202   2.375571   1.553646
 -2.440252   2.375571   1.553646
 -1.450303   2.375571   1.553646
 -0.460353   2.375571   1.553646
  1.519546   2.375571   1.553646
  2.509495   2.375571   1.553646
  3.499444   2.375571   1.553646
 -5.905076   2.870545   1.553646
 -4.915126   2.870545   1.553646
 -3.925177   2.870545   1.553646
 -2.935227   2.870545   1.553646
 -1.945278   2.870545   1.553646
 -0.955328   2.870545   1.553646
  0.034621   2.870545   1.553646
  1.024571   2.870545   1.553646
  2.014520   2.870545   1.553646
  3.004470   2.870545   1.553646
  3.994419   2.870545   1.553646
 -6.400050   3.365520   1.553646
 -5.410101   3.365520   1.553646
 -4.420151   3.365520   1.553646
 -3.430202   3.365520   1.553646
 -2.440252   3.365520   1.553646
 -1.450303   3.365520   1.553646
 -0.460353   3.365520   1.553646
  0.529596   3.365520   1.553646
  1.519546   3.365520   1.553646
  2.509495   3.365520   1.553646
  3.499444   3.365520   1.553646
 -5.905076   3.860495   1.553646
 -4.915126   3.860495   1.553646
 -3.925177   3.860495   1.553646
 -2.935227   3.860495   1.553646
 -1.945278   3.860495   1.553646
 -0.955328   3.860495   1.553646
  0.034621   3.860495   1.553646
  1.024571   3.860495   1.553646
  2.014520   3.860495   1.553646
  3.004470   3.860495   1.553646
 -4.420151   4.355470   1.553646
 -3.430202   4.355470   1.553646
 -2.440252   4.355470   1.553646
 -1.450303   4.355470   1.553646
 -0.460353   4.355470   1.553646
  0.529596   4.355470   1.553646
  1.519546   4.355470   1.553646
  2.509495   4.355470   1.553646
 -3.925177   4.850444   1.553646
 -2.935227   4.850444   1.553646
  0.034621   4.850444   1.553646
  1.024571   4.850444   1.553646
  1.519546  -5.049050   2.048621
  2.509495  -5.049050   2.048621
  1.024571  -4.554076   2.048621
  2.014520  -4.554076   2.048621
  3.004470  -4.554076   2.048621
  3.994419  -4.554076   2.048621
  0.529596  -4.059101   2.048621
  1.519546  -4.059101   2.048621
  2.509495  -4.059101   2.048621
  3.499444  -4.059101   2.048621
  4.489394  -4.059101   2.048621
 -1.945278  -3.564126   2.048621
 -0.955328  -3.564126   2.048621
  0.034621  -3.564126   2.048621
  1.024571  -3.564126   2.048621
  2.014520  -3.564126   2.048621
  3.004470  -3.564126   2.048621
  3.994419  -3.564126   2.048621
  4.984369  -3.564126   2.048621
 -3.430202  -3.069152   2.048621
 -2.440252  -3.069152   2.048621
 -1.450303  -3.069152   2.048621
 -0.460353  -3.069152   2.048621
  0.529596  -3.069152   2.048621
  1.519546  -3.069152   2.048621
  2.509495  -3.069152   2.048621
  3.499444  -3.069152   2.048621
  4.489394  -3.069152   2.048621
  5.479343  -3.069152   2.048621
 -3.925177  -2.574177   2.048621
 -2.935227  -2.574177   2.048621
 -1.945278  -2.574177   2.048621
 -0.955328  -2.574177   2.048621
  0.034621  -2.574177   2.048621
  1.024571  -2.574177   2.048621
  2.014520  -2.574177   2.048621
  3.004470  -2.574177   2.048621
  3.994419  -2.574177   2.048621
  4.984369  -2.574177   2.048621
 -5.410101  -2.079202   2.048621
 -4.420151  -2.079202   2.048621
 -3.430202  -2.079202   2.048621
 -2.440252  -2.079202   2.048621
 -1.450303  -2.079202   2.048621
 -0.460353  -2.079202   2.048621
  0.529596  -2.079202   2.048621
  1.519546  -2.079202   2.048621
  2.509495  -2.079202   2.048621
  3.499444  -2.079202   2.048621
  4.489394  -2.079202   2.048621
  5.479343  -2.079202   2.048621
 -5.905076  -1.584227   2.048621
 -4.915126  -1.584227   2.048621
 -3.925177  -1.584227   2.048621
 -2.935227  -1.584227   2.048621
 -1.945278  -1.584227   2.048621
 -0.955328  -1.584227   2.048621
  0.034621  -1.584227   2.048621
  1.024571  -1.584227   2.048621
  2.014520  -1.584227   2.048621
  3.004470  -1.584227   2.048621
  3.994419  -1.584227   2.048621
  4.984369  -1.584227   2.048621
 -6.400050  -1.089253   2.048621
 -5.410101  -1.089253   2.048621
 -4.420151  -1.089253   2.048621
 -3.430202  -1.089253   2.048621
 -2.440252  -1.089253   2.048621
  0.529596  -1.089253   2.048621
  2.509495  -1.089253   2.048621
  3.499444  -1.089253   2.048621
  4.489394  -1.089253   2.048621
  5.479343  -1.089253   2.048621
 -5.905076  -0.594278   2.048621
 -4.915126  -0.594278   2.048621
 -3.925177  -0.594278   2.048621
 -2.935227  -0.594278   2.048621
  0.034621  -0.594278   2.048621
  3.004470  -0.594278   2.048621
  3.994419  -0.594278   2.048621
  4.984369  -0.594278   2.048621
 -6.400050  -0.099303   2.048621
 -5.410101  -0.099303   2.048621
 -4.420151  -0.099303   2.048621
 -2.440252  -0.099303   2.048621
  0.529596  -0.099303   2.048621
  2.509495  -0.099303   2.048621
  3.499444  -0.099303   2.048621
  4.489394  -0.099303   2.048621
 -6.895025   0.395672   2.048621
 -5.905076   0.395672   2.048621
 -4.915126   0.395672   2.048621
 -1.945278   0.395672   2.048621
  0.034621   0.395672   2.048621
  1.024571   0.395672   2.048621
  2.014520   0.395672   2.048621
  3.004470   0.395672   2.048621
  3.994419   0.395672   2.048621
 -6.400050   0.890646   2.048621
 -5.410101   0.890646   2.048621
 -4.420151   0.890646   2.048621
 -2.440252   0.890646   2.048621
 -1.450303   0.890646   2.048621
  0.529596   0.890646   2.048621
  1.519546   0.890646   2.048621
  2.509495   0.890646   2.048621
  3.499444   0.890646   2.048621
  4.489394   0.890646   2.048621
 -6.895025   1.385621   2.048621
 -5.905076   1.385621   2.048621
 -4.915126   1.385621   2.048621
 -3.925177   1.385621   2.048621
 -2.935227   1.385621   2.048621
 -1.945278   1.385621   2.048621
 -0.955328   1.385621   2.048621
  0.034621   1.385621   2.048621
  1.024571   1.385621   2.048621
  2.014520   1.385621   2.048621
  3.004470   1.385621   2.048621
  3.994419   1.385621   2.048621
 -6.400050   1.880596   2.048621
 -5.410101   1.880596   2.048621
 -4.420151   1.880596   2.048621
 -3.430202   1.880596   2.048621
 -2.440252   1.880596   2.048621
 -1.450303   1.880596   2.048621
 -0.460353   1.880596   2.048621
  1.519546   1.880596   2.048621
  2.509495   1.880596   2.048621
  3.499444   1.880596   2.048621
 -5.905076   2.375571   2.048621
 -4.915126   2.375571   2.048621
 -3.925177   2.375571   2.048621
 -2.935227   2.375571   2.048621
 -1.945278   2.375571   2.048621
 -0.955328   2.375571   2.048621
  0.034621   2.375571   2.048621
  1.024571   2.375571   2.048621
  2.014520   2.375571   2.048621
  3.004470   2.375571   2.048621
  3.994419   2.375571   2.048621
 -6.400050   2.870545   2.048621
 -5.410101   2.870545   2.048621
 -4.420151   2.870545   2.048621
 -3.430202   2.870545   2.048621
 -2.440252   2.870545   2.048621
 -1.450303   2.870545   2.048621
 -0.460353   2.870545   2.048621
  0.529596   2.870545   2.048621
  1.519546   2.870545   2.048621
  2.509495   2.870545   2.048621
  3.499444   2.870545   2.048621
 -5.905076   3.365520   2.048621
 -4.915126   3.365520   2.048621
 -3.925177   3.365520   2.048621
 -2.935227   3.365520   2.048621
 -1.945278   3.365520   2.048621
 -0.955328   3.365520   2.048621
  0.034621   3.365520   2.048621
  1.024571   3.365520   2.048621
  2.014520   3.365520   2.048621
  3.004470   3.365520   2.048621
 -5.410101   3.860495   2.048621
 -4.420151   3.860495   2.048621
 -3.430202   3.860495   2.048621
 -2.440252   3.860495   2.048621
 -1.450303   3.860495   2.048621
 -0.460353   3.860495   2.048621
  0.529596   3.860495   2.048621
  1.519546   3.860495   2.048621
  2.509495   3.860495   2.048621
 -4.915126   4.355470   2.048621
 -3.925177   4.355470   2.048621
 -2.935227   4.355470   2.048621
 -1.945278   4.355470   2.048621
 -0.955328   4.355470   2.048621
  0.034621   4.355470   2.048621
  1.024571   4.355470   2.048621
  2.014520   4.355470   2.048621
  0.529596   4.850444   2.048621
  1.519546  -4.554076   2.543596
  2.509495  -4.554076   2.543596
  3.499444  -4.554076   2.543596
  1.024571  -4.059101   2.543596
  2.014520  -4.059101   2.543596
  3.004470  -4.059101   2.543596
  3.994419  -4.059101   2.543596
 -2.440252  -3.564126   2.543596
 -1.450303  -3.564126   2.543596
 -0.460353  -3.564126   2.543596
  0.529596  -3.564126   2.543596
  1.519546  -3.564126   2.543596
  2.509495  -3.564126   2.543596
  3.499444  -3.564126   2.543596
  4.489394  -3.564126   2.543596
 -2.935227  -3.069152   2.543596
 -1.945278  -3.069152   2.543596
 -0.955328  -3.069152   2.543596
  0.034621  -3.069152   2.543596
  1.024571  -3.069152   2.543596
  2.014520  -3.069152   2.543596
  3.004470  -3.069152   2.543596
  3.994419  -3.069152   2.543596
  4.984369  -3.069152   2.543596
 -3.430202  -2.574177   2.543596
 -2.440252  -2.574177   2.543596
 -1.450303  -2.574177   2.543596
 -0.460353  -2.574177   2.543596
  0.529596  -2.574177   2.543596
  1.519546  -2.574177   2.543596
  2.509495  -2.574177   2.543596
  3.499444  -2.574177   2.543596
  4.489394  -2.574177   2.543596
 -4.915126  -2.079202   2.543596
 -3.925177  -2.079202   2.543596
 -2.935227  -2.079202   2.543596
 -1.945278  -2.079202   2.543596
 -0.955328  -2.079202   2.543596
  0.034621  -2.079202   2.543596
  1.024571  -2.079202   2.543596
  2.014520  -2.079202   2.543596
  3.004470  -2.079202   2.543596
  3.994419  -2.079202   2.543596
  4.984369  -2.079202   2.543596
 -5.410101  -1.584227   2.543596
 -4.420151  -1.584227   2.543596
 -3.430202  -1.584227   2.543596
 -2.440252  -1.584227   2.543596
 -1.450303  -1.584227   2.543596
 -0.460353  -1.584227   2.543596
  0.529596  -1.584227   2.543596
  1.519546  -1.584227   2.543596
  2.509495  -1.584227   2.543596
  3.499444  -1.584227   2.543596
  4.489394  -1.584227   2.543596
 -5.905076  -1.089253   2.543596
 -4.915126  -1.089253   2.543596
 -3.925177  -1.089253   2.543596
 -2.935227  -1.089253   2.543596
 -1.945278  -1.089253   2.543596
 -0.955328  -1.089253   2.543596
  0.034621  -1.089253   2.543596
  1.024571  -1.089253   2.543596
  2.014520  -1.089253   2.543596
  3.004470  -1.089253   2.543596
  3.994419  -1.089253   2.543596
  4.984369  -1.089253   2.543596
 -6.400050  -0.594278   2.543596
 -5.410101  -0.594278   2.543596
 -4.420151  -0.594278   2.543596
 -3.430202  -0.594278   2.543596
 -2.440252  -0.594278   2.543596
  0.529596  -0.594278   2.543596
  1.519546  -0.594278   2.543596
  2.509495  -0.594278   2.543596
  3.499444  -0.594278   2.543596
  4.489394  -0.594278   2.543596
 -5.905076  -0.099303   2.543596
 -4.915126  -0.099303   2.543596
 -3.925177  -0.099303   2.543596
 -2.935227  -0.099303   2.543596
 -1.945278  -0.099303   2.543596
  0.034621  -0.099303   2.543596
  1.024571  -0.099303   2.543596
  2.014520  -0.099303   2.543596
  3.004470  -0.099303   2.543596
  3.994419  -0.099303   2.543596
 -6.400050   0.395672   2.543596
 -5.410101   0.395672   2.543596
 -4.420151   0.395672   2.543596
 -3.430202   0.395672   2.543596
 -2.440252   0.395672   2.543596
 -1.450303   0.395672   2.543596
 -0.460353   0.395672   2.543596
  0.529596   0.395672   2.543596
  1.519546   0.395672   2.543596
  2.509495   0.395672   2.543596
  3.499444   0.395672   2.543596
  4.489394   0.395672   2.543596
 -5.905076   0.890646   2.543596
 -4.915126   0.890646   2.543596
 -3.925177   0.890646   2.543596
 -2.935227   0.890646   2.543596
 -1.945278   0.890646   2.543596
 -0.955328   0.890646   2.543596
  0.034621   0.890646   2.543596
  1.024571   0.890646   2.543596
  2.014520   0.890646   2.543596
  3.004470   0.890646   2.543596
  3.994419   0.890646   2.543596
 -6.400050   1.385621   2.543596
 -5.410101   1.385621   2.543596
 -4.420151   1.385621   2.543596
 -3.430202   1.385621   2.543596
 -2.440252   1.385621   2.543596
 -1.450303   1.385621   2.543596
 -0.460353   1.385621   2.543596
  0.529596   1.385621   2.543596
  1.519546   1.385621   2.543596
  2.509495   1.385621   2.543596
  3.499444   1.385621   2.543596
 -5.905076   1.880596   2.543596
 -4.915126   1.880596   2.543596
 -3.925177   1.880596   2.543596
 -2.935227   1.880596   2.543596
 -1.945278   1.880596   2.543596
 -0.955328   1.880596   2.543596
  0.034621   1.880596   2.543596
  1.024571   1.880596   2.543596
  2.014520   1.880596   2.543596
  3.004470   1.880596   2.543596
 -6.400050   2.375571   2.543596
 -5.410101   2.375571   2.543596
 -4.420151   2.375571   2.543596
 -3.430202   2.375571   2.543596
 -2.440252   2.375571   2.543596
 -1.450303   2.375571   2.543596
 -0.460353   2.375571   2.543596
  0.529596   2.375571   2.543596
  1.519546   2.375571   2.543596
  2.509495   2.375571   2.543596
  3.499444   2.375571   2.543596
 -5.905076   2.870545   2.543596
 -4.915126   2.870545   2.543596
 -3.925177   2.870545   2.543596
 -2.935227   2.870545   2.543596
 -1.945278   2.870545   2.543596
 -0.955328   2.870545   2.543596
  0.034621   2.870545   2.543596
  1.024571   2.870545   2.543596
  2.014520   2.870545   2.543596
  3.004470   2.870545   2.543596
 -5.410101   3.365520   2.543596
 -4.420151   3.365520   2.543596
 -3.430202   3.365520   2.543596
 -2.440252   3.365520   2.543596
 -1.450303   3.365520   2.543596
 -0.460353   3.365520   2.543596
  0.529596   3.365520   2.543596
  1.519546   3.365520   2.543596
  2.509495   3.365520   2.543596
 -4.915126   3.860495   2.543596
 -3.925177   3.860495   2.543596
 -2.935227   3.860495   2.543596
 -1.945278   3.860495   2.543596
 -0.955328   3.860495   2.543596
  0.034621   3.860495   2.543596
  1.024571   3.860495   2.543596
  2.014520   3.860495   2.543596
 -3.430202   4.355470   2.543596
 -2.440252   4.355470   2.543596
 -0.460353   4.355470   2.543596
  0.529596   4.355470   2.543596
  1.519546   4.355470   2.543596
  2.509495  -4.059101   3.038571
 -1.945278  -3.564126   3.038571
 -0.955328  -3.564126   3.038571
  2.014520  -3.564126   3.038571
  3.004470  -3.564126   3.038571
 -2.440252  -3.069152   3.038571
 -1.450303  -3.069152   3.038571
 -0.460353  -3.069152   3.038571
  0.529596  -3.069152   3.038571
  1.519546  -3.069152   3.038571
  2.509495  -3.069152   3.038571
  3.499444  -3.069152   3.038571
 -2.935227  -2.574177   3.038571
 -1.945278  -2.574177   3.038571
 -0.955328  -2.574177   3.038571
  0.034621  -2.574177   3.038571
  1.024571  -2.574177   3.038571
  2.014520  -2.574177   3.038571
  3.004470  -2.574177   3.038571
  3.994419  -2.574177   3.038571
 -4.420151  -2.079202   3.038571
 -3.430202  -2.079202   3.038571
 -2.440252  -2.079202   3.038571
 -1.450303  -2.079202   3.038571
 -0.460353  -2.079202   3.038571
  0.529596  -2.079202   3.038571
  1.519546  -2.079202   3.038571
  2.509495  -2.079202   3.038571
  3.499444  -2.079202   3.038571
  4.489394  -2.079202   3.038571
 -4.915126  -1.584227   3.038571
 -3.925177  -1.584227   3.038571
 -2.935227  -1.584227   3.038571
 -1.945278  -1.584227   3.038571
 -0.955328  -1.584227   3.038571
  0.034621  -1.584227   3.038571
  1.024571  -1.584227   3.038571
  2.014520  -1.584227   3.038571
  3.004470  -1.584227   3.038571
  3.994419  -1.584227   3.038571
 -5.410101  -1.089253   3.038571
 -4.420151  -1.089253   3.038571
 -3.430202  -1.089253   3.038571
 -2.440252  -1.089253   3.038571
 -1.450303  -1.089253   3.038571
 -0.460353  -1.089253   3.038571
  0.529596  -1.089253   3.038571
  1.519546  -1.089253   3.038571
  2.509495  -1.089253   3.038571
  3.499444  -1.089253   3.038571
 -5.905076  -0.594278   3.038571
 -4.915126  -0.594278   3.038571
 -3.925177  -0.594278   3.038571
 -2.935227  -0.594278   3.038571
 -1.945278  -0.594278   3.038571
 -0.955328  -0.594278   3.038571
  0.034621  -0.594278   3.038571
  1.024571  -0.594278   3.038571
  2.014520  -0.594278   3.038571
  3.004470  -0.594278   3.038571
  3.994419  -0.594278   3.038571
 -5.410101  -0.099303   3.038571
 -4.420151  -0.099303   3.038571
 -3.430202  -0.099303   3.038571
 -2.440252  -0.099303   3.038571
 -1.450303  -0.099303   3.038571
 -0.460353  -0.099303   3.038571
  0.529596  -0.099303   3.038571
  1.519546  -0.099303   3.038571
  2.509495  -0.099303   3.038571
  3.499444  -0.099303   3.038571
 -5.905076   0.395672   3.038571
 -4.915126   0.395672   3.038571
 -3.925177   0.395672   3.038571
 -2.935227   0.395672   3.038571
 -1.945278   0.395672   3.038571
 -0.955328   0.395672   3.038571
  0.034621   0.395672   3.038571
  1.024571   0.395672   3.038571
  2.014520   0.395672   3.038571
  3.004470   0.395672   3.038571
  3.994419   0.395672   3.038571
 -6.400050   0.890646   3.038571
 -5.410101   0.890646   3.038571
 -4.420151   0.890646   3.038571
 -3.430202   0.890646   3.038571
 -2.440252   0.890646   3.038571
 -1.450303   0.890646   3.038571
 -0.460353   0.890646   3.038571
  0.529596   0.890646   3.038571
  1.519546   0.890646   3.038571
  2.509495   0.890646   3.038571
  3.499444   0.890646   3.038571
 -5.905076   1.385621   3.038571
 -4.915126   1.385621   3.038571
 -3.925177   1.385621   3.038571
 -2.935227   1.385621   3.038571
 -1.945278   1.385621   3.038571
 -0.955328   1.385621   3.038571
  0.034621   1.385621   3.038571
  1.024571   1.385621   3.038571
  2.014520   1.385621   3.038571
  3.004470   1.385621   3.038571
 -6.400050   1.880596   3.038571
 -5.410101   1.880596   3.038571
 -4.420151   1.880596   3.038571
 -3.430202   1.880596   3.038571
 -2.440252   1.880596   3.038571
 -1.450303   1.880596   3.038571
 -0.460353   1.880596   3.038571
  0.529596   1.880596   3.038571
  1.519546   1.880596   3.038571
  2.509495   1.880596   3.038571
  3.499444   1.880596   3.038571
 -5.905076   2.375571   3.038571
 -4.915126   2.375571   3.038571
 -3.925177   2.375571   3.038571
 -2.935227   2.375571   3.038571
 -1.945278   2.375571   3.038571
 -0.955328   2.375571   3.038571
  0.034621   2.375571   3.038571
  1.024571   2.375571   3.038571
  2.014520   2.375571   3.038571
  3.004470   2.375571   3.038571
 -5.410101   2.870545   3.038571
 -4.420151   2.870545   3.038571
 -3.430202   2.870545   3.038571
 -2.440252   2.870545   3.038571
 -1.450303   2.870545   3.038571
 -0.460353   2.870545   3.038571
  0.529596   2.870545   3.038571
  1.519546   2.870545   3.038571
  2.509495   2.870545   3.038571
 -4.915126   3.365520   3.038571
 -3.925177   3.365520   3.038571
 -2.935227   3.365520   3.038571
 -1.945278   3.365520   3.038571
 -0.955328   3.365520   3.038571
  0.034621   3.365520   3.038571
  1.024571   3.365520   3.038571
  2.014520   3.365520   3.038571
 -4.420151   3.860495   3.038571
 -3.430202   3.860495   3.038571
 -2.440252   3.860495   3.038571
 -1.450303   3.860495   3.038571
 -0.460353   3.860495   3.038571
  0.529596   3.860495   3.038571
  1.519546   3.860495   3.038571
 -1.945278  -3.069152   3.533545
 -0.955328  -3.069152   3.533545
  0.034621  -3.069152   3.533545
 -2.440252  -2.574177   3.533545
 -1.450303  -2.574177   3.533545
 -0.460353  -2.574177   3.533545
  0.529596  -2.574177   3.533545
  2.509495  -2.574177   3.533545
 -2.935227  -2.079202   3.533545
 -1.945278  -2.079202   3.533545
 -0.955328  -2.079202   3.533545
  0.034621  -2.079202   3.533545
  1.024571  -2.079202   3.533545
  2.014520  -2.079202   3.533545
  3.004470  -2.079202   3.533545
 -4.420151  -1.584227   3.533545
 -3.430202  -1.584227   3.533545
 -2.440252  -1.584227   3.533545
 -1.450303  -1.584227   3.533545
 -0.460353  -1.584227   3.533545
  0.529596  -1.584227   3.533545
  1.519546  -1.584227   3.533545
  2.509495  -1.584227   3.533545
 -4.915126  -1.089253   3.533545
 -3.925177  -1.089253   3.533545
 -2.935227  -1.089253   3.533545
 -1.945278  -1.089253   3.533545
 -0.955328  -1.089253   3.533545
  0.034621  -1.089253   3.533545
  1.024571  -1.089253   3.533545
  2.014520  -1.089253   3.533545
  3.004470  -1.089253   3.533545
 -5.410101  -0.594278   3.533545
 -4.420151  -0.594278   3.533545
 -3.430202  -0.594278   3.533545
 -2.440252  -0.594278   3.533545
 -1.450303  -0.594278   3.533545
 -0.460353  -0.594278   3.533545
  0.529596  -0.594278   3.533545
  1.519546  -0.594278   3.533545
  2.509495  -0.594278   3.533545
 -5.905076  -0.099303   3.533545
 -4.915126  -0.099303   3.533545
 -3.925177  -0.099303   3.533545
 -2.935227  -0.099303   3.533545
 -1.945278  -0.099303   3.533545
 -0.955328  -0.099303   3.533545
  0.034621  -0.099303   3.533545
  1.024571  -0.099303   3.533545
  2.014520  -0.099303   3.533545
  3.004470  -0.099303   3.533545
 -5.410101   0.395672   3.533545
 -4.420151   0.395672   3.533545
 -3.430202   0.395672   3.533545
 -2.440252   0.395672   3.533545
 -1.450303   0.395672   3.533545
 -0.460353   0.395672   3.533545
  0.529596   0.395672   3.533545
  1.519546   0.395672   3.533545
  2.509495   0.395672   3.533545
  3.499444   0.395672   3.533545
 -5.905076   0.890646   3.533545
 -4.915126   0.890646   3.533545
 -3.925177   0.890646   3.533545
 -2.935227   0.890646   3.533545
 -1.945278   0.890646   3.533545
 -0.955328   0.890646   3.533545
  0.034621   0.890646   3.533545
  1.024571   0.890646   3.533545
  2.014520   0.890646   3.533545
  3.004470   0.890646   3.533545
 -5.410101   1.385621   3.533545
 -4.420151   1.385621   3.533545
 -3.430202   1.385621   3.533545
 -2.440252   1.385621   3.533545
 -1.450303   1.385621   3.533545
 -0.460353   1.385621   3.533545
  0.529596   1.385621   3.533545
  1.519546   1.385621   3.533545
  2.509495   1.385621   3.533545
 -5.905076   1.880596   3.533545
 -4.915126   1.880596   3.533545
 -3.925177   1.880596   3.533545
 -2.935227   1.880596   3.533545
 -1.945278   1.880596   3.533545
 -0.955328   1.880596   3.533545
  0.034621   1.880596   3.533545
  1.024571   1.880596   3.533545
  2.014520   1.880596   3.533545
  3.004470   1.880596   3.533545
 -5.410101   2.375571   3.533545
 -4.420151   2.375571   3.533545
 -3.430202   2.375571   3.533545
 -2.440252   2.375571   3.533545
 -1.450303   2.375571   3.533545
 -0.460353   2.375571   3.533545
  0.529596   2.375571   3.533545
  1.519546   2.375571   3.533545
  2.509495   2.375571   3.533545
 -4.915126   2.870545   3.533545
 -3.925177   2.870545   3.533545
 -2.935227   2.870545   3.533545
 -1.945278   2.870545   3.533545
 -0.955328   2.870545   3.533545
  0.034621   2.870545   3.533545
  1.024571   2.870545   3.533545
  2.014520   2.870545   3.533545
 -4.420151   3.365520   3.533545
 -3.430202   3.365520   3.533545
 -2.440252   3.365520   3.533545
 -1.450303   3.365520   3.533545
 -0.460353   3.365520   3.533545
  0.529596   3.365520   3.533545
  1.519546   3.365520   3.533545
 -1.945278  -2.574177   4.028520
 -0.955328  -2.574177   4.028520
  0.034621  -2.574177   4.028520
 -2.440252  -2.079202   4.028520
 -1.450303  -2.079202   4.028520
 -0.460353  -2.079202   4.028520
  0.529596  -2.079202   4.028520
 -2.935227  -1.584227   4.028520
 -1.945278  -1.584227   4.028520
 -0.955328  -1.584227   4.028520
  0.034621  -1.584227   4.028520
  1.024571  -1.584227   4.028520
 -3.430202  -1.089253   4.028520
 -2.440252  -1.089253   4.028520
 -1.450303  -1.089253   4.028520
 -0.460353  -1.089253   4.028520
  0.529596  -1.089253   4.028520
  1.519546  -1.089253   4.028520
 -3.925177  -0.594278   4.028520
 -2.935227  -0.594278   4.028520
 -1.945278  -0.594278   4.028520
 -0.955328  -0.594278   4.028520
  0.034621  -0.594278   4.028520
  1.024571  -0.594278   4.028520
  2.014520  -0.594278   4.028520
 -4.420151  -0.099303   4.028520
 -3.430202  -0.099303   4.028520
 -2.440252  -0.099303   4.028520
 -1.450303  -0.099303   4.028520
 -0.460353  -0.099303   4.028520
  0.529596  -0.099303   4.028520
  1.519546  -0.099303   4.028520
  2.509495  -0.099303   4.028520
 -4.915126   0.395672   4.028520
 -3.925177   0.395672   4.028520
 -2.935227   0.395672   4.028520
 -1.945278   0.395672   4.028520
 -0.955328   0.395672   4.028520
  0.034621   0.395672   4.028520
  1.024571   0.395672   4.028520
  2.014520   0.395672   4.028520
 -5.410101   0.890646   4.028520
 -4.420151   0.890646   4.028520
 -3.430202   0.890646   4.028520
 -2.440252   0.890646   4.028520
 -1.450303   0.890646   4.028520
 -0.460353   0.890646   4.028520
  0.529596   0.890646   4.028520
  1.519546   0.890646   4.028520
 -4.915126   1.385621   4.028520
 -3.925177   1.385621   4.028520
 -2.935227   1.385621   4.028520
 -1.945278   1.385621   4.028520
 -0.955328   1.385621   4.028520
  0.034621   1.385621   4.028520
  1.024571   1.385621   4.028520
  2.014520   1.385621   4.028520
 -4.420151   1.880596   4.028520
 -3.430202   1.880596   4.028520
 -2.440252   1.880596   4.028520
 -1.450303   1.880596   4.028520
 -0.460353   1.880596   4.028520
  0.529596   1.880596   4.028520
  1.519546   1.880596   4.028520
 -4.915126   2.375571   4.028520
 -3.925177   2.375571   4.028520
 -2.935227   2.375571   4.028520
 -1.945278   2.375571   4.028520
 -0.955328   2.375571   4.028520
  0.034621   2.375571   4.028520
  1.024571   2.375571   4.028520
 -3.430202   2.870545   4.028520
 -2.440252   2.870545   4.028520
 -1.450303   2.870545   4.028520
 -0.460353   2.870545   4.028520
  0.529596   2.870545   4.028520
 -1.945278  -2.079202   4.523495
 -0.955328  -2.079202   4.523495
  0.034621  -2.079202   4.523495
 -2.440252  -1.584227   4.523495
 -1.450303  -1.584227   4.523495
 -0.460353  -1.584227   4.523495
  0.529596  -1.584227   4.523495
 -2.935227  -1.089253   4.523495
 -1.945278  -1.089253   4.523495
 -0.955328  -1.089253   4.523495
  0.034621  -1.089253   4.523495
 -2.440252  -0.594278   4.523495
 -1.450303  -0.594278   4.523495
 -0.460353  -0.594278   4.523495
  0.529596  -0.594278   4.523495
 -2.935227  -0.099303   4.523495
 -1.945278  -0.099303   4.523495
 -0.955328  -0.099303   4.523495
  0.034621  -0.099303   4.523495
 -3.430202   0.395672   4.523495
 -2.440252   0.395672   4.523495
 -1.450303   0.395672   4.523495
 -0.460353   0.395672   4.523495
  0.529596   0.395672   4.523495
 -3.925177   0.890646   4.523495
 -2.935227   0.890646   4.523495
 -1.945278   0.890646   4.523495
 -0.955328   0.890646   4.523495
  0.034621   0.890646   4.523495
 -3.430202   1.385621   4.523495
 -2.440252   1.385621   4.523495
 -1.450303   1.385621   4.523495
 -0.460353   1.385621   4.523495
  0.529596   1.385621   4.523495
 -2.935227   1.880596   4.523495
 -1.945278   1.880596   4.523495
 -0.955328   1.880596   4.523495
  0.034621   1.880596   4.523495
 -1.450303  -1.089253   5.018470
 -0.460353  -1.089253   5.018470
 -1.945278  -0.594278   5.018470
 -0.955328  -0.594278   5.018470
 -1.450303  -0.099303   5.018470
 -0.460353  -0.099303   5.018470
 -0.955328   0.395672   5.018470
