  0.183596  -2.425152  -5.766025
  1.173546  -2.425152  -5.766025
 -0.311379  -1.930177  -5.766025
  0.678571  -1.930177  -5.766025
  1.668520  -1.930177  -5.766025
 -0.806353  -1.435202  -5.766025
  0.183596  -1.435202  -5.766025
  1.173546  -1.435202  -5.766025
  2.163495  -1.435202  -5.766025
 -0.311379  -0.940227  -5.766025
  0.678571  -0.940227  -5.766025
  1.668520  -0.940227  -5.766025
 -0.806353  -0.445253  -5.766025
  0.183596  -0.445253  -5.766025
  1.173546  -0.445253  -5.766025
  2.163495  -0.445253  -5.766025
 -1.301328   0.049722  -5.766025
 -0.311379   0.049722  -5.766025
  0.678571   0.049722  -5.766025
  1.668520   0.049722  -5.766025
 -0.806353   0.544697  -5.766025
  0.183596   0.544697  -5.766025
  1.173546   0.544697  -5.766025
  2.163495   0.544697  -5.766025
 -0.311379   1.039672  -5.766025
  0.678571   1.039672  -5.766025
  1.668520   1.039672  -5.766025
 -0.806353   1.534646  -5.766025
  0.183596   1.534646  -5.766025
  1.173546   1.534646  -5.766025
  0.678571  -3.415101  -5.271051
  1.668520  -3.415101  -5.271051
  0.183596  -2.920126  -5.271051
  1.173546  -2.920126  -5.271051
  2.163495  -2.920126  -5.271051
 -0.311379  -2.425152  -5.271051
  0.678571  -2.425152  -5.271051
  1.668520  -2.425152  -5.271051
  2.658470  -2.425152  -5.271051
 -0.806353  -1.930177  -5.271051
  0.183596  -1.930177  -5.271051
  1.173546  -1.930177  -5.271051
  2.163495  -1.930177  -5.271051
  3.153445  -1.930177  -5.271051
 -1.301328  -1.435202  -5.271051
 -0.311379  -1.435202  -5.271051
  0.678571  -1.435202  -5.271051
  1.668520  -1.435202  -5.271051
  2.658470  -1.435202  -5.271051
 -1.796303  -0.940227  -5.271051
 -0.806353  -0.940227  -5.271051
  0.183596  -0.940227  -5.271051
  1.173546  -0.940227  -5.271051
  2.163495  -0.940227  -5.271051
  3.153445  -0.940227  -5.271051
 -1.301328  -0.445253  -5.271051
 -0.311379  -0.445253  -5.271051
  0.678571  -0.445253  -5.271051
  1.668520  -0.445253  -5.271051
  2.658470  -0.445253  -5.271051
 -1.796303   0.049722  -5.271051
 -0.806353   0.049722  -5.271051
  0.183596   0.049722  -5.271051
  1.173546   0.049722  -5.271051
  2.163495   0.049722  -5.271051
 -1.301328   0.544697  -5.271051
 -0.311379   0.544697  -5.271051
  0.678571   0.544697  -5.271051
  1.668520   0.544697  -5.271051
  2.658470   0.544697  -5.271051
 -1.796303   1.039672  -5.271051
 -0.806353   1.039672  -5.271051
  0.183596   1.039672  -5.271051
  1.173546   1.039672  -5.271051
  2.163495   1.039672  -5.271051
 -1.301328   1.534646  -5.271051
 -0.311379   1.534646  -5.271051
  0.678571   1.534646  -5.271051
  1.668520   1.534646  -5.271051
 -0.806353   2.029621  -5.271051
  0.183596   2.029621  -5.271051
  1.173546   2.029621  -5.271051
 -0.311379   2.524596  -5.271051
  0.678571   2.524596  -5.271051
 -0.311379  -3.910076  -4.776076
  0.678571  -3.910076  -4.776076
  1.668520  -3.910076  -4.776076
 -0.806353  -3.415101  -4.776076
  0.183596  -3.415101  -4.776076
  1.173546  -3.415101  -4.776076
  2.163495  -3.415101  -4.776076
  3.153445  -3.415101  -4.776076
 -1.301328  -2.920126  -4.776076
 -0.311379  -2.920126  -4.776076
  0.678571  -2.920126  -4.776076
  1.668520  -2.920126  -4.776076
  2.658470  -2.920126  -4.776076
 -0.806353  -2.425152  -4.776076
  0.183596  -2.425152  -4.776076
  1.173546  -2.425152  -4.776076
  2.163495  -2.425152  -4.776076
  3.153445  -2.425152  -4.776076
 -1.301328  -1.930177  -4.776076
 -0.311379  -1.930177  -4.776076
  0.678571  -1.930177  -4.776076
  1.668520  -1.930177  -4.776076
  2.658470  -1.930177  -4.776076
  3.648419  -1.930177  -4.776076
 -1.796303  -1.435202  -4.776076
 -0.806353  -1.435202  -4.776076
  0.183596  -1.435202  -4.776076
  1.173546  -1.435202  -4.776076
  2.163495  -1.435202  -4.776076
  3.153445  -1.435202  -4.776076
 -2.291278  -0.940227  -4.776076
 -1.301328  -0.940227  -4.776076
 -0.311379  -0.940227  -4.776076
  0.678571  -0.940227  -4.776076
  1.668520  -0.940227  -4.776076
  2.658470  -0.940227  -4.776076
  3.648419  -0.940227  -4.776076
 -1.796303  -0.445253  -4.776076
 -0.806353  -0.445253  -4.776076
  0.183596  -0.445253  -4.776076
  1.173546  -0.445253  -4.776076
  2.163495  -0.445253  -4.776076
  3.153445  -0.445253  -4.776076
 -2.291278   0.049722  -4.776076
 -1.301328   0.049722  -4.776076
 -0.311379   0.049722  -4.776076
  0.678571   0.049722  -4.776076
  1.668520   0.049722  -4.776076
  2.658470   0.049722  -4.776076
  3.648419   0.049722  -4.776076
 -1.796303   0.544697  -4.776076
 -0.806353   0.544697  -4.776076
  0.183596   0.544697  -4.776076
  1.173546   0.544697  -4.776076
  2.163495   0.544697  -4.776076
  3.153445   0.544697  -4.776076
 -2.291278   1.039672  -4.776076
 -1.301328   1.039672  -4.776076
 -0.311379   1.039672  -4.776076
  0.678571   1.039672  -4.776076
  1.668520   1.039672  -4.776076
  2.658470   1.039672  -4.776076
 -1.796303   1.534646  -4.776076
 -0.806353   1.534646  -4.776076
  0.183596   1.534646  -4.776076
  1.173546   1.534646  -4.776076
  2.163495   1.534646  -4.776076
  3.153445   1.534646  -4.776076
 -1.301328   2.029621  -4.776076
 -0.311379   2.029621  -4.776076
  0.678571   2.029621  -4.776076
  1.668520   2.029621  -4.776076
  2.658470   2.029621  -4.776076
 -0.806353   2.524596  -4.776076
  0.183596   2.524596  -4.776076
  1.173546   2.524596  -4.776076
  2.163495   2.524596  -4.776076
 -0.311379   3.019571  -4.776076
  0.678571   3.019571  -4.776076
  0.678571  -4.405051  -4.281101
  1.668520  -4.405051  -4.281101
 -0.806353  -3.910076  -4.281101
  0.183596  -3.910076  -4.281101
  1.173546  -3.910076  -4.281101
  2.163495  -3.910076  -4.281101
  3.153445  -3.910076  -4.281101
 -1.301328  -3.415101  -4.281101
 -0.311379  -3.415101  -4.281101
  0.678571  -3.415101  -4.281101
  1.668520  -3.415101  -4.281101
  2.658470  -3.415101  -4.281101
  3.648419  -3.415101  -4.281101
 -1.796303  -2.920126  -4.281101
 -0.806353  -2.920126  -4.281101
  0.183596  -2.920126  -4.281101
  1.173546  -2.920126  -4.281101
  2.163495  -2.920126  -4.281101
  3.153445  -2.920126  -4.281101
 -1.301328  -2.425152  -4.281101
 -0.311379  -2.425152  -4.281101
  0.678571  -2.425152  -4.281101
  1.668520  -2.425152  -4.281101
  2.658470  -2.425152  -4.281101
  3.648419  -2.425152  -4.281101
 -1.796303  -1.930177  -4.281101
 -0.806353  -1.930177  -4.281101
  0.183596  -1.930177  -4.281101
  1.173546  -1.930177  -4.281101
  2.163495  -1.930177  -4.281101
  3.153445  -1.930177  -4.281101
  4.143394  -1.930177  -4.281101
 -2.291278  -1.435202  -4.281101
 -1.301328  -1.435202  -4.281101
 -0.311379  -1.435202  -4.281101
  0.678571  -1.435202  -4.281101
  1.668520  -1.435202  -4.281101
  2.658470  -1.435202  -4.281101
  3.648419  -1.435202  -4.281101
 -2.786252  -0.940227  -4.281101
 -1.796303  -0.940227  -4.281101
 -0.806353  -0.940227  -4.281101
  0.183596  -0.940227  -4.281101
  1.173546  -0.940227  -4.281101
  2.163495  -0.940227  -4.281101
  3.153445  -0.940227  -4.281101
  4.143394  -0.940227  -4.281101
 -2.291278  -0.445253  -4.281101
 -1.301328  -0.445253  -4.281101
 -0.311379  -0.445253  -4.281101
  0.678571  -0.445253  -4.281101
  1.668520  -0.445253  -4.281101
  2.658470  -0.445253  -4.281101
  3.648419  -0.445253  -4.281101
 -2.786252   0.049722  -4.281101
 -1.796303   0.049722  -4.281101
 -0.806353   0.049722  -4.281101
  0.183596   0.049722  -4.281101
  1.173546   0.049722  -4.281101
  2.163495   0.049722  -4.281101
  3.153445   0.049722  -4.281101
  4.143394   0.049722  -4.281101
 -2.291278   0.544697  -4.281101
 -1.301328   0.544697  -4.281101
 -0.311379   0.544697  -4.281101
  0.678571   0.544697  -4.281101
  1.668520   0.544697  -4.281101
  2.658470   0.544697  -4.281101
  3.648419   0.544697  -4.281101
 -2.786252   1.039672  -4.281101
 -1.796303   1.039672  -4.281101
 -0.806353   1.039672  -4.281101
  0.183596   1.039672  -4.281101
  1.173546   1.039672  -4.281101
  2.163495   1.039672  -4.281101
  3.153445   1.039672  -4.281101
 -2.291278   1.534646  -4.281101
 -1.301328   1.534646  -4.281101
 -0.311379   1.534646  -4.281101
  0.678571   1.534646  -4.281101
  1.668520   1.534646  -4.281101
  2.658470   1.534646  -4.281101
 -1.796303   2.029621  -4.281101
 -0.806353   2.029621  -4.281101
  0.183596   2.029621  -4.281101
  1.173546   2.029621  -4.281101
  2.163495   2.029621  -4.281101
  3.153445   2.029621  -4.281101
 -1.301328   2.524596  -4.281101
 -0.311379   2.524596  -4.281101
  0.678571   2.524596  -4.281101
  1.668520   2.524596  -4.281101
  2.658470   2.524596  -4.281101
 -0.806353   3.019571  -4.281101
  0.183596   3.019571  -4.281101
  1.173546   3.019571  -4.281101
  2.163495   3.019571  -4.281101
  0.678571   3.514545  -4.281101
  0.678571  -4.900025  -3.786126
  1.668520  -4.900025  -3.786126
 -0.806353  -4.405051  -3.786126
  0.183596  -4.405051  -3.786126
  1.173546  -4.405051  -3.786126
  2.163495  -4.405051  -3.786126
 -1.301328  -3.910076  -3.786126
 -0.311379  -3.910076  -3.786126
  0.678571  -3.910076  -3.786126
  1.668520  -3.910076  -3.786126
  2.658470  -3.910076  -3.786126
  3.648419  -3.910076  -3.786126
 -1.796303  -3.415101  -3.786126
 -0.806353  -3.415101  -3.786126
  0.183596  -3.415101  -3.786126
  1.173546  -3.415101  -3.786126
  2.163495  -3.415101  -3.786126
  3.153445  -3.415101  -3.786126
 -1.301328  -2.920126  -3.786126
 -0.311379  -2.920126  -3.786126
  0.678571  -2.920126  -3.786126
  1.668520  -2.920126  -3.786126
  2.658470  -2.920126  -3.786126
  3.648419  -2.920126  -3.786126
 -1.796303  -2.425152  -3.786126
 -0.806353  -2.425152  -3.786126
  0.183596  -2.425152  -3.786126
  1.173546  -2.425152  -3.786126
  2.163495  -2.425152  -3.786126
  3.153445  -2.425152  -3.786126
  4.143394  -2.425152  -3.786126
 -2.291278  -1.930177  -3.786126
 -1.301328  -1.930177  -3.786126
 -0.311379  -1.930177  -3.786126
  0.678571  -1.930177  -3.786126
  1.668520  -1.930177  -3.786126
  2.658470  -1.930177  -3.786126
  3.648419  -1.930177  -3.786126
  4.638369  -1.930177  -3.786126
 -3.776202  -1.435202  -3.786126
 -2.786252  -1.435202  -3.786126
 -1.796303  -1.435202  -3.786126
 -0.806353  -1.435202  -3.786126
  0.183596  -1.435202  -3.786126
  1.173546  -1.435202  -3.786126
  2.163495  -1.435202  -3.786126
  3.153445  -1.435202  -3.786126
  4.143394  -1.435202  -3.786126
 -4.271177  -0.940227  -3.786126
 -3.281227  -0.940227  -3.786126
 -2.291278  -0.940227  -3.786126
 -1.301328  -0.940227  -3.786126
 -0.311379  -0.940227  -3.786126
  0.678571  -0.940227  -3.786126
  1.668520  -0.940227  -3.786126
  2.658470  -0.940227  -3.786126
  3.648419  -0.940227  -3.786126
  4.638369  -0.940227  -3.786126
 -4.766151  -0.445253  -3.786126
 -3.776202  -0.445253  -3.786126
 -2.786252  -0.445253  -3.786126
 -1.796303  -0.445253  -3.786126
 -0.806353  -0.445253  -3.786126
  0.183596  -0.445253  -3.786126
  1.173546  -0.445253  -3.786126
  2.163495  -0.445253  -3.786126
  3.153445  -0.445253  -3.786126
  4.143394  -0.445253  -3.786126
 -5.261126   0.049722  -3.786126
 -4.271177   0.049722  -3.786126
 -3.281227   0.049722  -3.786126
 -2.291278   0.049722  -3.786126
 -1.301328   0.049722  -3.786126
 -0.311379   0.049722  -3.786126
  0.678571   0.049722  -3.786126
  1.668520   0.049722  -3.786126
  2.658470   0.049722  -3.786126
  3.648419   0.049722  -3.786126
 -4.766151   0.544697  -3.786126
 -3.776202   0.544697  -3.786126
 -2.786252   0.544697  -3.786126
 -1.796303   0.544697  -3.786126
 -0.806353   0.544697  -3.786126
  0.183596   0.544697  -3.786126
  1.173546   0.544697  -3.786126
  2.163495   0.544697  -3.786126
  3.153445   0.544697  -3.786126
  4.143394   0.544697  -3.786126
 -5.261126   1.039672  -3.786126
 -4.271177   1.039672  -3.786126
 -3.281227   1.039672  -3.786126
 -2.291278   1.039672  -3.786126
 -1.301328   1.039672  -3.786126
 -0.311379   1.039672  -3.786126
  0.678571   1.039672  -3.786126
  1.668520   1.039672  -3.786126
  2.658470   1.039672  -3.786126
  3.648419   1.039672  -3.786126
 -4.766151   1.534646  -3.786126
 -3.776202   1.534646  -3.786126
 -2.786252   1.534646  -3.786126
 -1.796303   1.534646  -3.786126
 -0.806353   1.534646  -3.786126
  0.183596   1.534646  -3.786126
  1.173546   1.534646  -3.786126
  2.163495   1.534646  -3.786126
  3.153445   1.534646  -3.786126
 -4.271177   2.029621  -3.786126
 -3.281227   2.029621  -3.786126
 -2.291278   2.029621  -3.786126
 -1.301328   2.029621  -3.786126
 -0.311379   2.029621  -3.786126
  0.678571   2.029621  -3.786126
  1.668520   2.029621  -3.786126
  2.658470   2.029621  -3.786126
 -1.796303   2.524596  -3.786126
 -0.806353   2.524596  -3.786126
  0.183596   2.524596  -3.786126
  1.173546   2.524596  -3.786126
  2.163495   2.524596  -3.786126
  3.153445   2.524596  -3.786126
 -1.301328   3.019571  -3.786126
 -0.311379   3.019571  -3.786126
  0.678571   3.019571  -3.786126
  1.668520   3.019571  -3.786126
 -0.806353   3.514545  -3.786126
  0.183596   3.514545  -3.786126
  1.173546   3.514545  -3.786126
  0.183596  -4.900025  -3.291152
  1.173546  -4.900025  -3.291152
  2.163495  -4.900025  -3.291152
 -0.311379  -4.405051  -3.291152
  0.678571  -4.405051  -3.291152
  1.668520  -4.405051  -3.291152
  2.658470  -4.405051  -3.291152
 -0.806353  -3.910076  -3.291152
  0.183596  -3.910076  -3.291152
  1.173546  -3.910076  -3.291152
  2.163495  -3.910076  -3.291152
  3.153445  -3.910076  -3.291152
 -1.301328  -3.415101  -3.291152
 -0.311379  -3.415101  -3.291152
  0.678571  -3.415101  -3.291152
  1.668520  -3.415101  -3.291152
  2.658470  -3.415101  -3.291152
  3.648419  -3.415101  -3.291152
 -1.796303  -2.920126  -3.291152
 -0.806353  -2.920126  -3.291152
  0.183596  -2.920126  -3.291152
  1.173546  -2.920126  -3.291152
  2.163495  -2.920126  -3.291152
  3.153445  -2.920126  -3.291152
  4.143394  -2.920126  -3.291152
 -2.291278  -2.425152  -3.291152
 -1.301328  -2.425152  -3.291152
 -0.311379  -2.425152  -3.291152
  0.678571  -2.425152  -3.291152
  2.658470  -2.425152  -3.291152
  3.648419  -2.425152  -3.291152
  4.638369  -2.425152  -3.291152
 -4.766151  -1.930177  -3.291152
 -3.776202  -1.930177  -3.291152
 -2.786252  -1.930177  -3.291152
 -1.796303  -1.930177  -3.291152
 -0.806353  -1.930177  -3.291152
  0.183596  -1.930177  -3.291152
  3.153445  -1.930177  -3.291152
  4.143394  -1.930177  -3.291152
 -5.261126  -1.435202  -3.291152
 -4.271177  -1.435202  -3.291152
 -3.281227  -1.435202  -3.291152
 -2.291278  -1.435202  -3.291152
 -1.301328  -1.435202  -3.291152
 -0.311379  -1.435202  -3.291152
  0.678571  -1.435202  -3.291152
  2.658470  -1.435202  -3.291152
  3.648419  -1.435202  -3.291152
  4.638369  -1.435202  -3.291152
 -5.756101  -0.940227  -3.291152
 -4.766151  -0.940227  -3.291152
 -3.776202  -0.940227  -3.291152
 -2.786252  -0.940227  -3.291152
 -1.796303  -0.940227  -3.291152
 -0.806353  -0.940227  -3.291152
  0.183596  -0.940227  -3.291152
  3.153445  -0.940227  -3.291152
  4.143394  -0.940227  -3.291152
 -5.261126  -0.445253  -3.291152
 -4.271177  -0.445253  -3.291152
 -3.281227  -0.445253  -3.291152
 -2.291278  -0.445253  -3.291152
 -1.301328  -0.445253  -3.291152
  1.668520  -0.445253  -3.291152
  2.658470  -0.445253  -3.291152
  3.648419  -0.445253  -3.291152
  4.638369  -0.445253  -3.291152
 -5.756101   0.049722  -3.291152
 -4.766151   0.049722  -3.291152
 -3.776202   0.049722  -3.291152
 -2.786252   0.049722  -3.291152
 -1.796303   0.049722  -3.291152
  2.163495   0.049722  -3.291152
  3.153445   0.049722  -3.291152
  4.143394   0.049722  -3.291152
 -6.251076   0.544697  -3.291152
 -5.261126   0.544697  -3.291152
 -4.271177   0.544697  -3.291152
 -3.281227   0.544697  -3.291152
 -2.291278   0.544697  -3.291152
 -1.301328   0.544697  -3.291152
  2.658470   0.544697  -3.291152
  3.648419   0.544697  -3.291152
  4.638369   0.544697  -3.291152
 -5.756101   1.039672  -3.291152
 -4.766151   1.039672  -3.291152
 -3.776202   1.039672  -3.291152
 -2.786252   1.039672  -3.291152
 -1.796303   1.039672  -3.291152
 -0.806353   1.039672  -3.291152
  0.183596   1.039672  -3.291152
  2.163495   1.039672  -3.291152
  3.153445   1.039672  -3.291152
  4.143394   1.039672  -3.291152
 -5.261126   1.534646  -3.291152
 -4.271177   1.534646  -3.291152
 -3.281227   1.534646  -3.291152
 -2.291278   1.534646  -3.291152
 -1.301328   1.534646  -3.291152
 -0.311379   1.534646  -3.291152
  0.678571   1.534646  -3.291152
  1.668520   1.534646  -3.291152
  2.658470   1.534646  -3.291152
  3.648419   1.534646  -3.291152
 -4.766151   2.029621  -3.291152
 -3.776202   2.029621  -3.291152
 -2.786252   2.029621  -3.291152
 -1.796303   2.029621  -3.291152
 -0.806353   2.029621  -3.291152
  0.183596   2.029621  -3.291152
  1.173546   2.029621  -3.291152
  2.163495   2.029621  -3.291152
  3.153445   2.029621  -3.291152
 -4.271177   2.524596  -3.291152
 -3.281227   2.524596  -3.291152
 -2.291278   2.524596  -3.291152
 -1.301328   2.524596  -3.291152
 -0.311379   2.524596  -3.291152
  0.678571   2.524596  -3.291152
  1.668520   2.524596  -3.291152
  2.658470   2.524596  -3.291152
 -2.786252   3.019571  -3.291152
 -1.796303   3.019571  -3.291152
 -0.806353   3.019571  -3.291152
  0.183596   3.019571  -3.291152
  1.173546   3.019571  -3.291152
  2.163495   3.019571  -3.291152
 -1.301328   3.514545  -3.291152
 -0.311379   3.514545  -3.291152
  0.678571   3.514545  -3.291152
  1.668520   3.514545  -3.291152
 -0.311379  -4.900025  -2.796177
  0.678571  -4.900025  -2.796177
  1.668520  -4.900025  -2.796177
  2.658470  -4.900025  -2.796177
 -0.806353  -4.405051  -2.796177
  0.183596  -4.405051  -2.796177
  1.173546  -4.405051  -2.796177
  2.163495  -4.405051  -2.796177
  3.153445  -4.405051  -2.796177
 -1.301328  -3.910076  -2.796177
 -0.311379  -3.910076  -2.796177
  0.678571  -3.910076  -2.796177
  1.668520  -3.910076  -2.796177
  2.658470  -3.910076  -2.796177
  3.648419  -3.910076  -2.796177
 -1.796303  -3.415101  -2.796177
 -0.806353  -3.415101  -2.796177
  0.183596  -3.415101  -2.796177
  1.173546  -3.415101  -2.796177
  2.163495  -3.415101  -2.796177
  3.153445  -3.415101  -2.796177
  4.143394  -3.415101  -2.796177
 -2.291278  -2.920126  -2.796177
 -1.301328  -2.920126  -2.796177
 -0.311379  -2.920126  -2.796177
  0.678571  -2.920126  -2.796177
  1.668520  -2.920126  -2.796177
  2.658470  -2.920126  -2.796177
  3.648419  -2.920126  -2.796177
  4.638369  -2.920126  -2.796177
 -4.766151  -2.425152  -2.796177
 -3.776202  -2.425152  -2.796177
 -2.786252  -2.425152  -2.796177
 -1.796303  -2.425152  -2.796177
 -0.806353  -2.425152  -2.796177
  0.183596  -2.425152  -2.796177
  3.153445  -2.425152  -2.796177
  4.143394  -2.425152  -2.796177
  5.133344  -2.425152  -2.796177
 -5.261126  -1.930177  -2.796177
 -4.271177  -1.930177  -2.796177
 -3.281227  -1.930177  -2.796177
 -2.291278  -1.930177  -2.796177
 -1.301328  -1.930177  -2.796177
 -0.311379  -1.930177  -2.796177
  2.658470  -1.930177  -2.796177
  3.648419  -1.930177  -2.796177
  4.638369  -1.930177  -2.796177
 -5.756101  -1.435202  -2.796177
 -4.766151  -1.435202  -2.796177
 -3.776202  -1.435202  -2.796177
 -2.786252  -1.435202  -2.796177
 -1.796303  -1.435202  -2.796177
 -0.806353  -1.435202  -2.796177
  3.153445  -1.435202  -2.796177
  4.143394  -1.435202  -2.796177
  5.133344  -1.435202  -2.796177
 -6.251076  -0.940227  -2.796177
 -5.261126  -0.940227  -2.796177
 -4.271177  -0.940227  -2.796177
 -3.281227  -0.940227  -2.796177
 -2.291278  -0.940227  -2.796177
 -1.301328  -0.940227  -2.796177
  2.658470  -0.940227  -2.796177
  3.648419  -0.940227  -2.796177
  4.638369  -0.940227  -2.796177
 -5.756101  -0.445253  -2.796177
 -4.766151  -0.445253  -2.796177
 -3.776202  -0.445253  -2.796177
 -2.786252  -0.445253  -2.796177
 -1.796303  -0.445253  -2.796177
  2.163495  -0.445253  -2.796177
  3.153445  -0.445253  -2.796177
  4.143394  -0.445253  -2.796177
  5.133344  -0.445253  -2.796177
 -6.251076   0.049722  -2.796177
 -5.261126   0.049722  -2.796177
 -4.271177   0.049722  -2.796177
 -3.281227   0.049722  -2.796177
 -2.291278   0.049722  -2.796177
  2.658470   0.049722  -2.796177
  3.648419   0.049722  -2.796177
  4.638369   0.049722  -2.796177
 -6.746050   0.544697  -2.796177
 -5.756101   0.544697  -2.796177
 -4.766151   0.544697  -2.796177
 -3.776202   0.544697  -2.796177
 -2.786252   0.544697  -2.796177
 -1.796303   0.544697  -2.796177
  2.163495   0.544697  -2.796177
  3.153445   0.544697  -2.796177
  4.143394   0.544697  -2.796177
 -6.251076   1.039672  -2.796177
 -5.261126   1.039672  -2.796177
 -4.271177   1.039672  -2.796177
 -3.281227   1.039672  -2.796177
 -2.291278   1.039672  -2.796177
 -1.301328   1.039672  -2.796177
 -0.311379   1.039672  -2.796177
  2.658470   1.039672  -2.796177
  3.648419   1.039672  -2.796177
  4.638369   1.039672  -2.796177
 -5.756101   1.534646  -2.796177
 -4.766151   1.534646  -2.796177
 -3.776202   1.534646  -2.796177
 -2.786252   1.534646  -2.796177
 -1.796303   1.534646  -2.796177
 -0.806353   1.534646  -2.796177
  0.183596   1.534646  -2.796177
  2.163495   1.534646  -2.796177
  3.153445   1.534646  -2.796177
  4.143394   1.534646  -2.796177
 -6.251076   2.029621  -2.796177
 -5.261126   2.029621  -2.796177
 -4.271177   2.029621  -2.796177
 -3.281227   2.029621  -2.796177
 -2.291278   2.029621  -2.796177
 -1.301328   2.029621  -2.796177
 -0.311379   2.029621  -2.796177
  0.678571   2.029621  -2.796177
  1.668520   2.029621  -2.796177
  2.658470   2.029621  -2.796177
  3.648419   2.029621  -2.796177
 -5.756101   2.524596  -2.796177
 -4.766151   2.524596  -2.796177
 -3.776202   2.524596  -2.796177
 -2.786252   2.524596  -2.796177
 -1.796303   2.524596  -2.796177
 -0.806353   2.524596  -2.796177
  0.183596   2.524596  -2.796177
  1.173546   2.524596  -2.796177
  2.163495   2.524596  -2.796177
  3.153445   2.524596  -2.796177
 -5.261126   3.019571  -2.796177
 -4.271177   3.019571  -2.796177
 -3.281227   3.019571  -2.796177
 -2.291278   3.019571  -2.796177
 -1.301328   3.019571  -2.796177
 -0.311379   3.019571  -2.796177
  0.678571   3.019571  -2.796177
  1.668520   3.019571  -2.796177
  2.658470   3.019571  -2.796177
 -2.786252   3.514545  -2.796177
 -1.796303   3.514545  -2.796177
 -0.806353   3.514545  -2.796177
  0.183596   3.514545  -2.796177
  1.173546   3.514545  -2.796177
  2.163495   3.514545  -2.796177
  0.678571   4.009520  -2.796177
 -0.806353  -4.900025  -2.301202
  0.183596  -4.900025  -2.301202
  1.173546  -4.900025  -2.301202
  2.163495  -4.900025  -2.301202
 -1.301328  -4.405051  -2.301202
 -0.311379  -4.405051  -2.301202
  0.678571  -4.405051  -2.301202
  1.668520  -4.405051  -2.301202
  2.658470  -4.405051  -2.301202
  3.648419  -4.405051  -2.301202
 -1.796303  -3.910076  -2.301202
 -0.806353  -3.910076  -2.301202
  0.183596  -3.910076  -2.301202
  1.173546  -3.910076  -2.301202
  2.163495  -3.910076  -2.301202
  3.153445  -3.910076  -2.301202
  4.143394  -3.910076  -2.301202
 -2.291278  -3.415101  -2.301202
 -1.301328  -3.415101  -2.301202
 -0.311379  -3.415101  -2.301202
  0.678571  -3.415101  -2.301202
  1.668520  -3.415101  -2.301202
  2.658470  -3.415101  -2.301202
  3.648419  -3.415101  -2.301202
  4.638369  -3.415101  -2.301202
 -4.766151  -2.920126  -2.301202
 -3.776202  -2.920126  -2.301202
 -2.786252  -2.920126  -2.301202
 -1.796303  -2.920126  -2.301202
 -0.806353  -2.920126  -2.301202
  0.183596  -2.920126  -2.301202
  1.173546  -2.920126  -2.301202
  2.163495  -2.920126  -2.301202
  3.153445  -2.920126  -2.301202
  4.143394  -2.920126  -2.301202
  5.133344  -2.920126  -2.301202
 -5.261126  -2.425152  -2.301202
 -4.271177  -2.425152  -2.301202
 -3.281227  -2.425152  -2.301202
 -2.291278  -2.425152  -2.301202
 -1.301328  -2.425152  -2.301202
  2.658470  -2.425152  -2.301202
  3.648419  -2.425152  -2.301202
  4.638369  -2.425152  -2.301202
 -5.756101  -1.930177  -2.301202
 -4.766151  -1.930177  -2.301202
 -3.776202  -1.930177  -2.301202
 -2.786252  -1.930177  -2.301202
 -1.796303  -1.930177  -2.301202
 -0.806353  -1.930177  -2.301202
  3.153445  -1.930177  -2.301202
  4.143394  -1.930177  -2.301202
  5.133344  -1.930177  -2.301202
 -6.251076  -1.435202  -2.301202
 -5.261126  -1.435202  -2.301202
 -4.271177  -1.435202  -2.301202
 -3.281227  -1.435202  -2.301202
 -2.291278  -1.435202  -2.301202
 -1.301328  -1.435202  -2.301202
 -0.311379  -1.435202  -2.301202
  2.658470  -1.435202  -2.301202
  3.648419  -1.435202  -2.301202
  4.638369  -1.435202  -2.301202
  5.628318  -1.435202  -2.301202
 -6.746050  -0.940227  -2.301202
 -5.756101  -0.940227  -2.301202
 -4.766151  -0.940227  -2.301202
 -3.776202  -0.940227  -2.301202
 -2.786252  -0.940227  -2.301202
 -1.796303  -0.940227  -2.301202
 -0.806353  -0.940227  -2.301202
  3.153445  -0.940227  -2.301202
  4.143394  -0.940227  -2.301202
  5.133344  -0.940227  -2.301202
 -6.251076  -0.445253  -2.301202
 -5.261126  -0.445253  -2.301202
 -4.271177  -0.445253  -2.301202
 -3.281227  -0.445253  -2.301202
 -2.291278  -0.445253  -2.301202
 -1.301328  -0.445253  -2.301202
  2.658470  -0.445253  -2.301202
  3.648419  -0.445253  -2.301202
  4.638369  -0.445253  -2.301202
  5.628318  -0.445253  -2.301202
 -6.746050   0.049722  -2.301202
 -5.756101   0.049722  -2.301202
 -4.766151   0.049722  -2.301202
 -3.776202   0.049722  -2.301202
 -2.786252   0.049722  -2.301202
 -1.796303   0.049722  -2.301202
  2.163495   0.049722  -2.301202
  3.153445   0.049722  -2.301202
  4.143394   0.049722  -2.301202
  5.133344   0.049722  -2.301202
 -6.251076   0.544697  -2.301202
 -5.261126   0.544697  -2.301202
 -4.271177   0.544697  -2.301202
 -3.281227   0.544697  -2.301202
 -2.291278   0.544697  -2.301202
 -1.301328   0.544697  -2.301202
  2.658470   0.544697  -2.301202
  3.648419   0.544697  -2.301202
  4.638369   0.544697  -2.301202
 -6.746050   1.039672  -2.301202
 -5.756101   1.039672  -2.301202
 -4.766151   1.039672  -2.301202
 -3.776202   1.039672  -2.301202
 -2.786252   1.039672  -2.301202
 -1.796303   1.039672  -2.301202
 -0.806353   1.039672  -2.301202
  2.163495   1.039672  -2.301202
  3.153445   1.039672  -2.301202
  4.143394   1.039672  -2.301202
 -6.251076   1.534646  -2.301202
 -5.261126   1.534646  -2.301202
 -4.271177   1.534646  -2.301202
 -3.281227   1.534646  -2.301202
 -2.291278   1.534646  -2.301202
 -1.301328   1.534646  -2.301202
 -0.311379   1.534646  -2.301202
  1.668520   1.534646  -2.301202
  2.658470   1.534646  -2.301202
  3.648419   1.534646  -2.301202
  4.638369   1.534646  -2.301202
 -5.756101   2.029621  -2.301202
 -4.766151   2.029621  -2.301202
 -3.776202   2.029621  -2.301202
 -2.786252   2.029621  -2.301202
 -1.796303   2.029621  -2.301202
 -0.806353   2.029621  -2.301202
  0.183596   2.029621  -2.301202
  1.173546   2.029621  -2.301202
  2.163495   2.029621  -2.301202
  3.153445   2.029621  -2.301202
 -6.251076   2.524596  -2.301202
 -5.261126   2.524596  -2.301202
 -4.271177   2.524596  -2.301202
 -3.281227   2.524596  -2.301202
 -2.291278   2.524596  -2.301202
 -1.301328   2.524596  -2.301202
 -0.311379   2.524596  -2.301202
  0.678571   2.524596  -2.301202
  1.668520   2.524596  -2.301202
  2.658470   2.524596  -2.301202
 -5.756101   3.019571  -2.301202
 -4.766151   3.019571  -2.301202
 -3.776202   3.019571  -2.301202
 -2.786252   3.019571  -2.301202
 -1.796303   3.019571  -2.301202
 -0.806353   3.019571  -2.301202
  0.183596   3.019571  -2.301202
  1.173546   3.019571  -2.301202
  2.163495   3.019571  -2.301202
  3.153445   3.019571  -2.301202
 -4.271177   3.514545  -2.301202
 -3.281227   3.514545  -2.301202
 -2.291278   3.514545  -2.301202
 -1.301328   3.514545  -2.301202
 -0.311379   3.514545  -2.301202
  0.678571   3.514545  -2.301202
  1.668520   3.514545  -2.301202
 -2.786252   4.009520  -2.301202
 -1.796303   4.009520  -2.301202
 -0.806353   4.009520  -2.301202
  0.183596   4.009520  -2.301202
  1.173546   4.009520  -2.301202
 -0.311379  -4.900025  -1.806227
  0.678571  -4.900025  -1.806227
  1.668520  -4.900025  -1.806227
  2.658470  -4.900025  -1.806227
 -0.806353  -4.405051  -1.806227
  0.183596  -4.405051  -1.806227
  1.173546  -4.405051  -1.806227
  2.163495  -4.405051  -1.806227
  3.153445  -4.405051  -1.806227
 -2.291278  -3.910076  -1.806227
 -1.301328  -3.910076  -1.806227
 -0.311379  -3.910076  -1.806227
  0.678571  -3.910076  -1.806227
  1.668520  -3.910076  -1.806227
  2.658470  -3.910076  -1.806227
  3.648419  -3.910076  -1.806227
  4.638369  -3.910076  -1.806227
 -3.776202  -3.415101  -1.806227
 -2.786252  -3.415101  -1.806227
 -1.796303  -3.415101  -1.806227
 -0.806353  -3.415101  -1.806227
  0.183596  -3.415101  -1.806227
  1.173546  -3.415101  -1.806227
  2.163495  -3.415101  -1.806227
  3.153445  -3.415101  -1.806227
  4.143394  -3.415101  -1.806227
 -5.261126  -2.920126  -1.806227
 -4.271177  -2.920126  -1.806227
 -3.281227  -2.920126  -1.806227
 -2.291278  -2.920126  -1.806227
 -1.301328  -2.920126  -1.806227
 -0.311379  -2.920126  -1.806227
  1.668520  -2.920126  -1.806227
  2.658470  -2.920126  -1.806227
  3.648419  -2.920126  -1.806227
  4.638369  -2.920126  -1.806227
 -5.756101  -2.425152  -1.806227
 -4.766151  -2.425152  -1.806227
 -3.776202  -2.425152  -1.806227
 -2.786252  -2.425152  -1.806227
 -1.796303  -2.425152  -1.806227
 -0.806353  -2.425152  -1.806227
  2.163495  -2.425152  -1.806227
  3.153445  -2.425152  -1.806227
  4.143394  -2.425152  -1.806227
  5.133344  -2.425152  -1.806227
 -6.251076  -1.930177  -1.806227
 -5.261126  -1.930177  -1.806227
 -4.271177  -1.930177  -1.806227
 -3.281227  -1.930177  -1.806227
 -2.291278  -1.930177  -1.806227
 -1.301328  -1.930177  -1.806227
  2.658470  -1.930177  -1.806227
  3.648419  -1.930177  -1.806227
  4.638369  -1.930177  -1.806227
  5.628318  -1.930177  -1.806227
 -6.746050  -1.435202  -1.806227
 -5.756101  -1.435202  -1.806227
 -4.766151  -1.435202  -1.806227
 -3.776202  -1.435202  -1.806227
 -2.786252  -1.435202  -1.806227
 -1.796303  -1.435202  -1.806227
 -0.806353  -1.435202  -1.806227
  3.153445  -1.435202  -1.806227
  4.143394  -1.435202  -1.806227
  5.133344  -1.435202  -1.806227
 -6.251076  -0.940227  -1.806227
 -5.261126  -0.940227  -1.806227
 -4.271177  -0.940227  -1.806227
 -3.281227  -0.940227  -1.806227
 -2.291278  -0.940227  -1.806227
 -1.301328  -0.940227  -1.806227
  3.648419  -0.940227  -1.806227
  4.638369  -0.940227  -1.806227
  5.628318  -0.940227  -1.806227
 -6.746050  -0.445253  -1.806227
 -5.756101  -0.445253  -1.806227
 -4.766151  -0.445253  -1.806227
 -3.776202  -0.445253  -1.806227
 -2.786252  -0.445253  -1.806227
 -1.796303  -0.445253  -1.806227
  4.143394  -0.445253  -1.806227
  5.133344  -0.445253  -1.806227
 -7.241025   0.049722  -1.806227
 -6.251076   0.049722  -1.806227
 -5.261126   0.049722  -1.806227
 -4.271177   0.049722  -1.806227
 -3.281227   0.049722  -1.806227
 -2.291278   0.049722  -1.806227
 -1.301328   0.049722  -1.806227
  2.658470   0.049722  -1.806227
  3.648419   0.049722  -1.806227
  4.638369   0.049722  -1.806227
  5.628318   0.049722  -1.806227
 -6.746050   0.544697  -1.806227
 -5.756101   0.544697  -1.806227
 -4.766151   0.544697  -1.806227
 -3.776202   0.544697  -1.806227
 -2.786252   0.544697  -1.806227
 -1.796303   0.544697  -1.806227
  2.163495   0.544697  -1.806227
  3.153445   0.544697  -1.806227
  4.143394   0.544697  -1.806227
  5.133344   0.544697  -1.806227
 -7.241025   1.039672  -1.806227
 -6.251076   1.039672  -1.806227
 -5.261126   1.039672  -1.806227
 -4.271177   1.039672  -1.806227
 -3.281227   1.039672  -1.806227
 -2.291278   1.039672  -1.806227
 -1.301328   1.039672  -1.806227
  1.668520   1.039672  -1.806227
  2.658470   1.039672  -1.806227
  3.648419   1.039672  -1.806227
  4.638369   1.039672  -1.806227
 -6.746050   1.534646  -1.806227
 -5.756101   1.534646  -1.806227
 -4.766151   1.534646  -1.806227
 -3.776202   1.534646  -1.806227
 -2.786252   1.534646  -1.806227
 -0.806353   1.534646  -1.806227
  0.183596   1.534646  -1.806227
  1.173546   1.534646  -1.806227
  2.163495   1.534646  -1.806227
  3.153445   1.534646  -1.806227
  4.143394   1.534646  -1.806227
 -6.251076   2.029621  -1.806227
 -5.261126   2.029621  -1.806227
 -4.271177   2.029621  -1.806227
 -3.281227   2.029621  -1.806227
 -1.301328   2.029621  -1.806227
 -0.311379   2.029621  -1.806227
  0.678571   2.029621  -1.806227
  1.668520   2.029621  -1.806227
  2.658470   2.029621  -1.806227
  3.648419   2.029621  -1.806227
 -5.756101   2.524596  -1.806227
 -4.766151   2.524596  -1.806227
 -3.776202   2.524596  -1.806227
 -2.786252   2.524596  -1.806227
 -1.796303   2.524596  -1.806227
 -0.806353   2.524596  -1.806227
  0.183596   2.524596  -1.806227
  1.173546   2.524596  -1.806227
  2.163495   2.524596  -1.806227
  3.153445   2.524596  -1.806227
 -6.251076   3.019571  -1.806227
 -5.261126   3.019571  -1.806227
 -4.271177   3.019571  -1.806227
 -3.281227   3.019571  -1.806227
 -2.291278   3.019571  -1.806227
 -1.301328   3.019571  -1.806227
 -0.311379   3.019571  -1.806227
  0.678571   3.019571  -1.806227
  1.668520   3.019571  -1.806227
  2.658470   3.019571  -1.806227
 -4.766151   3.514545  -1.806227
 -3.776202   3.514545  -1.806227
 -2.786252   3.514545  -1.806227
 -1.796303   3.514545  -1.806227
 -0.806353   3.514545  -1.806227
  0.183596   3.514545  -1.806227
  1.173546   3.514545  -1.806227
  2.163495   3.514545  -1.806227
 -4.271177   4.009520  -1.806227
 -3.281227   4.009520  -1.806227
 -2.291278   4.009520  -1.806227
 -1.301328   4.009520  -1.806227
 -0.311379   4.009520  -1.806227
  0.678571   4.009520  -1.806227
  1.668520   4.009520  -1.806227
  0.183596  -4.900025  -1.311253
  1.173546  -4.900025  -1.311253
  2.163495  -4.900025  -1.311253
  3.153445  -4.900025  -1.311253
 -1.301328  -4.405051  -1.311253
 -0.311379  -4.405051  -1.311253
  0.678571  -4.405051  -1.311253
  1.668520  -4.405051  -1.311253
  2.658470  -4.405051  -1.311253
  3.648419  -4.405051  -1.311253
 -2.786252  -3.910076  -1.311253
 -1.796303  -3.910076  -1.311253
 -0.806353  -3.910076  -1.311253
  0.183596  -3.910076  -1.311253
  1.173546  -3.910076  -1.311253
  2.163495  -3.910076  -1.311253
  3.153445  -3.910076  -1.311253
  4.143394  -3.910076  -1.311253
 -4.271177  -3.415101  -1.311253
 -3.281227  -3.415101  -1.311253
 -2.291278  -3.415101  -1.311253
 -1.301328  -3.415101  -1.311253
 -0.311379  -3.415101  -1.311253
  0.678571  -3.415101  -1.311253
  1.668520  -3.415101  -1.311253
  2.658470  -3.415101  -1.311253
  3.648419  -3.415101  -1.311253
  4.638369  -3.415101  -1.311253
 -5.756101  -2.920126  -1.311253
 -4.766151  -2.920126  -1.311253
 -3.776202  -2.920126  -1.311253
 -2.786252  -2.920126  -1.311253
 -1.796303  -2.920126  -1.311253
 -0.806353  -2.920126  -1.311253
  0.183596  -2.920126  -1.311253
  1.173546  -2.920126  -1.311253
  2.163495  -2.920126  -1.311253
  3.153445  -2.920126  -1.311253
  4.143394  -2.920126  -1.311253
  5.133344  -2.920126  -1.311253
 -6.251076  -2.425152  -1.311253
 -5.261126  -2.425152  -1.311253
 -4.271177  -2.425152  -1.311253
 -3.281227  -2.425152  -1.311253
 -2.291278  -2.425152  -1.311253
 -1.301328  -2.425152  -1.311253
  1.668520  -2.425152  -1.311253
  2.658470  -2.425152  -1.311253
  3.648419  -2.425152  -1.311253
  4.638369  -2.425152  -1.311253
  5.628318  -2.425152  -1.311253
 -6.746050  -1.930177  -1.311253
 -5.756101  -1.930177  -1.311253
 -4.766151  -1.930177  -1.311253
 -3.776202  -1.930177  -1.311253
 -2.786252  -1.930177  -1.311253
 -1.796303  -1.930177  -1.311253
 -0.806353  -1.930177  -1.311253
  3.153445  -1.930177  -1.311253
  4.143394  -1.930177  -1.311253
  5.133344  -1.930177  -1.311253
 -6.251076  -1.435202  -1.311253
 -5.261126  -1.435202  -1.311253
 -4.271177  -1.435202  -1.311253
 -3.281227  -1.435202  -1.311253
 -2.291278  -1.435202  -1.311253
 -1.301328  -1.435202  -1.311253
 -0.311379  -1.435202  -1.311253
  3.648419  -1.435202  -1.311253
  4.638369  -1.435202  -1.311253
  5.628318  -1.435202  -1.311253
 -6.746050  -0.940227  -1.311253
 -5.756101  -0.940227  -1.311253
 -4.766151  -0.940227  -1.311253
 -2.786252  -0.940227  -1.311253
 -1.796303  -0.940227  -1.311253
 -0.806353  -0.940227  -1.311253
  4.143394  -0.940227  -1.311253
  5.133344  -0.940227  -1.311253
 -7.241025  -0.445253  -1.311253
 -6.251076  -0.445253  -1.311253
 -5.261126  -0.445253  -1.311253
 -3.281227  -0.445253  -1.311253
 -2.291278  -0.445253  -1.311253
  4.638369  -0.445253  -1.311253
  5.628318  -0.445253  -1.311253
 -6.746050   0.049722  -1.311253
 -5.756101   0.049722  -1.311253
 -4.766151   0.049722  -1.311253
  4.143394   0.049722  -1.311253
  5.133344   0.049722  -1.311253
 -7.241025   0.544697  -1.311253
 -6.251076   0.544697  -1.311253
 -5.261126   0.544697  -1.311253
  1.668520   0.544697  -1.311253
  2.658470   0.544697  -1.311253
  3.648419   0.544697  -1.311253
  4.638369   0.544697  -1.311253
  5.628318   0.544697  -1.311253
 -6.746050   1.039672  -1.311253
 -5.756101   1.039672  -1.311253
  2.163495   1.039672  -1.311253
  3.153445   1.039672  -1.311253
  4.143394   1.039672  -1.311253
  5.133344   1.039672  -1.311253
 -7.241025   1.534646  -1.311253
 -6.251076   1.534646  -1.311253
 -5.261126   1.534646  -1.311253
 -3.281227   1.534646  -1.311253
  1.668520   1.534646  -1.311253
  2.658470   1.534646  -1.311253
  3.648419   1.534646  -1.311253
  4.638369   1.534646  -1.311253
 -6.746050   2.029621  -1.311253
 -5.756101   2.029621  -1.311253
 -4.766151   2.029621  -1.311253
 -3.776202   2.029621  -1.311253
 -0.806353   2.029621  -1.311253
  1.173546   2.029621  -1.311253
  2.163495   2.029621  -1.311253
  3.153445   2.029621  -1.311253
  4.143394   2.029621  -1.311253
 -6.251076   2.524596  -1.311253
 -5.261126   2.524596  -1.311253
 -4.271177   2.524596  -1.311253
 -3.281227   2.524596  -1.311253
 -2.291278   2.524596  -1.311253
 -1.301328   2.524596  -1.311253
 -0.311379   2.524596  -1.311253
  0.678571   2.524596  -1.311253
  1.668520   2.524596  -1.311253
  2.658470   2.524596  -1.311253
  3.648419   2.524596  -1.311253
 -5.756101   3.019571  -1.311253
 -4.766151   3.019571  -1.311253
 -3.776202   3.019571  -1.311253
 -2.786252   3.019571  -1.311253
 -1.796303   3.019571  -1.311253
 -0.806353   3.019571  -1.311253
  0.183596   3.019571  -1.311253
  1.173546   3.019571  -1.311253
  2.163495   3.019571  -1.311253
  3.153445   3.019571  -1.311253
 -5.261126   3.514545  -1.311253
 -4.271177   3.514545  -1.311253
 -3.281227   3.514545  -1.311253
 -2.291278   3.514545  -1.311253
 -1.301328   3.514545  -1.311253
 -0.311379   3.514545  -1.311253
  0.678571   3.514545  -1.311253
  1.668520   3.514545  -1.311253
  2.658470   3.514545  -1.311253
 -4.766151   4.009520  -1.311253
 -3.776202   4.009520  -1.311253
 -2.786252   4.009520  -1.311253
 -1.796303   4.009520  -1.311253
 -0.806353   4.009520  -1.311253
  0.183596   4.009520  -1.311253
  1.173546   4.009520  -1.311253
 -0.311379   4.504495  -1.311253
 -0.311379  -4.900025  -0.816278
  0.678571  -4.900025  -0.816278
  1.668520  -4.900025  -0.816278
  2.658470  -4.900025  -0.816278
 -1.796303  -4.405051  -0.816278
 -0.806353  -4.405051  -0.816278
  0.183596  -4.405051  -0.816278
  1.173546  -4.405051  -0.816278
  2.163495  -4.405051  -0.816278
  3.153445  -4.405051  -0.816278
  4.143394  -4.405051  -0.816278
 -3.281227  -3.910076  -0.816278
 -2.291278  -3.910076  -0.816278
 -1.301328  -3.910076  -0.816278
 -0.311379  -3.910076  -0.816278
  0.678571  -3.910076  -0.816278
  1.668520  -3.910076  -0.816278
  2.658470  -3.910076  -0.816278
  3.648419  -3.910076  -0.816278
  4.638369  -3.910076  -0.816278
 -4.766151  -3.415101  -0.816278
 -3.776202  -3.415101  -0.816278
 -2.786252  -3.415101  -0.816278
 -1.796303  -3.415101  -0.816278
 -0.806353  -3.415101  -0.816278
  0.183596  -3.415101  -0.816278
  1.173546  -3.415101  -0.816278
  2.163495  -3.415101  -0.816278
  3.153445  -3.415101  -0.816278
  4.143394  -3.415101  -0.816278
  5.133344  -3.415101  -0.816278
 -5.261126  -2.920126  -0.816278
 -4.271177  -2.920126  -0.816278
 -3.281227  -2.920126  -0.816278
 -2.291278  -2.920126  -0.816278
 -1.301328  -2.920126  -0.816278
 -0.311379  -2.920126  -0.816278
  0.678571  -2.920126  -0.816278
  1.668520  -2.920126  -0.816278
  2.658470  -2.920126  -0.816278
  3.648419  -2.920126  -0.816278
  4.638369  -2.920126  -0.816278
 -5.756101  -2.425152  -0.816278
 -4.766151  -2.425152  -0.816278
 -3.776202  -2.425152  -0.816278
 -2.786252  -2.425152  -0.816278
 -1.796303  -2.425152  -0.816278
 -0.806353  -2.425152  -0.816278
  0.183596  -2.425152  -0.816278
  1.173546  -2.425152  -0.816278
  3.153445  -2.425152  -0.816278
  4.143394  -2.425152  -0.816278
  5.133344  -2.425152  -0.816278
 -6.251076  -1.930177  -0.816278
 -5.261126  -1.930177  -0.816278
 -4.271177  -1.930177  -0.816278
 -3.281227  -1.930177  -0.816278
 -2.291278  -1.930177  -0.816278
 -1.301328  -1.930177  -0.816278
 -0.311379  -1.930177  -0.816278
  0.678571  -1.930177  -0.816278
  3.648419  -1.930177  -0.816278
  4.638369  -1.930177  -0.816278
  5.628318  -1.930177  -0.816278
 -6.746050  -1.435202  -0.816278
 -5.756101  -1.435202  -0.816278
 -4.766151  -1.435202  -0.816278
 -2.786252  -1.435202  -0.816278
 -1.796303  -1.435202  -0.816278
 -0.806353  -1.435202  -0.816278
  0.183596  -1.435202  -0.816278
  4.143394  -1.435202  -0.816278
  5.133344  -1.435202  -0.816278
 -7.241025  -0.940227  -0.816278
 -6.251076  -0.940227  -0.816278
 -5.261126  -0.940227  -0.816278
 -2.291278  -0.940227  -0.816278
 -0.311379  -0.940227  -0.816278
  4.638369  -0.940227  -0.816278
  5.628318  -0.940227  -0.816278
 -6.746050  -0.445253  -0.816278
 -5.756101  -0.445253  -0.816278
 -4.766151  -0.445253  -0.816278
  4.143394  -0.445253  -0.816278
  5.133344  -0.445253  -0.816278
 -7.241025   0.049722  -0.816278
 -6.251076   0.049722  -0.816278
 -5.261126   0.049722  -0.816278
  3.648419   0.049722  -0.816278
  4.638369   0.049722  -0.816278
  5.628318   0.049722  -0.816278
 -6.746050   0.544697  -0.816278
 -5.756101   0.544697  -0.816278
  2.163495   0.544697  -0.816278
  3.153445   0.544697  -0.816278
  4.143394   0.544697  -0.816278
  5.133344   0.544697  -0.816278
 -7.241025   1.039672  -0.816278
 -6.251076   1.039672  -0.816278
  1.668520   1.039672  -0.816278
  2.658470   1.039672  -0.816278
  3.648419   1.039672  -0.816278
  4.638369   1.039672  -0.816278
 -6.746050   1.534646  -0.816278
 -5.756101   1.534646  -0.816278
  1.173546   1.534646  -0.816278
  2.163495   1.534646  -0.816278
  3.153445   1.534646  -0.816278
  4.143394   1.534646  -0.816278
 -7.241025   2.029621  -0.816278
 -6.251076   2.029621  -0.816278
 -5.261126   2.029621  -0.816278
 -4.271177   2.029621  -0.816278
 -3.281227   2.029621  -0.816278
 -1.301328   2.029621  -0.816278
  1.668520   2.029621  -0.816278
  2.658470   2.029621  -0.816278
  3.648419   2.029621  -0.816278
 -6.746050   2.524596  -0.816278
 -5.756101   2.524596  -0.816278
 -4.766151   2.524596  -0.816278
 -3.776202   2.524596  -0.816278
 -2.786252   2.524596  -0.816278
 -1.796303   2.524596  -0.816278
 -0.806353   2.524596  -0.816278
  0.183596   2.524596  -0.816278
  1.173546   2.524596  -0.816278
  2.163495   2.524596  -0.816278
  3.153445   2.524596  -0.816278
  4.143394   2.524596  -0.816278
 -6.251076   3.019571  -0.816278
 -5.261126   3.019571  -0.816278
 -4.271177   3.019571  -0.816278
 -3.281227   3.019571  -0.816278
 -2.291278   3.019571  -0.816278
 -1.301328   3.019571  -0.816278
 -0.311379   3.019571  -0.816278
  0.678571   3.019571  -0.816278
  1.668520   3.019571  -0.816278
  2.658470   3.019571  -0.816278
 -5.756101   3.514545  -0.816278
 -4.766151   3.514545  -0.816278
 -3.776202   3.514545  -0.816278
 -2.786252   3.514545  -0.816278
 -1.796303   3.514545  -0.816278
 -0.806353   3.514545  -0.816278
  0.183596   3.514545  -0.816278
  1.173546   3.514545  -0.816278
  2.163495   3.514545  -0.816278
 -5.261126   4.009520  -0.816278
 -4.271177   4.009520  -0.816278
 -3.281227   4.009520  -0.816278
 -2.291278   4.009520  -0.816278
 -1.301328   4.009520  -0.816278
 -0.311379   4.009520  -0.816278
  0.678571   4.009520  -0.816278
  1.668520   4.009520  -0.816278
  0.183596   4.504495  -0.816278
  0.183596  -4.900025  -0.321303
  1.173546  -4.900025  -0.321303
  2.163495  -4.900025  -0.321303
  3.153445  -4.900025  -0.321303
 -2.291278  -4.405051  -0.321303
 -1.301328  -4.405051  -0.321303
 -0.311379  -4.405051  -0.321303
  0.678571  -4.405051  -0.321303
  1.668520  -4.405051  -0.321303
  2.658470  -4.405051  -0.321303
  3.648419  -4.405051  -0.321303
 -2.786252  -3.910076  -0.321303
 -1.796303  -3.910076  -0.321303
 -0.806353  -3.910076  -0.321303
  0.183596  -3.910076  -0.321303
  1.173546  -3.910076  -0.321303
  2.163495  -3.910076  -0.321303
  3.153445  -3.910076  -0.321303
  4.143394  -3.910076  -0.321303
 -5.261126  -3.415101  -0.321303
 -4.271177  -3.415101  -0.321303
 -3.281227  -3.415101  -0.321303
 -2.291278  -3.415101  -0.321303
 -1.301328  -3.415101  -0.321303
 -0.311379  -3.415101  -0.321303
  0.678571  -3.415101  -0.321303
  1.668520  -3.415101  -0.321303
  2.658470  -3.415101  -0.321303
  3.648419  -3.415101  -0.321303
  4.638369  -3.415101  -0.321303
 -5.756101  -2.920126  -0.321303
 -4.766151  -2.920126  -0.321303
 -3.776202  -2.920126  -0.321303
 -2.786252  -2.920126  -0.321303
 -1.796303  -2.920126  -0.321303
 -0.806353  -2.920126  -0.321303
  0.183596  -2.920126  -0.321303
  1.173546  -2.920126  -0.321303
  2.163495  -2.920126  -0.321303
  3.153445  -2.920126  -0.321303
  4.143394  -2.920126  -0.321303
  5.133344  -2.920126  -0.321303
 -6.251076  -2.425152  -0.321303
 -5.261126  -2.425152  -0.321303
 -4.271177  -2.425152  -0.321303
 -3.281227  -2.425152  -0.321303
 -2.291278  -2.425152  -0.321303
 -1.301328  -2.425152  -0.321303
 -0.311379  -2.425152  -0.321303
  0.678571  -2.425152  -0.321303
  3.648419  -2.425152  -0.321303
  4.638369  -2.425152  -0.321303
  5.628318  -2.425152  -0.321303
 -6.746050  -1.930177  -0.321303
 -5.756101  -1.930177  -0.321303
 -4.766151  -1.930177  -0.321303
 -3.776202  -1.930177  -0.321303
 -2.786252  -1.930177  -0.321303
  0.183596  -1.930177  -0.321303
  3.153445  -1.930177  -0.321303
  4.143394  -1.930177  -0.321303
  5.133344  -1.930177  -0.321303
 -7.241025  -1.435202  -0.321303
 -6.251076  -1.435202  -0.321303
 -5.261126  -1.435202  -0.321303
 -3.281227  -1.435202  -0.321303
 -0.311379  -1.435202  -0.321303
  0.678571  -1.435202  -0.321303
  3.648419  -1.435202  -0.321303
  4.638369  -1.435202  -0.321303
  5.628318  -1.435202  -0.321303
 -6.746050  -0.940227  -0.321303
 -5.756101  -0.940227  -0.321303
 -4.766151  -0.940227  -0.321303
 -2.786252  -0.940227  -0.321303
  0.183596  -0.940227  -0.321303
  4.143394  -0.940227  -0.321303
  5.133344  -0.940227  -0.321303
 -7.241025  -0.445253  -0.321303
 -6.251076  -0.445253  -0.321303
 -5.261126  -0.445253  -0.321303
  3.648419  -0.445253  -0.321303
  4.638369  -0.445253  -0.321303
  5.628318  -0.445253  -0.321303
 -6.746050   0.049722  -0.321303
 -5.756101   0.049722  -0.321303
  3.153445   0.049722  -0.321303
  4.143394   0.049722  -0.321303
  5.133344   0.049722  -0.321303
 -7.241025   0.544697  -0.321303
 -6.251076   0.544697  -0.321303
 -5.261126   0.544697  -0.321303
  2.658470   0.544697  -0.321303
  3.648419   0.544697  -0.321303
  4.638369   0.544697  -0.321303
  5.628318   0.544697  -0.321303
 -6.746050   1.039672  -0.321303
 -5.756101   1.039672  -0.321303
  2.163495   1.039672  -0.321303
  3.153445   1.039672  -0.321303
  4.143394   1.039672  -0.321303
  5.133344   1.039672  -0.321303
 -7.241025   1.534646  -0.321303
 -6.251076   1.534646  -0.321303
 -5.261126   1.534646  -0.321303
 -1.301328   1.534646  -0.321303
  1.668520   1.534646  -0.321303
  2.658470   1.534646  -0.321303
  3.648419   1.534646  -0.321303
  4.638369   1.534646  -0.321303
 -6.746050   2.029621  -0.321303
 -5.756101   2.029621  -0.321303
 -4.766151   2.029621  -0.321303
 -3.776202   2.029621  -0.321303
 -2.786252   2.029621  -0.321303
 -0.806353   2.029621  -0.321303
  1.173546   2.029621  -0.321303
  2.163495   2.029621  -0.321303
  3.153445   2.029621  -0.321303
  4.143394   2.029621  -0.321303
 -6.251076   2.524596  -0.321303
 -5.261126   2.524596  -0.321303
 -4.271177   2.524596  -0.321303
 -3.281227   2.524596  -0.321303
 -2.291278   2.524596  -0.321303
 -1.301328   2.524596  -0.321303
 -0.311379   2.524596  -0.321303
  0.678571   2.524596  -0.321303
  1.668520   2.524596  -0.321303
  2.658470   2.524596  -0.321303
  3.648419   2.524596  -0.321303
 -5.756101   3.019571  -0.321303
 -4.766151   3.019571  -0.321303
 -3.776202   3.019571  -0.321303
 -2.786252   3.019571  -0.321303
 -1.796303   3.019571  -0.321303
 -0.806353   3.019571  -0.321303
  0.183596   3.019571  -0.321303
  1.173546   3.019571  -0.321303
  2.163495   3.019571  -0.321303
  3.153445   3.019571  -0.321303
 -5.261126   3.514545  -0.321303
 -4.271177   3.514545  -0.321303
 -3.281227   3.514545  -0.321303
 -2.291278   3.514545  -0.321303
 -1.301328   3.514545  -0.321303
 -0.311379   3.514545  -0.321303
  0.678571   3.514545  -0.321303
  1.668520   3.514545  -0.321303
  2.658470   3.514545  -0.321303
 -4.766151   4.009520  -0.321303
 -3.776202   4.009520  -0.321303
 -2.786252   4.009520  -0.321303
 -1.796303   4.009520  -0.321303
 -0.806353   4.009520  -0.321303
  0.183596   4.009520  -0.321303
  1.173546   4.009520  -0.321303
  2.163495   4.009520  -0.321303
 -0.311379   4.504495  -0.321303
  0.678571   4.504495  -0.321303
  1.668520  -4.900025   0.173672
  2.658470  -4.900025   0.173672
 -2.786252  -4.405051   0.173672
 -1.796303  -4.405051   0.173672
 -0.806353  -4.405051   0.173672
  0.183596  -4.405051   0.173672
  1.173546  -4.405051   0.173672
  2.163495  -4.405051   0.173672
  3.153445  -4.405051   0.173672
 -3.281227  -3.910076   0.173672
 -2.291278  -3.910076   0.173672
 -1.301328  -3.910076   0.173672
 -0.311379  -3.910076   0.173672
  0.678571  -3.910076   0.173672
  1.668520  -3.910076   0.173672
  2.658470  -3.910076   0.173672
  3.648419  -3.910076   0.173672
  4.638369  -3.910076   0.173672
 -4.766151  -3.415101   0.173672
 -3.776202  -3.415101   0.173672
 -2.786252  -3.415101   0.173672
 -1.796303  -3.415101   0.173672
 -0.806353  -3.415101   0.173672
  0.183596  -3.415101   0.173672
  1.173546  -3.415101   0.173672
  2.163495  -3.415101   0.173672
  3.153445  -3.415101   0.173672
  4.143394  -3.415101   0.173672
  5.133344  -3.415101   0.173672
 -5.261126  -2.920126   0.173672
 -4.271177  -2.920126   0.173672
 -3.281227  -2.920126   0.173672
 -2.291278  -2.920126   0.173672
 -1.301328  -2.920126   0.173672
 -0.311379  -2.920126   0.173672
  0.678571  -2.920126   0.173672
  1.668520  -2.920126   0.173672
  2.658470  -2.920126   0.173672
  3.648419  -2.920126   0.173672
  4.638369  -2.920126   0.173672
 -5.756101  -2.425152   0.173672
 -4.766151  -2.425152   0.173672
 -3.776202  -2.425152   0.173672
 -2.786252  -2.425152   0.173672
 -1.796303  -2.425152   0.173672
 -0.806353  -2.425152   0.173672
  0.183596  -2.425152   0.173672
  1.173546  -2.425152   0.173672
  3.153445  -2.425152   0.173672
  4.143394  -2.425152   0.173672
  5.133344  -2.425152   0.173672
 -6.251076  -1.930177   0.173672
 -5.261126  -1.930177   0.173672
 -4.271177  -1.930177   0.173672
 -3.281227  -1.930177   0.173672
 -2.291278  -1.930177   0.173672
 -0.311379  -1.930177   0.173672
  0.678571  -1.930177   0.173672
  3.648419  -1.930177   0.173672
  4.638369  -1.930177   0.173672
  5.628318  -1.930177   0.173672
 -6.746050  -1.435202   0.173672
 -5.756101  -1.435202   0.173672
 -4.766151  -1.435202   0.173672
 -3.776202  -1.435202   0.173672
 -2.786252  -1.435202   0.173672
  0.183596  -1.435202   0.173672
  3.153445  -1.435202   0.173672
  4.143394  -1.435202   0.173672
  5.133344  -1.435202   0.173672
 -7.241025  -0.940227   0.173672
 -6.251076  -0.940227   0.173672
 -5.261126  -0.940227   0.173672
 -3.281227  -0.940227   0.173672
  3.648419  -0.940227   0.173672
  4.638369  -0.940227   0.173672
  5.628318  -0.940227   0.173672
 -6.746050  -0.445253   0.173672
 -5.756101  -0.445253   0.173672
 -4.766151  -0.445253   0.173672
  3.153445  -0.445253   0.173672
  4.143394  -0.445253   0.173672
  5.133344  -0.445253   0.173672
 -7.241025   0.049722   0.173672
 -6.251076   0.049722   0.173672
 -5.261126   0.049722   0.173672
  2.658470   0.049722   0.173672
  3.648419   0.049722   0.173672
  4.638369   0.049722   0.173672
  5.628318   0.049722   0.173672
 -6.746050   0.544697   0.173672
 -5.756101   0.544697   0.173672
  3.153445   0.544697   0.173672
  4.143394   0.544697   0.173672
  5.133344   0.544697   0.173672
 -7.241025   1.039672   0.173672
 -6.251076   1.039672   0.173672
 -5.261126   1.039672   0.173672
  2.658470   1.039672   0.173672
  3.648419   1.039672   0.173672
  4.638369   1.039672   0.173672
 -6.746050   1.534646   0.173672
 -5.756101   1.534646   0.173672
 -4.766151   1.534646   0.173672
 -0.806353   1.534646   0.173672
  1.173546   1.534646   0.173672
  2.163495   1.534646   0.173672
  3.153445   1.534646   0.173672
  4.143394   1.534646   0.173672
  5.133344   1.534646   0.173672
 -7.241025   2.029621   0.173672
 -6.251076   2.029621   0.173672
 -5.261126   2.029621   0.173672
 -4.271177   2.029621   0.173672
 -3.281227   2.029621   0.173672
 -2.291278   2.029621   0.173672
 -1.301328   2.029621   0.173672
 -0.311379   2.029621   0.173672
  0.678571   2.029621   0.173672
  1.668520   2.029621   0.173672
  2.658470   2.029621   0.173672
  3.648419   2.029621   0.173672
  4.638369   2.029621   0.173672
 -6.746050   2.524596   0.173672
 -5.756101   2.524596   0.173672
 -4.766151   2.524596   0.173672
 -3.776202   2.524596   0.173672
 -2.786252   2.524596   0.173672
 -1.796303   2.524596   0.173672
 -0.806353   2.524596   0.173672
  0.183596   2.524596   0.173672
  1.173546   2.524596   0.173672
  2.163495   2.524596   0.173672
  3.153445   2.524596   0.173672
  4.143394   2.524596   0.173672
 -6.251076   3.019571   0.173672
 -5.261126   3.019571   0.173672
 -4.271177   3.019571   0.173672
 -3.281227   3.019571   0.173672
 -2.291278   3.019571   0.173672
 -1.301328   3.019571   0.173672
 -0.311379   3.019571   0.173672
  0.678571   3.019571   0.173672
  1.668520   3.019571   0.173672
  2.658470   3.019571   0.173672
  3.648419   3.019571   0.173672
 -5.756101   3.514545   0.173672
 -4.766151   3.514545   0.173672
 -3.776202   3.514545   0.173672
 -2.786252   3.514545   0.173672
 -1.796303   3.514545   0.173672
 -0.806353   3.514545   0.173672
  0.183596   3.514545   0.173672
  1.173546   3.514545   0.173672
  2.163495   3.514545   0.173672
  3.153445   3.514545   0.173672
 -5.261126   4.009520   0.173672
 -4.271177   4.009520   0.173672
 -3.281227   4.009520   0.173672
 -2.291278   4.009520   0.173672
 -1.301328   4.009520   0.173672
 -0.311379   4.009520   0.173672
  0.678571   4.009520   0.173672
  1.668520   4.009520   0.173672
  2.658470   4.009520   0.173672
  0.183596   4.504495   0.173672
  1.173546   4.504495   0.173672
  2.163495   4.504495   0.173672
  2.163495  -4.900025   0.668646
 -2.291278  -4.405051   0.668646
 -1.301328  -4.405051   0.668646
 -0.311379  -4.405051   0.668646
  0.678571  -4.405051   0.668646
  1.668520  -4.405051   0.668646
  2.658470  -4.405051   0.668646
  3.648419  -4.405051   0.668646
 -2.786252  -3.910076   0.668646
 -1.796303  -3.910076   0.668646
 -0.806353  -3.910076   0.668646
  0.183596  -3.910076   0.668646
  1.173546  -3.910076   0.668646
  2.163495  -3.910076   0.668646
  3.153445  -3.910076   0.668646
  4.143394  -3.910076   0.668646
 -4.271177  -3.415101   0.668646
 -3.281227  -3.415101   0.668646
 -2.291278  -3.415101   0.668646
 -1.301328  -3.415101   0.668646
 -0.311379  -3.415101   0.668646
  0.678571  -3.415101   0.668646
  1.668520  -3.415101   0.668646
  2.658470  -3.415101   0.668646
  3.648419  -3.415101   0.668646
  4.638369  -3.415101   0.668646
 -5.756101  -2.920126   0.668646
 -4.766151  -2.920126   0.668646
 -3.776202  -2.920126   0.668646
 -2.786252  -2.920126   0.668646
 -1.796303  -2.920126   0.668646
 -0.806353  -2.920126   0.668646
  0.183596  -2.920126   0.668646
  1.173546  -2.920126   0.668646
  2.163495  -2.920126   0.668646
  3.153445  -2.920126   0.668646
  4.143394  -2.920126   0.668646
  5.133344  -2.920126   0.668646
 -6.251076  -2.425152   0.668646
 -5.261126  -2.425152   0.668646
 -4.271177  -2.425152   0.668646
 -3.281227  -2.425152   0.668646
 -2.291278  -2.425152   0.668646
 -1.301328  -2.425152   0.668646
 -0.311379  -2.425152   0.668646
  0.678571  -2.425152   0.668646
  1.668520  -2.425152   0.668646
  2.658470  -2.425152   0.668646
  3.648419  -2.425152   0.668646
  4.638369  -2.425152   0.668646
 -6.746050  -1.930177   0.668646
 -5.756101  -1.930177   0.668646
 -4.766151  -1.930177   0.668646
 -3.776202  -1.930177   0.668646
 -2.786252  -1.930177   0.668646
  0.183596  -1.930177   0.668646
  1.173546  -1.930177   0.668646
  3.153445  -1.930177   0.668646
  4.143394  -1.930177   0.668646
  5.133344  -1.930177   0.668646
 -6.251076  -1.435202   0.668646
 -5.261126  -1.435202   0.668646
 -4.271177  -1.435202   0.668646
 -3.281227  -1.435202   0.668646
  0.678571  -1.435202   0.668646
  1.668520  -1.435202   0.668646
  2.658470  -1.435202   0.668646
  3.648419  -1.435202   0.668646
  4.638369  -1.435202   0.668646
  5.628318  -1.435202   0.668646
 -6.746050  -0.940227   0.668646
 -5.756101  -0.940227   0.668646
 -4.766151  -0.940227   0.668646
 -3.776202  -0.940227   0.668646
 -2.786252  -0.940227   0.668646
  0.183596  -0.940227   0.668646
  2.163495  -0.940227   0.668646
  3.153445  -0.940227   0.668646
  4.143394  -0.940227   0.668646
  5.133344  -0.940227   0.668646
 -7.241025  -0.445253   0.668646
 -6.251076  -0.445253   0.668646
 -5.261126  -0.445253   0.668646
 -2.291278  -0.445253   0.668646
 -0.311379  -0.445253   0.668646
  3.648419  -0.445253   0.668646
  4.638369  -0.445253   0.668646
  5.628318  -0.445253   0.668646
 -6.746050   0.049722   0.668646
 -5.756101   0.049722   0.668646
 -4.766151   0.049722   0.668646
  0.183596   0.049722   0.668646
  3.153445   0.049722   0.668646
  4.143394   0.049722   0.668646
  5.133344   0.049722   0.668646
 -7.241025   0.544697   0.668646
 -6.251076   0.544697   0.668646
 -5.261126   0.544697   0.668646
 -0.311379   0.544697   0.668646
  3.648419   0.544697   0.668646
  4.638369   0.544697   0.668646
  5.628318   0.544697   0.668646
 -6.746050   1.039672   0.668646
 -5.756101   1.039672   0.668646
 -4.766151   1.039672   0.668646
 -2.786252   1.039672   0.668646
 -1.796303   1.039672   0.668646
 -0.806353   1.039672   0.668646
  0.183596   1.039672   0.668646
  3.153445   1.039672   0.668646
  4.143394   1.039672   0.668646
  5.133344   1.039672   0.668646
 -7.241025   1.534646   0.668646
 -6.251076   1.534646   0.668646
 -5.261126   1.534646   0.668646
 -4.271177   1.534646   0.668646
 -3.281227   1.534646   0.668646
 -2.291278   1.534646   0.668646
 -1.301328   1.534646   0.668646
  0.678571   1.534646   0.668646
  1.668520   1.534646   0.668646
  2.658470   1.534646   0.668646
  3.648419   1.534646   0.668646
  4.638369   1.534646   0.668646
 -6.746050   2.029621   0.668646
 -5.756101   2.029621   0.668646
 -4.766151   2.029621   0.668646
 -3.776202   2.029621   0.668646
 -2.786252   2.029621   0.668646
 -1.796303   2.029621   0.668646
 -0.806353   2.029621   0.668646
  0.183596   2.029621   0.668646
  1.173546   2.029621   0.668646
  2.163495   2.029621   0.668646
  3.153445   2.029621   0.668646
  4.143394   2.029621   0.668646
  5.133344   2.029621   0.668646
 -6.251076   2.524596   0.668646
 -5.261126   2.524596   0.668646
 -4.271177   2.524596   0.668646
 -3.281227   2.524596   0.668646
 -2.291278   2.524596   0.668646
 -1.301328   2.524596   0.668646
 -0.311379   2.524596   0.668646
  0.678571   2.524596   0.668646
  1.668520   2.524596   0.668646
  2.658470   2.524596   0.668646
  3.648419   2.524596   0.668646
  4.638369   2.524596   0.668646
 -5.756101   3.019571   0.668646
 -4.766151   3.019571   0.668646
 -3.776202   3.019571   0.668646
 -2.786252   3.019571   0.668646
 -1.796303   3.019571   0.668646
 -0.806353   3.019571   0.668646
  0.183596   3.019571   0.668646
  1.173546   3.019571   0.668646
  2.163495   3.019571   0.668646
  3.153445   3.019571   0.668646
  4.143394   3.019571   0.668646
 -5.261126   3.514545   0.668646
 -4.271177   3.514545   0.668646
 -3.281227   3.514545   0.668646
 -2.291278   3.514545   0.668646
 -1.301328   3.514545   0.668646
 -0.311379   3.514545   0.668646
  0.678571   3.514545   0.668646
  1.668520   3.514545   0.668646
  2.658470   3.514545   0.668646
  3.648419   3.514545   0.668646
 -4.766151   4.009520   0.668646
 -3.776202   4.009520   0.668646
 -2.786252   4.009520   0.668646
 -1.796303   4.009520   0.668646
 -0.806353   4.009520   0.668646
  0.183596   4.009520   0.668646
  1.173546   4.009520   0.668646
  2.163495   4.009520   0.668646
  3.153445   4.009520   0.668646
 -0.311379   4.504495   0.668646
  0.678571   4.504495   0.668646
  1.668520   4.504495   0.668646
  2.658470   4.504495   0.668646
 -1.796303  -4.405051   1.163621
 -0.806353  -4.405051   1.163621
  1.173546  -4.405051   1.163621
  2.163495  -4.405051   1.163621
  3.153445  -4.405051   1.163621
 -3.281227  -3.910076   1.163621
 -2.291278  -3.910076   1.163621
 -1.301328  -3.910076   1.163621
 -0.311379  -3.910076   1.163621
  0.678571  -3.910076   1.163621
  1.668520  -3.910076   1.163621
  2.658470  -3.910076   1.163621
  3.648419  -3.910076   1.163621
 -3.776202  -3.415101   1.163621
 -2.786252  -3.415101   1.163621
 -1.796303  -3.415101   1.163621
 -0.806353  -3.415101   1.163621
  0.183596  -3.415101   1.163621
  1.173546  -3.415101   1.163621
  2.163495  -3.415101   1.163621
  3.153445  -3.415101   1.163621
  4.143394  -3.415101   1.163621
 -5.261126  -2.920126   1.163621
 -4.271177  -2.920126   1.163621
 -3.281227  -2.920126   1.163621
 -2.291278  -2.920126   1.163621
 -1.301328  -2.920126   1.163621
 -0.311379  -2.920126   1.163621
  0.678571  -2.920126   1.163621
  1.668520  -2.920126   1.163621
  2.658470  -2.920126   1.163621
  3.648419  -2.920126   1.163621
  4.638369  -2.920126   1.163621
 -5.756101  -2.425152   1.163621
 -4.766151  -2.425152   1.163621
 -3.776202  -2.425152   1.163621
 -2.786252  -2.425152   1.163621
 -1.796303  -2.425152   1.163621
 -0.806353  -2.425152   1.163621
  0.183596  -2.425152   1.163621
  1.173546  -2.425152   1.163621
  2.163495  -2.425152   1.163621
  3.153445  -2.425152   1.163621
  4.143394  -2.425152   1.163621
  5.133344  -2.425152   1.163621
 -6.251076  -1.930177   1.163621
 -5.261126  -1.930177   1.163621
 -4.271177  -1.930177   1.163621
 -3.281227  -1.930177   1.163621
 -2.291278  -1.930177   1.163621
 -0.311379  -1.930177   1.163621
  0.678571  -1.930177   1.163621
  1.668520  -1.930177   1.163621
  2.658470  -1.930177   1.163621
  3.648419  -1.930177   1.163621
  4.638369  -1.930177   1.163621
  5.628318  -1.930177   1.163621
 -6.746050  -1.435202   1.163621
 -5.756101  -1.435202   1.163621
 -4.766151  -1.435202   1.163621
 -3.776202  -1.435202   1.163621
 -2.786252  -1.435202   1.163621
  0.183596  -1.435202   1.163621
  1.173546  -1.435202   1.163621
  2.163495  -1.435202   1.163621
  3.153445  -1.435202   1.163621
  4.143394  -1.435202   1.163621
  5.133344  -1.435202   1.163621
 -7.241025  -0.940227   1.163621
 -6.251076  -0.940227   1.163621
 -5.261126  -0.940227   1.163621
 -4.271177  -0.940227   1.163621
 -3.281227  -0.940227   1.163621
 -2.291278  -0.940227   1.163621
 -0.311379  -0.940227   1.163621
  0.678571  -0.940227   1.163621
  3.648419  -0.940227   1.163621
  4.638369  -0.940227   1.163621
  5.628318  -0.940227   1.163621
 -6.746050  -0.445253   1.163621
 -5.756101  -0.445253   1.163621
 -4.766151  -0.445253   1.163621
 -2.786252  -0.445253   1.163621
  0.183596  -0.445253   1.163621
  4.143394  -0.445253   1.163621
  5.133344  -0.445253   1.163621
 -7.241025   0.049722   1.163621
 -6.251076   0.049722   1.163621
 -5.261126   0.049722   1.163621
 -2.291278   0.049722   1.163621
 -1.301328   0.049722   1.163621
 -0.311379   0.049722   1.163621
  3.648419   0.049722   1.163621
  4.638369   0.049722   1.163621
  5.628318   0.049722   1.163621
 -6.746050   0.544697   1.163621
 -5.756101   0.544697   1.163621
 -4.766151   0.544697   1.163621
 -2.786252   0.544697   1.163621
 -1.796303   0.544697   1.163621
 -0.806353   0.544697   1.163621
  3.153445   0.544697   1.163621
  4.143394   0.544697   1.163621
  5.133344   0.544697   1.163621
 -7.241025   1.039672   1.163621
 -6.251076   1.039672   1.163621
 -5.261126   1.039672   1.163621
 -2.291278   1.039672   1.163621
 -1.301328   1.039672   1.163621
  2.658470   1.039672   1.163621
  3.648419   1.039672   1.163621
  4.638369   1.039672   1.163621
  5.628318   1.039672   1.163621
 -6.746050   1.534646   1.163621
 -5.756101   1.534646   1.163621
 -4.766151   1.534646   1.163621
 -3.776202   1.534646   1.163621
 -2.786252   1.534646   1.163621
 -1.796303   1.534646   1.163621
  2.163495   1.534646   1.163621
  3.153445   1.534646   1.163621
  4.143394   1.534646   1.163621
  5.133344   1.534646   1.163621
 -6.251076   2.029621   1.163621
 -5.261126   2.029621   1.163621
 -4.271177   2.029621   1.163621
 -3.281227   2.029621   1.163621
 -2.291278   2.029621   1.163621
 -1.301328   2.029621   1.163621
  1.668520   2.029621   1.163621
  2.658470   2.029621   1.163621
  3.648419   2.029621   1.163621
  4.638369   2.029621   1.163621
 -6.746050   2.524596   1.163621
 -5.756101   2.524596   1.163621
 -4.766151   2.524596   1.163621
 -3.776202   2.524596   1.163621
 -2.786252   2.524596   1.163621
 -1.796303   2.524596   1.163621
 -0.806353   2.524596   1.163621
  0.183596   2.524596   1.163621
  1.173546   2.524596   1.163621
  2.163495   2.524596   1.163621
  3.153445   2.524596   1.163621
  4.143394   2.524596   1.163621
 -6.251076   3.019571   1.163621
 -5.261126   3.019571   1.163621
 -4.271177   3.019571   1.163621
 -3.281227   3.019571   1.163621
 -2.291278   3.019571   1.163621
 -1.301328   3.019571   1.163621
 -0.311379   3.019571   1.163621
  0.678571   3.019571   1.163621
  1.668520   3.019571   1.163621
  2.658470   3.019571   1.163621
  3.648419   3.019571   1.163621
 -5.756101   3.514545   1.163621
 -4.766151   3.514545   1.163621
 -3.776202   3.514545   1.163621
 -2.786252   3.514545   1.163621
 -1.796303   3.514545   1.163621
 -0.806353   3.514545   1.163621
  0.183596   3.514545   1.163621
  1.173546   3.514545   1.163621
  2.163495   3.514545   1.163621
  3.153445   3.514545   1.163621
 -4.271177   4.009520   1.163621
 -3.281227   4.009520   1.163621
 -2.291278   4.009520   1.163621
 -1.301328   4.009520   1.163621
 -0.311379   4.009520   1.163621
  0.678571   4.009520   1.163621
  1.668520   4.009520   1.163621
  2.658470   4.009520   1.163621
 -0.806353   4.504495   1.163621
  0.183596   4.504495   1.163621
  1.173546   4.504495   1.163621
  2.163495   4.504495   1.163621
 -0.311379   4.999470   1.163621
  0.678571   4.999470   1.163621
  1.668520   4.999470   1.163621
 -1.301328  -4.405051   1.658596
 -2.786252  -3.910076   1.658596
 -1.796303  -3.910076   1.658596
 -0.806353  -3.910076   1.658596
  0.183596  -3.910076   1.658596
  1.173546  -3.910076   1.658596
  2.163495  -3.910076   1.658596
  3.153445  -3.910076   1.658596
 -3.281227  -3.415101   1.658596
 -2.291278  -3.415101   1.658596
 -1.301328  -3.415101   1.658596
 -0.311379  -3.415101   1.658596
  0.678571  -3.415101   1.658596
  1.668520  -3.415101   1.658596
  2.658470  -3.415101   1.658596
  3.648419  -3.415101   1.658596
 -4.766151  -2.920126   1.658596
 -3.776202  -2.920126   1.658596
 -2.786252  -2.920126   1.658596
 -1.796303  -2.920126   1.658596
 -0.806353  -2.920126   1.658596
  0.183596  -2.920126   1.658596
  1.173546  -2.920126   1.658596
  2.163495  -2.920126   1.658596
  3.153445  -2.920126   1.658596
  4.143394  -2.920126   1.658596
 -5.261126  -2.425152   1.658596
 -4.271177  -2.425152   1.658596
 -3.281227  -2.425152   1.658596
 -2.291278  -2.425152   1.658596
 -1.301328  -2.425152   1.658596
 -0.311379  -2.425152   1.658596
  0.678571  -2.425152   1.658596
  1.668520  -2.425152   1.658596
  2.658470  -2.425152   1.658596
  3.648419  -2.425152   1.658596
  4.638369  -2.425152   1.658596
 -5.756101  -1.930177   1.658596
 -4.766151  -1.930177   1.658596
 -3.776202  -1.930177   1.658596
 -2.786252  -1.930177   1.658596
 -1.796303  -1.930177   1.658596
 -0.806353  -1.930177   1.658596
  0.183596  -1.930177   1.658596
  1.173546  -1.930177   1.658596
  2.163495  -1.930177   1.658596
  3.153445  -1.930177   1.658596
  4.143394  -1.930177   1.658596
  5.133344  -1.930177   1.658596
 -6.251076  -1.435202   1.658596
 -5.261126  -1.435202   1.658596
 -4.271177  -1.435202   1.658596
 -3.281227  -1.435202   1.658596
 -2.291278  -1.435202   1.658596
 -1.301328  -1.435202   1.658596
 -0.311379  -1.435202   1.658596
  0.678571  -1.435202   1.658596
  1.668520  -1.435202   1.658596
  3.648419  -1.435202   1.658596
  4.638369  -1.435202   1.658596
  5.628318  -1.435202   1.658596
 -6.746050  -0.940227   1.658596
 -5.756101  -0.940227   1.658596
 -4.766151  -0.940227   1.658596
 -3.776202  -0.940227   1.658596
 -2.786252  -0.940227   1.658596
 -1.796303  -0.940227   1.658596
 -0.806353  -0.940227   1.658596
  0.183596  -0.940227   1.658596
  4.143394  -0.940227   1.658596
  5.133344  -0.940227   1.658596
 -6.251076  -0.445253   1.658596
 -5.261126  -0.445253   1.658596
 -4.271177  -0.445253   1.658596
 -3.281227  -0.445253   1.658596
 -2.291278  -0.445253   1.658596
 -1.301328  -0.445253   1.658596
 -0.311379  -0.445253   1.658596
  4.638369  -0.445253   1.658596
  5.628318  -0.445253   1.658596
 -6.746050   0.049722   1.658596
 -5.756101   0.049722   1.658596
 -4.766151   0.049722   1.658596
 -2.786252   0.049722   1.658596
 -1.796303   0.049722   1.658596
 -0.806353   0.049722   1.658596
  4.143394   0.049722   1.658596
  5.133344   0.049722   1.658596
 -7.241025   0.544697   1.658596
 -6.251076   0.544697   1.658596
 -5.261126   0.544697   1.658596
 -3.281227   0.544697   1.658596
 -2.291278   0.544697   1.658596
 -1.301328   0.544697   1.658596
  3.648419   0.544697   1.658596
  4.638369   0.544697   1.658596
  5.628318   0.544697   1.658596
 -6.746050   1.039672   1.658596
 -5.756101   1.039672   1.658596
 -4.766151   1.039672   1.658596
 -3.776202   1.039672   1.658596
 -2.786252   1.039672   1.658596
 -1.796303   1.039672   1.658596
  3.153445   1.039672   1.658596
  4.143394   1.039672   1.658596
  5.133344   1.039672   1.658596
 -6.251076   1.534646   1.658596
 -5.261126   1.534646   1.658596
 -4.271177   1.534646   1.658596
 -3.281227   1.534646   1.658596
 -2.291278   1.534646   1.658596
 -1.301328   1.534646   1.658596
  2.658470   1.534646   1.658596
  3.648419   1.534646   1.658596
  4.638369   1.534646   1.658596
 -6.746050   2.029621   1.658596
 -5.756101   2.029621   1.658596
 -4.766151   2.029621   1.658596
 -3.776202   2.029621   1.658596
 -2.786252   2.029621   1.658596
 -1.796303   2.029621   1.658596
  2.163495   2.029621   1.658596
  3.153445   2.029621   1.658596
  4.143394   2.029621   1.658596
  5.133344   2.029621   1.658596
 -6.251076   2.524596   1.658596
 -5.261126   2.524596   1.658596
 -4.271177   2.524596   1.658596
 -3.281227   2.524596   1.658596
 -2.291278   2.524596   1.658596
 -1.301328   2.524596   1.658596
 -0.311379   2.524596   1.658596
  0.678571   2.524596   1.658596
  2.658470   2.524596   1.658596
  3.648419   2.524596   1.658596
  4.638369   2.524596   1.658596
 -5.756101   3.019571   1.658596
 -4.766151   3.019571   1.658596
 -3.776202   3.019571   1.658596
 -2.786252   3.019571   1.658596
 -1.796303   3.019571   1.658596
 -0.806353   3.019571   1.658596
  0.183596   3.019571   1.658596
  1.173546   3.019571   1.658596
  2.163495   3.019571   1.658596
  3.153445   3.019571   1.658596
  4.143394   3.019571   1.658596
 -5.261126   3.514545   1.658596
 -4.271177   3.514545   1.658596
 -3.281227   3.514545   1.658596
 -2.291278   3.514545   1.658596
 -1.301328   3.514545   1.658596
 -0.311379   3.514545   1.658596
  0.678571   3.514545   1.658596
  1.668520   3.514545   1.658596
  2.658470   3.514545   1.658596
  3.648419   3.514545   1.658596
 -1.796303   4.009520   1.658596
 -0.806353   4.009520   1.658596
  0.183596   4.009520   1.658596
  1.173546   4.009520   1.658596
  2.163495   4.009520   1.658596
  3.153445   4.009520   1.658596
 -1.301328   4.504495   1.658596
 -0.311379   4.504495   1.658596
  0.678571   4.504495   1.658596
  1.668520   4.504495   1.658596
  2.658470   4.504495   1.658596
  0.183596   4.999470   1.658596
  1.173546   4.999470   1.658596
 -2.291278  -3.910076   2.153571
 -1.301328  -3.910076   2.153571
 -0.311379  -3.910076   2.153571
  1.668520  -3.910076   2.153571
  2.658470  -3.910076   2.153571
 -2.786252  -3.415101   2.153571
 -1.796303  -3.415101   2.153571
 -0.806353  -3.415101   2.153571
  0.183596  -3.415101   2.153571
  1.173546  -3.415101   2.153571
  2.163495  -3.415101   2.153571
  3.153445  -3.415101   2.153571
  4.143394  -3.415101   2.153571
 -4.271177  -2.920126   2.153571
 -3.281227  -2.920126   2.153571
 -2.291278  -2.920126   2.153571
 -1.301328  -2.920126   2.153571
 -0.311379  -2.920126   2.153571
  0.678571  -2.920126   2.153571
  1.668520  -2.920126   2.153571
  2.658470  -2.920126   2.153571
  3.648419  -2.920126   2.153571
  4.638369  -2.920126   2.153571
 -4.766151  -2.425152   2.153571
 -3.776202  -2.425152   2.153571
 -2.786252  -2.425152   2.153571
 -1.796303  -2.425152   2.153571
 -0.806353  -2.425152   2.153571
  0.183596  -2.425152   2.153571
  1.173546  -2.425152   2.153571
  2.163495  -2.425152   2.153571
  3.153445  -2.425152   2.153571
  4.143394  -2.425152   2.153571
  5.133344  -2.425152   2.153571
 -5.261126  -1.930177   2.153571
 -4.271177  -1.930177   2.153571
 -3.281227  -1.930177   2.153571
 -2.291278  -1.930177   2.153571
 -1.301328  -1.930177   2.153571
 -0.311379  -1.930177   2.153571
  0.678571  -1.930177   2.153571
  1.668520  -1.930177   2.153571
  2.658470  -1.930177   2.153571
  3.648419  -1.930177   2.153571
  4.638369  -1.930177   2.153571
  5.628318  -1.930177   2.153571
 -5.756101  -1.435202   2.153571
 -4.766151  -1.435202   2.153571
 -3.776202  -1.435202   2.153571
 -2.786252  -1.435202   2.153571
 -1.796303  -1.435202   2.153571
 -0.806353  -1.435202   2.153571
  0.183596  -1.435202   2.153571
  1.173546  -1.435202   2.153571
  3.153445  -1.435202   2.153571
  4.143394  -1.435202   2.153571
  5.133344  -1.435202   2.153571
 -6.251076  -0.940227   2.153571
 -5.261126  -0.940227   2.153571
 -4.271177  -0.940227   2.153571
 -3.281227  -0.940227   2.153571
 -2.291278  -0.940227   2.153571
 -1.301328  -0.940227   2.153571
 -0.311379  -0.940227   2.153571
  0.678571  -0.940227   2.153571
  3.648419  -0.940227   2.153571
  4.638369  -0.940227   2.153571
  5.628318  -0.940227   2.153571
 -6.746050  -0.445253   2.153571
 -5.756101  -0.445253   2.153571
 -4.766151  -0.445253   2.153571
 -3.776202  -0.445253   2.153571
 -2.786252  -0.445253   2.153571
 -1.796303  -0.445253   2.153571
 -0.806353  -0.445253   2.153571
  0.183596  -0.445253   2.153571
  4.143394  -0.445253   2.153571
  5.133344  -0.445253   2.153571
 -6.251076   0.049722   2.153571
 -5.261126   0.049722   2.153571
 -4.271177   0.049722   2.153571
 -3.281227   0.049722   2.153571
 -2.291278   0.049722   2.153571
 -1.301328   0.049722   2.153571
 -0.311379   0.049722   2.153571
  3.648419   0.049722   2.153571
  4.638369   0.049722   2.153571
  5.628318   0.049722   2.153571
 -6.746050   0.544697   2.153571
 -5.756101   0.544697   2.153571
 -4.766151   0.544697   2.153571
 -3.776202   0.544697   2.153571
 -2.786252   0.544697   2.153571
 -1.796303   0.544697   2.153571
 -0.806353   0.544697   2.153571
  4.143394   0.544697   2.153571
  5.133344   0.544697   2.153571
 -6.251076   1.039672   2.153571
 -5.261126   1.039672   2.153571
 -4.271177   1.039672   2.153571
 -3.281227   1.039672   2.153571
 -2.291278   1.039672   2.153571
 -1.301328   1.039672   2.153571
  2.658470   1.039672   2.153571
  3.648419   1.039672   2.153571
  4.638369   1.039672   2.153571
  5.628318   1.039672   2.153571
 -6.746050   1.534646   2.153571
 -5.756101   1.534646   2.153571
 -4.766151   1.534646   2.153571
 -3.776202   1.534646   2.153571
 -2.786252   1.534646   2.153571
 -1.796303   1.534646   2.153571
  3.153445   1.534646   2.153571
  4.143394   1.534646   2.153571
  5.133344   1.534646   2.153571
 -6.251076   2.029621   2.153571
 -5.261126   2.029621   2.153571
 -4.271177   2.029621   2.153571
 -3.281227   2.029621   2.153571
 -2.291278   2.029621   2.153571
 -1.301328   2.029621   2.153571
  2.658470   2.029621   2.153571
  3.648419   2.029621   2.153571
  4.638369   2.029621   2.153571
 -5.756101   2.524596   2.153571
 -4.766151   2.524596   2.153571
 -3.776202   2.524596   2.153571
 -2.786252   2.524596   2.153571
 -1.796303   2.524596   2.153571
 -0.806353   2.524596   2.153571
  0.183596   2.524596   2.153571
  3.153445   2.524596   2.153571
  4.143394   2.524596   2.153571
 -5.261126   3.019571   2.153571
 -4.271177   3.019571   2.153571
 -3.281227   3.019571   2.153571
 -2.291278   3.019571   2.153571
 -1.301328   3.019571   2.153571
 -0.311379   3.019571   2.153571
  0.678571   3.019571   2.153571
  1.668520   3.019571   2.153571
  2.658470   3.019571   2.153571
  3.648419   3.019571   2.153571
 -3.776202   3.514545   2.153571
 -2.786252   3.514545   2.153571
 -1.796303   3.514545   2.153571
 -0.806353   3.514545   2.153571
  0.183596   3.514545   2.153571
  1.173546   3.514545   2.153571
  2.163495   3.514545   2.153571
  3.153445   3.514545   2.153571
 -1.301328   4.009520   2.153571
 -0.311379   4.009520   2.153571
  0.678571   4.009520   2.153571
  1.668520   4.009520   2.153571
  2.658470   4.009520   2.153571
  3.648419   4.009520   2.153571
 -0.806353   4.504495   2.153571
  0.183596   4.504495   2.153571
  1.173546   4.504495   2.153571
  2.163495   4.504495   2.153571
 -0.311379   4.999470   2.153571
  0.678571   4.999470   2.153571
  1.668520   4.999470   2.153571
 -2.291278  -3.415101   2.648545
 -1.301328  -3.415101   2.648545
 -0.311379  -3.415101   2.648545
  0.678571  -3.415101   2.648545
  1.668520  -3.415101   2.648545
  2.658470  -3.415101   2.648545
  3.648419  -3.415101   2.648545
 -2.786252  -2.920126   2.648545
 -1.796303  -2.920126   2.648545
 -0.806353  -2.920126   2.648545
  0.183596  -2.920126   2.648545
  1.173546  -2.920126   2.648545
  2.163495  -2.920126   2.648545
  3.153445  -2.920126   2.648545
  4.143394  -2.920126   2.648545
 -4.271177  -2.425152   2.648545
 -3.281227  -2.425152   2.648545
 -2.291278  -2.425152   2.648545
 -1.301328  -2.425152   2.648545
 -0.311379  -2.425152   2.648545
  0.678571  -2.425152   2.648545
  1.668520  -2.425152   2.648545
  2.658470  -2.425152   2.648545
  3.648419  -2.425152   2.648545
  4.638369  -2.425152   2.648545
 -4.766151  -1.930177   2.648545
 -3.776202  -1.930177   2.648545
 -2.786252  -1.930177   2.648545
 -1.796303  -1.930177   2.648545
 -0.806353  -1.930177   2.648545
  0.183596  -1.930177   2.648545
  1.173546  -1.930177   2.648545
  2.163495  -1.930177   2.648545
  3.153445  -1.930177   2.648545
  4.143394  -1.930177   2.648545
  5.133344  -1.930177   2.648545
 -5.261126  -1.435202   2.648545
 -4.271177  -1.435202   2.648545
 -3.281227  -1.435202   2.648545
 -2.291278  -1.435202   2.648545
 -1.301328  -1.435202   2.648545
 -0.311379  -1.435202   2.648545
  0.678571  -1.435202   2.648545
  1.668520  -1.435202   2.648545
  2.658470  -1.435202   2.648545
  3.648419  -1.435202   2.648545
  4.638369  -1.435202   2.648545
  5.628318  -1.435202   2.648545
 -5.756101  -0.940227   2.648545
 -4.766151  -0.940227   2.648545
 -3.776202  -0.940227   2.648545
 -2.786252  -0.940227   2.648545
 -1.796303  -0.940227   2.648545
 -0.806353  -0.940227   2.648545
  0.183596  -0.940227   2.648545
  1.173546  -0.940227   2.648545
  3.153445  -0.940227   2.648545
  4.143394  -0.940227   2.648545
  5.133344  -0.940227   2.648545
 -6.251076  -0.445253   2.648545
 -5.261126  -0.445253   2.648545
 -4.271177  -0.445253   2.648545
 -3.281227  -0.445253   2.648545
 -2.291278  -0.445253   2.648545
 -1.301328  -0.445253   2.648545
 -0.311379  -0.445253   2.648545
  0.678571  -0.445253   2.648545
  3.648419  -0.445253   2.648545
  4.638369  -0.445253   2.648545
  5.628318  -0.445253   2.648545
 -5.756101   0.049722   2.648545
 -4.766151   0.049722   2.648545
 -3.776202   0.049722   2.648545
 -2.786252   0.049722   2.648545
 -1.796303   0.049722   2.648545
 -0.806353   0.049722   2.648545
  4.143394   0.049722   2.648545
  5.133344   0.049722   2.648545
 -6.251076   0.544697   2.648545
 -5.261126   0.544697   2.648545
 -4.271177   0.544697   2.648545
 -3.281227   0.544697   2.648545
 -2.291278   0.544697   2.648545
 -1.301328   0.544697   2.648545
  2.658470   0.544697   2.648545
  3.648419   0.544697   2.648545
  4.638369   0.544697   2.648545
  5.628318   0.544697   2.648545
 -5.756101   1.039672   2.648545
 -4.766151   1.039672   2.648545
 -3.776202   1.039672   2.648545
 -2.786252   1.039672   2.648545
 -1.796303   1.039672   2.648545
 -0.806353   1.039672   2.648545
  2.163495   1.039672   2.648545
  3.153445   1.039672   2.648545
  4.143394   1.039672   2.648545
  5.133344   1.039672   2.648545
 -6.251076   1.534646   2.648545
 -5.261126   1.534646   2.648545
 -4.271177   1.534646   2.648545
 -3.281227   1.534646   2.648545
 -2.291278   1.534646   2.648545
 -1.301328   1.534646   2.648545
  2.658470   1.534646   2.648545
  3.648419   1.534646   2.648545
  4.638369   1.534646   2.648545
 -5.756101   2.029621   2.648545
 -4.766151   2.029621   2.648545
 -3.776202   2.029621   2.648545
 -2.786252   2.029621   2.648545
 -1.796303   2.029621   2.648545
 -0.806353   2.029621   2.648545
  3.153445   2.029621   2.648545
  4.143394   2.029621   2.648545
 -5.261126   2.524596   2.648545
 -4.271177   2.524596   2.648545
 -3.281227   2.524596   2.648545
 -2.291278   2.524596   2.648545
 -1.301328   2.524596   2.648545
 -0.311379   2.524596   2.648545
  2.658470   2.524596   2.648545
  3.648419   2.524596   2.648545
 -4.766151   3.019571   2.648545
 -3.776202   3.019571   2.648545
 -2.786252   3.019571   2.648545
 -1.796303   3.019571   2.648545
 -0.806353   3.019571   2.648545
  0.183596   3.019571   2.648545
  1.173546   3.019571   2.648545
  2.163495   3.019571   2.648545
  3.153445   3.019571   2.648545
  4.143394   3.019571   2.648545
 -2.291278   3.514545   2.648545
 -1.301328   3.514545   2.648545
 -0.311379   3.514545   2.648545
  0.678571   3.514545   2.648545
  1.668520   3.514545   2.648545
  2.658470   3.514545   2.648545
  3.648419   3.514545   2.648545
 -1.796303   4.009520   2.648545
 -0.806353   4.009520   2.648545
  0.183596   4.009520   2.648545
  1.173546   4.009520   2.648545
  2.163495   4.009520   2.648545
  3.153445   4.009520   2.648545
 -1.301328   4.504495   2.648545
 -0.311379   4.504495   2.648545
  0.678571   4.504495   2.648545
  1.668520   4.504495   2.648545
  2.658470   4.504495   2.648545
  0.183596   4.999470   2.648545
  1.173546   4.999470   2.648545
  1.173546  -3.415101   3.143520
  2.163495  -3.415101   3.143520
  3.153445  -3.415101   3.143520
 -2.291278  -2.920126   3.143520
 -1.301328  -2.920126   3.143520
 -0.311379  -2.920126   3.143520
  0.678571  -2.920126   3.143520
  1.668520  -2.920126   3.143520
  2.658470  -2.920126   3.143520
  3.648419  -2.920126   3.143520
  4.638369  -2.920126   3.143520
 -2.786252  -2.425152   3.143520
 -1.796303  -2.425152   3.143520
 -0.806353  -2.425152   3.143520
  0.183596  -2.425152   3.143520
  1.173546  -2.425152   3.143520
  2.163495  -2.425152   3.143520
  3.153445  -2.425152   3.143520
  4.143394  -2.425152   3.143520
  5.133344  -2.425152   3.143520
 -4.271177  -1.930177   3.143520
 -3.281227  -1.930177   3.143520
 -2.291278  -1.930177   3.143520
 -1.301328  -1.930177   3.143520
 -0.311379  -1.930177   3.143520
  0.678571  -1.930177   3.143520
  1.668520  -1.930177   3.143520
  2.658470  -1.930177   3.143520
  3.648419  -1.930177   3.143520
  4.638369  -1.930177   3.143520
 -4.766151  -1.435202   3.143520
 -3.776202  -1.435202   3.143520
 -2.786252  -1.435202   3.143520
 -1.796303  -1.435202   3.143520
 -0.806353  -1.435202   3.143520
  0.183596  -1.435202   3.143520
  1.173546  -1.435202   3.143520
  2.163495  -1.435202   3.143520
  3.153445  -1.435202   3.143520
  4.143394  -1.435202   3.143520
  5.133344  -1.435202   3.143520
 -5.261126  -0.940227   3.143520
 -4.271177  -0.940227   3.143520
 -3.281227  -0.940227   3.143520
 -2.291278  -0.940227   3.143520
 -1.301328  -0.940227   3.143520
 -0.311379  -0.940227   3.143520
  0.678571  -0.940227   3.143520
  1.668520  -0.940227   3.143520
  2.658470  -0.940227   3.143520
  3.648419  -0.940227   3.143520
  4.638369  -0.940227   3.143520
  5.628318  -0.940227   3.143520
 -5.756101  -0.445253   3.143520
 -4.766151  -0.445253   3.143520
 -3.776202  -0.445253   3.143520
 -2.786252  -0.445253   3.143520
 -1.796303  -0.445253   3.143520
 -0.806353  -0.445253   3.143520
  0.183596  -0.445253   3.143520
  1.173546  -0.445253   3.143520
  2.163495  -0.445253   3.143520
  3.153445  -0.445253   3.143520
  4.143394  -0.445253   3.143520
  5.133344  -0.445253   3.143520
 -5.261126   0.049722   3.143520
 -4.271177   0.049722   3.143520
 -3.281227   0.049722   3.143520
 -2.291278   0.049722   3.143520
 -1.301328   0.049722   3.143520
 -0.311379   0.049722   3.143520
  1.668520   0.049722   3.143520
  2.658470   0.049722   3.143520
  3.648419   0.049722   3.143520
  4.638369   0.049722   3.143520
  5.628318   0.049722   3.143520
 -5.756101   0.544697   3.143520
 -4.766151   0.544697   3.143520
 -3.776202   0.544697   3.143520
 -2.786252   0.544697   3.143520
 -1.796303   0.544697   3.143520
 -0.806353   0.544697   3.143520
  2.163495   0.544697   3.143520
  3.153445   0.544697   3.143520
  4.143394   0.544697   3.143520
  5.133344   0.544697   3.143520
 -5.261126   1.039672   3.143520
 -4.271177   1.039672   3.143520
 -3.281227   1.039672   3.143520
 -2.291278   1.039672   3.143520
 -1.301328   1.039672   3.143520
  1.668520   1.039672   3.143520
  2.658470   1.039672   3.143520
  3.648419   1.039672   3.143520
  4.638369   1.039672   3.143520
 -4.766151   1.534646   3.143520
 -3.776202   1.534646   3.143520
 -2.786252   1.534646   3.143520
 -1.796303   1.534646   3.143520
 -0.806353   1.534646   3.143520
  2.163495   1.534646   3.143520
  3.153445   1.534646   3.143520
  4.143394   1.534646   3.143520
  5.133344   1.534646   3.143520
 -4.271177   2.029621   3.143520
 -3.281227   2.029621   3.143520
 -2.291278   2.029621   3.143520
 -1.301328   2.029621   3.143520
 -0.311379   2.029621   3.143520
  2.658470   2.029621   3.143520
  3.648419   2.029621   3.143520
  4.638369   2.029621   3.143520
 -3.776202   2.524596   3.143520
 -2.786252   2.524596   3.143520
 -1.796303   2.524596   3.143520
 -0.806353   2.524596   3.143520
  0.183596   2.524596   3.143520
  1.173546   2.524596   3.143520
  2.163495   2.524596   3.143520
  3.153445   2.524596   3.143520
  4.143394   2.524596   3.143520
 -2.291278   3.019571   3.143520
 -1.301328   3.019571   3.143520
 -0.311379   3.019571   3.143520
  0.678571   3.019571   3.143520
  1.668520   3.019571   3.143520
  2.658470   3.019571   3.143520
  3.648419   3.019571   3.143520
 -1.796303   3.514545   3.143520
 -0.806353   3.514545   3.143520
  0.183596   3.514545   3.143520
  1.173546   3.514545   3.143520
  2.163495   3.514545   3.143520
  3.153445   3.514545   3.143520
 -1.301328   4.009520   3.143520
 -0.311379   4.009520   3.143520
  0.678571   4.009520   3.143520
  1.668520   4.009520   3.143520
  2.658470   4.009520   3.143520
 -0.806353   4.504495   3.143520
  0.183596   4.504495   3.143520
  1.173546   4.504495   3.143520
  2.163495   4.504495   3.143520
  0.678571   4.999470   3.143520
  1.668520   4.999470   3.143520
  2.658470  -3.415101   3.638495
  1.173546  -2.920126   3.638495
  2.163495  -2.920126   3.638495
  3.153445  -2.920126   3.638495
  4.143394  -2.920126   3.638495
 -1.301328  -2.425152   3.638495
 -0.311379  -2.425152   3.638495
  0.678571  -2.425152   3.638495
  1.668520  -2.425152   3.638495
  2.658470  -2.425152   3.638495
  3.648419  -2.425152   3.638495
  4.638369  -2.425152   3.638495
 -1.796303  -1.930177   3.638495
 -0.806353  -1.930177   3.638495
  0.183596  -1.930177   3.638495
  1.173546  -1.930177   3.638495
  2.163495  -1.930177   3.638495
  3.153445  -1.930177   3.638495
  4.143394  -1.930177   3.638495
  5.133344  -1.930177   3.638495
 -2.291278  -1.435202   3.638495
 -1.301328  -1.435202   3.638495
 -0.311379  -1.435202   3.638495
  0.678571  -1.435202   3.638495
  1.668520  -1.435202   3.638495
  2.658470  -1.435202   3.638495
  3.648419  -1.435202   3.638495
  4.638369  -1.435202   3.638495
 -3.776202  -0.940227   3.638495
 -2.786252  -0.940227   3.638495
 -1.796303  -0.940227   3.638495
 -0.806353  -0.940227   3.638495
  0.183596  -0.940227   3.638495
  1.173546  -0.940227   3.638495
  2.163495  -0.940227   3.638495
  3.153445  -0.940227   3.638495
  4.143394  -0.940227   3.638495
  5.133344  -0.940227   3.638495
 -4.271177  -0.445253   3.638495
 -3.281227  -0.445253   3.638495
 -2.291278  -0.445253   3.638495
 -1.301328  -0.445253   3.638495
 -0.311379  -0.445253   3.638495
  0.678571  -0.445253   3.638495
  1.668520  -0.445253   3.638495
  2.658470  -0.445253   3.638495
  3.648419  -0.445253   3.638495
  4.638369  -0.445253   3.638495
  5.628318  -0.445253   3.638495
 -4.766151   0.049722   3.638495
 -3.776202   0.049722   3.638495
 -2.786252   0.049722   3.638495
 -1.796303   0.049722   3.638495
 -0.806353   0.049722   3.638495
  1.173546   0.049722   3.638495
  2.163495   0.049722   3.638495
  3.153445   0.049722   3.638495
  4.143394   0.049722   3.638495
  5.133344   0.049722   3.638495
 -4.271177   0.544697   3.638495
 -3.281227   0.544697   3.638495
 -2.291278   0.544697   3.638495
 -1.301328   0.544697   3.638495
 -0.311379   0.544697   3.638495
  1.668520   0.544697   3.638495
  2.658470   0.544697   3.638495
  3.648419   0.544697   3.638495
  4.638369   0.544697   3.638495
 -4.766151   1.039672   3.638495
 -3.776202   1.039672   3.638495
 -2.786252   1.039672   3.638495
 -1.796303   1.039672   3.638495
 -0.806353   1.039672   3.638495
  1.173546   1.039672   3.638495
  2.163495   1.039672   3.638495
  3.153445   1.039672   3.638495
  4.143394   1.039672   3.638495
  5.133344   1.039672   3.638495
 -4.271177   1.534646   3.638495
 -3.281227   1.534646   3.638495
 -2.291278   1.534646   3.638495
 -1.301328   1.534646   3.638495
 -0.311379   1.534646   3.638495
  0.678571   1.534646   3.638495
  1.668520   1.534646   3.638495
  2.658470   1.534646   3.638495
  3.648419   1.534646   3.638495
  4.638369   1.534646   3.638495
 -2.786252   2.029621   3.638495
 -1.796303   2.029621   3.638495
 -0.806353   2.029621   3.638495
  0.183596   2.029621   3.638495
  1.173546   2.029621   3.638495
  2.163495   2.029621   3.638495
  3.153445   2.029621   3.638495
  4.143394   2.029621   3.638495
 -2.291278   2.524596   3.638495
 -1.301328   2.524596   3.638495
 -0.311379   2.524596   3.638495
  0.678571   2.524596   3.638495
  1.668520   2.524596   3.638495
  2.658470   2.524596   3.638495
  3.648419   2.524596   3.638495
 -1.796303   3.019571   3.638495
 -0.806353   3.019571   3.638495
  0.183596   3.019571   3.638495
  1.173546   3.019571   3.638495
  2.163495   3.019571   3.638495
  3.153445   3.019571   3.638495
 -1.301328   3.514545   3.638495
 -0.311379   3.514545   3.638495
  0.678571   3.514545   3.638495
  1.668520   3.514545   3.638495
  2.658470   3.514545   3.638495
  3.648419   3.514545   3.638495
 -0.806353   4.009520   3.638495
  0.183596   4.009520   3.638495
  1.173546   4.009520   3.638495
  2.163495   4.009520   3.638495
  3.153445   4.009520   3.638495
 -0.311379   4.504495   3.638495
  0.678571   4.504495   3.638495
  1.668520   4.504495   3.638495
  1.668520  -2.920126   4.133470
  2.658470  -2.920126   4.133470
  1.173546  -2.425152   4.133470
  2.163495  -2.425152   4.133470
  3.153445  -2.425152   4.133470
  4.143394  -2.425152   4.133470
 -0.311379  -1.930177   4.133470
  0.678571  -1.930177   4.133470
  1.668520  -1.930177   4.133470
  2.658470  -1.930177   4.133470
  3.648419  -1.930177   4.133470
  4.638369  -1.930177   4.133470
 -0.806353  -1.435202   4.133470
  0.183596  -1.435202   4.133470
  1.173546  -1.435202   4.133470
  2.163495  -1.435202   4.133470
  3.153445  -1.435202   4.133470
  4.143394  -1.435202   4.133470
 -1.301328  -0.940227   4.133470
 -0.311379  -0.940227   4.133470
  0.678571  -0.940227   4.133470
  1.668520  -0.940227   4.133470
  2.658470  -0.940227   4.133470
  3.648419  -0.940227   4.133470
  4.638369  -0.940227   4.133470
 -1.796303  -0.445253   4.133470
 -0.806353  -0.445253   4.133470
  0.183596  -0.445253   4.133470
  1.173546  -0.445253   4.133470
  2.163495  -0.445253   4.133470
  3.153445  -0.445253   4.133470
  4.143394  -0.445253   4.133470
  5.133344  -0.445253   4.133470
 -2.291278   0.049722   4.133470
 -1.301328   0.049722   4.133470
 -0.311379   0.049722   4.133470
  0.678571   0.049722   4.133470
  1.668520   0.049722   4.133470
  2.658470   0.049722   4.133470
  3.648419   0.049722   4.133470
  4.638369   0.049722   4.133470
 -1.796303   0.544697   4.133470
 -0.806353   0.544697   4.133470
  0.183596   0.544697   4.133470
  1.173546   0.544697   4.133470
  2.163495   0.544697   4.133470
  3.153445   0.544697   4.133470
  4.143394   0.544697   4.133470
  5.133344   0.544697   4.133470
 -2.291278   1.039672   4.133470
 -1.301328   1.039672   4.133470
 -0.311379   1.039672   4.133470
  0.678571   1.039672   4.133470
  1.668520   1.039672   4.133470
  2.658470   1.039672   4.133470
  3.648419   1.039672   4.133470
  4.638369   1.039672   4.133470
 -1.796303   1.534646   4.133470
 -0.806353   1.534646   4.133470
  0.183596   1.534646   4.133470
  1.173546   1.534646   4.133470
  2.163495   1.534646   4.133470
  3.153445   1.534646   4.133470
  4.143394   1.534646   4.133470
 -2.291278   2.029621   4.133470
 -1.301328   2.029621   4.133470
 -0.311379   2.029621   4.133470
  0.678571   2.029621   4.133470
  1.668520   2.029621   4.133470
  2.658470   2.029621   4.133470
  3.648419   2.029621   4.133470
 -1.796303   2.524596   4.133470
 -0.806353   2.524596   4.133470
  0.183596   2.524596   4.133470
  1.173546   2.524596   4.133470
  2.163495   2.524596   4.133470
  3.153445   2.524596   4.133470
 -1.301328   3.019571   4.133470
 -0.311379   3.019571   4.133470
  0.678571   3.019571   4.133470
  1.668520   3.019571   4.133470
  2.658470   3.019571   4.133470
  3.648419   3.019571   4.133470
 -1.796303   3.514545   4.133470
 -0.806353   3.514545   4.133470
  0.183596   3.514545   4.133470
  1.173546   3.514545   4.133470
  2.163495   3.514545   4.133470
  3.153445   3.514545   4.133470
 -1.301328   4.009520   4.133470
 -0.311379   4.009520   4.133470
  0.678571   4.009520   4.133470
  1.668520   4.009520   4.133470
  2.658470   4.009520   4.133470
  0.183596   4.504495   4.133470
  1.173546   4.504495   4.133470
  1.668520  -2.425152   4.628444
  2.658470  -2.425152   4.628444
  0.183596  -1.930177   4.628444
  1.173546  -1.930177   4.628444
  2.163495  -1.930177   4.628444
  3.153445  -1.930177   4.628444
  4.143394  -1.930177   4.628444
 -0.311379  -1.435202   4.628444
  0.678571  -1.435202   4.628444
  1.668520  -1.435202   4.628444
  2.658470  -1.435202   4.628444
  3.648419  -1.435202   4.628444
 -0.806353  -0.940227   4.628444
  0.183596  -0.940227   4.628444
  1.173546  -0.940227   4.628444
  2.163495  -0.940227   4.628444
  3.153445  -0.940227   4.628444
  4.143394  -0.940227   4.628444
 -1.301328  -0.445253   4.628444
 -0.311379  -0.445253   4.628444
  0.678571  -0.445253   4.628444
  1.668520  -0.445253   4.628444
  2.658470  -0.445253   4.628444
  3.648419  -0.445253   4.628444
  4.638369  -0.445253   4.628444
 -1.796303   0.049722   4.628444
 -0.806353   0.049722   4.628444
  0.183596   0.049722   4.628444
  1.173546   0.049722   4.628444
  2.163495   0.049722   4.628444
  3.153445   0.049722   4.628444
  4.143394   0.049722   4.628444
 -2.291278   0.544697   4.628444
 -1.301328   0.544697   4.628444
 -0.311379   0.544697   4.628444
  0.678571   0.544697   4.628444
  1.668520   0.544697   4.628444
  2.658470   0.544697   4.628444
  3.648419   0.544697   4.628444
 -1.796303   1.039672   4.628444
 -0.806353   1.039672   4.628444
  0.183596   1.039672   4.628444
  1.173546   1.039672   4.628444
  2.163495   1.039672   4.628444
  3.153445   1.039672   4.628444
  4.143394   1.039672   4.628444
 -2.291278   1.534646   4.628444
 -1.301328   1.534646   4.628444
 -0.311379   1.534646   4.628444
  0.678571   1.534646   4.628444
  1.668520   1.534646   4.628444
  2.658470   1.534646   4.628444
  3.648419   1.534646   4.628444
 -1.796303   2.029621   4.628444
 -0.806353   2.029621   4.628444
  0.183596   2.029621   4.628444
  1.173546   2.029621   4.628444
  2.163495   2.029621   4.628444
  3.153445   2.029621   4.628444
 -1.301328   2.524596   4.628444
 -0.311379   2.524596   4.628444
  0.678571   2.524596   4.628444
  1.668520   2.524596   4.628444
  2.658470   2.524596   4.628444
 -1.796303   3.019571   4.628444
 -0.806353   3.019571   4.628444
  0.183596   3.019571   4.628444
  1.173546   3.019571   4.628444
  2.163495   3.019571   4.628444
  3.153445   3.019571   4.628444
 -1.301328   3.514545   4.628444
 -0.311379   3.514545   4.628444
  0.678571   3.514545   4.628444
  1.668520   3.514545   4.628444
  2.658470   3.514545   4.628444
  0.183596   4.009520   4.628444
  1.173546   4.009520   4.628444
  2.163495   4.009520   4.628444
  0.183596  -1.435202   5.123419
  1.173546  -1.435202   5.123419
  2.163495  -1.435202   5.123419
  3.153445  -1.435202   5.123419
 -0.311379  -0.940227   5.123419
  0.678571  -0.940227   5.123419
  1.668520  -0.940227   5.123419
  2.658470  -0.940227   5.123419
  3.648419  -0.940227   5.123419
 -0.806353  -0.445253   5.123419
  0.183596  -0.445253   5.123419
  1.173546  -0.445253   5.123419
  2.163495  -0.445253   5.123419
  3.153445  -0.445253   5.123419
 -1.301328   0.049722   5.123419
 -0.311379   0.049722   5.123419
  0.678571   0.049722   5.123419
  1.668520   0.049722   5.123419
  2.658470   0.049722   5.123419
  3.648419   0.049722   5.123419
 -1.796303   0.544697   5.123419
 -0.806353   0.544697   5.123419
  0.183596   0.544697   5.123419
  1.173546   0.544697   5.123419
  2.163495   0.544697   5.123419
  3.153445   0.544697   5.123419
 -1.301328   1.039672   5.123419
 -0.311379   1.039672   5.123419
  0.678571   1.039672   5.123419
  1.668520   1.039672   5.123419
  2.658470   1.039672   5.123419
 -1.796303   1.534646   5.123419
 -0.806353   1.534646   5.123419
  0.183596   1.534646   5.123419
  1.173546   1.534646   5.123419
  2.163495   1.534646   5.123419
  3.153445   1.534646   5.123419
 -1.301328   2.029621   5.123419
 -0.311379   2.029621   5.123419
  0.678571   2.029621   5.123419
  1.668520   2.029621   5.123419
  2.658470   2.029621   5.123419
 -0.806353   2.524596   5.123419
  0.183596   2.524596   5.123419
  1.173546   2.524596   5.123419
  2.163495   2.524596   5.123419
 -0.311379   3.019571   5.123419
  0.678571   3.019571   5.123419
  1.668520   3.019571   5.123419
  2.658470   3.019571   5.123419
  0.183596   3.514545   5.123419
  1.173546   3.514545   5.123419
  2.163495   3.514545   5.123419
 -0.311379  -0.445253   5.618394
  0.678571  -0.445253   5.618394
  1.668520  -0.445253   5.618394
 -0.806353   0.049722   5.618394
  0.183596   0.049722   5.618394
  1.173546   0.049722   5.618394
  2.163495   0.049722   5.618394
 -0.311379   0.544697   5.618394
  0.678571   0.544697   5.618394
  1.668520   0.544697   5.618394
  2.658470   0.544697   5.618394
 -0.806353   1.039672   5.618394
  0.183596   1.039672   5.618394
  1.173546   1.039672   5.618394
  2.163495   1.039672   5.618394
 -0.311379   1.534646   5.618394
  0.678571   1.534646   5.618394
  1.668520   1.534646   5.618394
  2.658470   1.534646   5.618394
 -0.806353   2.029621   5.618394
  0.183596   2.029621   5.618394
  1.173546   2.029621   5.618394
  2.163495   2.029621   5.618394
 -0.311379   2.524596   5.618394
  0.678571   2.524596   5.618394
  1.668520   2.524596   5.618394
  0.183596   3.019571   5.618394
  1.173546   3.019571   5.618394
  0.678571   1.039672   6.113369
  1.173546   1.534646   6.113369
