 -0.094354  -2.680152  -5.842025
  0.895596  -2.680152  -5.842025
 -0.589328  -2.185177  -5.842025
  0.400621  -2.185177  -5.842025
  1.390571  -2.185177  -5.842025
 -1.084303  -1.690202  -5.842025
 -0.094354  -1.690202  -5.842025
  0.895596  -1.690202  -5.842025
 -1.579278  -1.195227  -5.842025
 -0.589328  -1.195227  -5.842025
  0.400621  -1.195227  -5.842025
  1.390571  -1.195227  -5.842025
 -1.084303  -0.700253  -5.842025
 -0.094354  -0.700253  -5.842025
  0.895596  -0.700253  -5.842025
 -1.579278  -0.205278  -5.842025
 -0.589328  -0.205278  -5.842025
  0.400621  -0.205278  -5.842025
  1.390571  -0.205278  -5.842025
 -1.084303   0.289697  -5.842025
 -0.094354   0.289697  -5.842025
  0.895596   0.289697  -5.842025
 -1.579278   0.784672  -5.842025
 -0.589328   0.784672  -5.842025
  0.400621   0.784672  -5.842025
  1.390571   0.784672  -5.842025
 -1.084303   1.279646  -5.842025
 -0.094354   1.279646  -5.842025
  0.895596   1.279646  -5.842025
  0.400621  -3.670101  -5.347050
 -1.084303  -3.175126  -5.347050
 -0.094354  -3.175126  -5.347050
  0.895596  -3.175126  -5.347050
  1.885545  -3.175126  -5.347050
 -1.579278  -2.680152  -5.347050
 -0.589328  -2.680152  -5.347050
  0.400621  -2.680152  -5.347050
  1.390571  -2.680152  -5.347050
  2.380520  -2.680152  -5.347050
 -1.084303  -2.185177  -5.347050
 -0.094354  -2.185177  -5.347050
  0.895596  -2.185177  -5.347050
  1.885545  -2.185177  -5.347050
 -1.579278  -1.690202  -5.347050
 -0.589328  -1.690202  -5.347050
  0.400621  -1.690202  -5.347050
  1.390571  -1.690202  -5.347050
  2.380520  -1.690202  -5.347050
 -2.074253  -1.195227  -5.347050
 -1.084303  -1.195227  -5.347050
 -0.094354  -1.195227  -5.347050
  0.895596  -1.195227  -5.347050
  1.885545  -1.195227  -5.347050
 -2.569227  -0.700253  -5.347050
 -1.579278  -0.700253  -5.347050
 -0.589328  -0.700253  -5.347050
  0.400621  -0.700253  -5.347050
  1.390571  -0.700253  -5.347050
  2.380520  -0.700253  -5.347050
 -2.074253  -0.205278  -5.347050
 -1.084303  -0.205278  -5.347050
 -0.094354  -0.205278  -5.347050
  0.895596  -0.205278  -5.347050
  1.885545  -0.205278  -5.347050
 -2.569227   0.289697  -5.347050
 -1.579278   0.289697  -5.347050
 -0.589328   0.289697  -5.347050
  0.400621   0.289697  -5.347050
  1.390571   0.289697  -5.347050
  2.380520   0.289697  -5.347050
 -2.074253   0.784672  -5.347050
 -1.084303   0.784672  -5.347050
 -0.094354   0.784672  -5.347050
  0.895596   0.784672  -5.347050
  1.885545   0.784672  -5.347050
 -1.579278   1.279646  -5.347050
 -0.589328   1.279646  -5.347050
  0.400621   1.279646  -5.347050
  1.390571   1.279646  -5.347050
 -1.084303   1.774621  -5.347050
 -0.094354   1.774621  -5.347050
  0.895596   1.774621  -5.347050
 -0.589328   2.269596  -5.347050
  0.400621   2.269596  -5.347050
 -0.589328  -4.165076  -4.852076
  0.400621  -4.165076  -4.852076
  1.390571  -4.165076  -4.852076
 -1.084303  -3.670101  -4.852076
 -0.094354  -3.670101  -4.852076
  0.895596  -3.670101  -4.852076
  1.885545  -3.670101  -4.852076
 -1.579278  -3.175126  -4.852076
 -0.589328  -3.175126  -4.852076
  0.400621  -3.175126  -4.852076
  1.390571  -3.175126  -4.852076
  2.380520  -3.175126  -4.852076
 -2.074253  -2.680152  -4.852076
 -1.084303  -2.680152  -4.852076
 -0.094354  -2.680152  -4.852076
  0.895596  -2.680152  -4.852076
  1.885545  -2.680152  -4.852076
  2.875495  -2.680152  -4.852076
 -2.569227  -2.185177  -4.852076
 -1.579278  -2.185177  -4.852076
 -0.589328  -2.185177  -4.852076
  0.400621  -2.185177  -4.852076
  1.390571  -2.185177  -4.852076
  2.380520  -2.185177  -4.852076
 -2.074253  -1.690202  -4.852076
 -1.084303  -1.690202  -4.852076
 -0.094354  -1.690202  -4.852076
  0.895596  -1.690202  -4.852076
  1.885545  -1.690202  -4.852076
  2.875495  -1.690202  -4.852076
 -2.569227  -1.195227  -4.852076
 -1.579278  -1.195227  -4.852076
 -0.589328  -1.195227  -4.852076
  0.400621  -1.195227  -4.852076
  1.390571  -1.195227  -4.852076
  2.380520  -1.195227  -4.852076
 -3.064202  -0.700253  -4.852076
 -2.074253  -0.700253  -4.852076
 -1.084303  -0.700253  -4.852076
 -0.094354  -0.700253  -4.852076
  0.895596  -0.700253  -4.852076
  1.885545  -0.700253  -4.852076
  2.875495  -0.700253  -4.852076
 -2.569227  -0.205278  -4.852076
 -1.579278  -0.205278  -4.852076
 -0.589328  -0.205278  -4.852076
  0.400621  -0.205278  -4.852076
  1.390571  -0.205278  -4.852076
  2.380520  -0.205278  -4.852076
 -3.064202   0.289697  -4.852076
 -2.074253   0.289697  -4.852076
 -1.084303   0.289697  -4.852076
 -0.094354   0.289697  -4.852076
  0.895596   0.289697  -4.852076
  1.885545   0.289697  -4.852076
  2.875495   0.289697  -4.852076
 -2.569227   0.784672  -4.852076
 -1.579278   0.784672  -4.852076
 -0.589328   0.784672  -4.852076
  0.400621   0.784672  -4.852076
  1.390571   0.784672  -4.852076
  2.380520   0.784672  -4.852076
 -2.074253   1.279646  -4.852076
 -1.084303   1.279646  -4.852076
 -0.094354   1.279646  -4.852076
  0.895596   1.279646  -4.852076
  1.885545   1.279646  -4.852076
 -2.569227   1.774621  -4.852076
 -1.579278   1.774621  -4.852076
 -0.589328   1.774621  -4.852076
  0.400621   1.774621  -4.852076
  1.390571   1.774621  -4.852076
 -2.074253   2.269596  -4.852076
 -1.084303   2.269596  -4.852076
 -0.094354   2.269596  -4.852076
  0.895596   2.269596  -4.852076
 -0.589328   2.764571  -4.852076
  0.400621   2.764571  -4.852076
 -0.589328  -4.660051  -4.357101
  0.400621  -4.660051  -4.357101
  1.390571  -4.660051  -4.357101
 -1.084303  -4.165076  -4.357101
 -0.094354  -4.165076  -4.357101
  0.895596  -4.165076  -4.357101
  1.885545  -4.165076  -4.357101
 -1.579278  -3.670101  -4.357101
 -0.589328  -3.670101  -4.357101
  0.400621  -3.670101  -4.357101
  1.390571  -3.670101  -4.357101
  2.380520  -3.670101  -4.357101
 -2.074253  -3.175126  -4.357101
 -1.084303  -3.175126  -4.357101
 -0.094354  -3.175126  -4.357101
  0.895596  -3.175126  -4.357101
  1.885545  -3.175126  -4.357101
  2.875495  -3.175126  -4.357101
 -2.569227  -2.680152  -4.357101
 -1.579278  -2.680152  -4.357101
 -0.589328  -2.680152  -4.357101
  0.400621  -2.680152  -4.357101
  1.390571  -2.680152  -4.357101
  2.380520  -2.680152  -4.357101
  3.370470  -2.680152  -4.357101
 -2.074253  -2.185177  -4.357101
 -1.084303  -2.185177  -4.357101
 -0.094354  -2.185177  -4.357101
  0.895596  -2.185177  -4.357101
  1.885545  -2.185177  -4.357101
  2.875495  -2.185177  -4.357101
 -2.569227  -1.690202  -4.357101
 -1.579278  -1.690202  -4.357101
 -0.589328  -1.690202  -4.357101
  0.400621  -1.690202  -4.357101
  1.390571  -1.690202  -4.357101
  2.380520  -1.690202  -4.357101
  3.370470  -1.690202  -4.357101
 -3.064202  -1.195227  -4.357101
 -2.074253  -1.195227  -4.357101
 -1.084303  -1.195227  -4.357101
 -0.094354  -1.195227  -4.357101
  0.895596  -1.195227  -4.357101
  1.885545  -1.195227  -4.357101
  2.875495  -1.195227  -4.357101
 -3.559177  -0.700253  -4.357101
 -2.569227  -0.700253  -4.357101
 -1.579278  -0.700253  -4.357101
 -0.589328  -0.700253  -4.357101
  0.400621  -0.700253  -4.357101
  1.390571  -0.700253  -4.357101
  2.380520  -0.700253  -4.357101
  3.370470  -0.700253  -4.357101
 -3.064202  -0.205278  -4.357101
 -2.074253  -0.205278  -4.357101
 -1.084303  -0.205278  -4.357101
 -0.094354  -0.205278  -4.357101
  0.895596  -0.205278  -4.357101
  1.885545  -0.205278  -4.357101
  2.875495  -0.205278  -4.357101
 -3.559177   0.289697  -4.357101
 -2.569227   0.289697  -4.357101
 -1.579278   0.289697  -4.357101
 -0.589328   0.289697  -4.357101
  0.400621   0.289697  -4.357101
  1.390571   0.289697  -4.357101
  2.380520   0.289697  -4.357101
 -3.064202   0.784672  -4.357101
 -2.074253   0.784672  -4.357101
 -1.084303   0.784672  -4.357101
 -0.094354   0.784672  -4.357101
  0.895596   0.784672  -4.357101
  1.885545   0.784672  -4.357101
  2.875495   0.784672  -4.357101
 -2.569227   1.279646  -4.357101
 -1.579278   1.279646  -4.357101
 -0.589328   1.279646  -4.357101
  0.400621   1.279646  -4.357101
  1.390571   1.279646  -4.357101
  2.380520   1.279646  -4.357101
 -3.064202   1.774621  -4.357101
 -2.074253   1.774621  -4.357101
 -1.084303   1.774621  -4.357101
 -0.094354   1.774621  -4.357101
  0.895596   1.774621  -4.357101
  1.885545   1.774621  -4.357101
 -2.569227   2.269596  -4.357101
 -1.579278   2.269596  -4.357101
 -0.589328   2.269596  -4.357101
  0.400621   2.269596  -4.357101
  1.390571   2.269596  -4.357101
 -1.084303   2.764571  -4.357101
 -0.094354   2.764571  -4.357101
  0.895596   2.764571  -4.357101
 -0.589328   3.259545  -4.357101
  0.400621  -5.155025  -3.862126
 -1.084303  -4.660051  -3.862126
 -0.094354  -4.660051  -3.862126
  0.895596  -4.660051  -3.862126
  1.885545  -4.660051  -3.862126
 -1.579278  -4.165076  -3.862126
 -0.589328  -4.165076  -3.862126
  0.400621  -4.165076  -3.862126
  1.390571  -4.165076  -3.862126
  2.380520  -4.165076  -3.862126
 -2.074253  -3.670101  -3.862126
 -1.084303  -3.670101  -3.862126
 -0.094354  -3.670101  -3.862126
  0.895596  -3.670101  -3.862126
  1.885545  -3.670101  -3.862126
  2.875495  -3.670101  -3.862126
 -2.569227  -3.175126  -3.862126
 -1.579278  -3.175126  -3.862126
 -0.589328  -3.175126  -3.862126
  0.400621  -3.175126  -3.862126
  1.390571  -3.175126  -3.862126
  2.380520  -3.175126  -3.862126
  3.370470  -3.175126  -3.862126
 -2.074253  -2.680152  -3.862126
 -1.084303  -2.680152  -3.862126
 -0.094354  -2.680152  -3.862126
  0.895596  -2.680152  -3.862126
  1.885545  -2.680152  -3.862126
  2.875495  -2.680152  -3.862126
  3.865444  -2.680152  -3.862126
 -2.569227  -2.185177  -3.862126
 -1.579278  -2.185177  -3.862126
 -0.589328  -2.185177  -3.862126
  0.400621  -2.185177  -3.862126
  1.390571  -2.185177  -3.862126
  2.380520  -2.185177  -3.862126
  3.370470  -2.185177  -3.862126
 -3.064202  -1.690202  -3.862126
 -2.074253  -1.690202  -3.862126
 -1.084303  -1.690202  -3.862126
 -0.094354  -1.690202  -3.862126
  0.895596  -1.690202  -3.862126
  1.885545  -1.690202  -3.862126
  2.875495  -1.690202  -3.862126
  3.865444  -1.690202  -3.862126
 -3.559177  -1.195227  -3.862126
 -2.569227  -1.195227  -3.862126
 -1.579278  -1.195227  -3.862126
 -0.589328  -1.195227  -3.862126
  0.400621  -1.195227  -3.862126
  1.390571  -1.195227  -3.862126
  2.380520  -1.195227  -3.862126
  3.370470  -1.195227  -3.862126
 -3.064202  -0.700253  -3.862126
 -2.074253  -0.700253  -3.862126
 -1.084303  -0.700253  -3.862126
 -0.094354  -0.700253  -3.862126
  0.895596  -0.700253  -3.862126
  1.885545  -0.700253  -3.862126
  2.875495  -0.700253  -3.862126
  3.865444  -0.700253  -3.862126
 -3.559177  -0.205278  -3.862126
 -2.569227  -0.205278  -3.862126
 -1.579278  -0.205278  -3.862126
 -0.589328  -0.205278  -3.862126
  0.400621  -0.205278  -3.862126
  1.390571  -0.205278  -3.862126
  2.380520  -0.205278  -3.862126
  3.370470  -0.205278  -3.862126
 -3.064202   0.289697  -3.862126
 -2.074253   0.289697  -3.862126
 -1.084303   0.289697  -3.862126
 -0.094354   0.289697  -3.862126
  0.895596   0.289697  -3.862126
  1.885545   0.289697  -3.862126
  2.875495   0.289697  -3.862126
 -3.559177   0.784672  -3.862126
 -2.569227   0.784672  -3.862126
 -1.579278   0.784672  -3.862126
 -0.589328   0.784672  -3.862126
  0.400621   0.784672  -3.862126
  1.390571   0.784672  -3.862126
  2.380520   0.784672  -3.862126
  3.370470   0.784672  -3.862126
 -3.064202   1.279646  -3.862126
 -2.074253   1.279646  -3.862126
 -1.084303   1.279646  -3.862126
 -0.094354   1.279646  -3.862126
  0.895596   1.279646  -3.862126
  1.885545   1.279646  -3.862126
  2.875495   1.279646  -3.862126
 -2.569227   1.774621  -3.862126
 -1.579278   1.774621  -3.862126
 -0.589328   1.774621  -3.862126
  0.400621   1.774621  -3.862126
  1.390571   1.774621  -3.862126
  2.380520   1.774621  -3.862126
 -2.074253   2.269596  -3.862126
 -1.084303   2.269596  -3.862126
 -0.094354   2.269596  -3.862126
  0.895596   2.269596  -3.862126
  1.885545   2.269596  -3.862126
 -1.579278   2.764571  -3.862126
 -0.589328   2.764571  -3.862126
  0.400621   2.764571  -3.862126
  1.390571   2.764571  -3.862126
 -1.084303   3.259545  -3.862126
 -0.094354   3.259545  -3.862126
  0.895596   3.259545  -3.862126
 -0.094354  -5.155025  -3.367151
  0.895596  -5.155025  -3.367151
 -1.579278  -4.660051  -3.367151
 -0.589328  -4.660051  -3.367151
  0.400621  -4.660051  -3.367151
  1.390571  -4.660051  -3.367151
  2.380520  -4.660051  -3.367151
 -2.074253  -4.165076  -3.367151
 -1.084303  -4.165076  -3.367151
 -0.094354  -4.165076  -3.367151
  0.895596  -4.165076  -3.367151
  1.885545  -4.165076  -3.367151
  2.875495  -4.165076  -3.367151
 -2.569227  -3.670101  -3.367151
 -1.579278  -3.670101  -3.367151
 -0.589328  -3.670101  -3.367151
  0.400621  -3.670101  -3.367151
  1.390571  -3.670101  -3.367151
  2.380520  -3.670101  -3.367151
  3.370470  -3.670101  -3.367151
 -2.074253  -3.175126  -3.367151
 -1.084303  -3.175126  -3.367151
 -0.094354  -3.175126  -3.367151
  0.895596  -3.175126  -3.367151
  1.885545  -3.175126  -3.367151
  2.875495  -3.175126  -3.367151
  3.865444  -3.175126  -3.367151
 -3.559177  -2.680152  -3.367151
 -2.569227  -2.680152  -3.367151
 -1.579278  -2.680152  -3.367151
 -0.589328  -2.680152  -3.367151
  0.400621  -2.680152  -3.367151
  1.390571  -2.680152  -3.367151
  2.380520  -2.680152  -3.367151
  3.370470  -2.680152  -3.367151
  4.360419  -2.680152  -3.367151
 -4.054152  -2.185177  -3.367151
 -3.064202  -2.185177  -3.367151
 -2.074253  -2.185177  -3.367151
 -1.084303  -2.185177  -3.367151
 -0.094354  -2.185177  -3.367151
  1.885545  -2.185177  -3.367151
  2.875495  -2.185177  -3.367151
  3.865444  -2.185177  -3.367151
 -3.559177  -1.690202  -3.367151
 -2.569227  -1.690202  -3.367151
 -1.579278  -1.690202  -3.367151
 -0.589328  -1.690202  -3.367151
  2.380520  -1.690202  -3.367151
  3.370470  -1.690202  -3.367151
  4.360419  -1.690202  -3.367151
 -4.054152  -1.195227  -3.367151
 -3.064202  -1.195227  -3.367151
 -2.074253  -1.195227  -3.367151
 -1.084303  -1.195227  -3.367151
 -0.094354  -1.195227  -3.367151
  0.895596  -1.195227  -3.367151
  1.885545  -1.195227  -3.367151
  2.875495  -1.195227  -3.367151
  3.865444  -1.195227  -3.367151
 -4.549126  -0.700253  -3.367151
 -3.559177  -0.700253  -3.367151
 -2.569227  -0.700253  -3.367151
  1.390571  -0.700253  -3.367151
  2.380520  -0.700253  -3.367151
  3.370470  -0.700253  -3.367151
  4.360419  -0.700253  -3.367151
 -4.054152  -0.205278  -3.367151
 -3.064202  -0.205278  -3.367151
 -2.074253  -0.205278  -3.367151
  1.885545  -0.205278  -3.367151
  2.875495  -0.205278  -3.367151
  3.865444  -0.205278  -3.367151
 -3.559177   0.289697  -3.367151
 -2.569227   0.289697  -3.367151
  1.390571   0.289697  -3.367151
  2.380520   0.289697  -3.367151
  3.370470   0.289697  -3.367151
 -4.054152   0.784672  -3.367151
 -3.064202   0.784672  -3.367151
 -2.074253   0.784672  -3.367151
 -1.084303   0.784672  -3.367151
  1.885545   0.784672  -3.367151
  2.875495   0.784672  -3.367151
  3.865444   0.784672  -3.367151
 -3.559177   1.279646  -3.367151
 -2.569227   1.279646  -3.367151
 -1.579278   1.279646  -3.367151
 -0.589328   1.279646  -3.367151
  0.400621   1.279646  -3.367151
  1.390571   1.279646  -3.367151
  2.380520   1.279646  -3.367151
  3.370470   1.279646  -3.367151
 -3.064202   1.774621  -3.367151
 -2.074253   1.774621  -3.367151
 -1.084303   1.774621  -3.367151
 -0.094354   1.774621  -3.367151
  0.895596   1.774621  -3.367151
  1.885545   1.774621  -3.367151
  2.875495   1.774621  -3.367151
 -2.569227   2.269596  -3.367151
 -1.579278   2.269596  -3.367151
 -0.589328   2.269596  -3.367151
  0.400621   2.269596  -3.367151
  1.390571   2.269596  -3.367151
  2.380520   2.269596  -3.367151
 -2.074253   2.764571  -3.367151
 -1.084303   2.764571  -3.367151
 -0.094354   2.764571  -3.367151
  0.895596   2.764571  -3.367151
  1.885545   2.764571  -3.367151
 -1.579278   3.259545  -3.367151
 -0.589328   3.259545  -3.367151
  0.400621   3.259545  -3.367151
  1.390571   3.259545  -3.367151
 -0.589328  -5.155025  -2.872177
  0.400621  -5.155025  -2.872177
  1.390571  -5.155025  -2.872177
 -2.074253  -4.660051  -2.872177
 -1.084303  -4.660051  -2.872177
 -0.094354  -4.660051  -2.872177
  0.895596  -4.660051  -2.872177
  1.885545  -4.660051  -2.872177
  2.875495  -4.660051  -2.872177
 -2.569227  -4.165076  -2.872177
 -1.579278  -4.165076  -2.872177
 -0.589328  -4.165076  -2.872177
  0.400621  -4.165076  -2.872177
  1.390571  -4.165076  -2.872177
  2.380520  -4.165076  -2.872177
  3.370470  -4.165076  -2.872177
 -2.074253  -3.670101  -2.872177
 -1.084303  -3.670101  -2.872177
 -0.094354  -3.670101  -2.872177
  0.895596  -3.670101  -2.872177
  1.885545  -3.670101  -2.872177
  2.875495  -3.670101  -2.872177
  3.865444  -3.670101  -2.872177
 -3.559177  -3.175126  -2.872177
 -2.569227  -3.175126  -2.872177
 -1.579278  -3.175126  -2.872177
 -0.589328  -3.175126  -2.872177
  0.400621  -3.175126  -2.872177
  1.390571  -3.175126  -2.872177
  2.380520  -3.175126  -2.872177
  3.370470  -3.175126  -2.872177
  4.360419  -3.175126  -2.872177
 -4.054152  -2.680152  -2.872177
 -3.064202  -2.680152  -2.872177
 -2.074253  -2.680152  -2.872177
 -1.084303  -2.680152  -2.872177
 -0.094354  -2.680152  -2.872177
  1.885545  -2.680152  -2.872177
  2.875495  -2.680152  -2.872177
  3.865444  -2.680152  -2.872177
 -4.549126  -2.185177  -2.872177
 -3.559177  -2.185177  -2.872177
 -2.569227  -2.185177  -2.872177
 -1.579278  -2.185177  -2.872177
 -0.589328  -2.185177  -2.872177
  2.380520  -2.185177  -2.872177
  3.370470  -2.185177  -2.872177
  4.360419  -2.185177  -2.872177
 -4.054152  -1.690202  -2.872177
 -3.064202  -1.690202  -2.872177
 -2.074253  -1.690202  -2.872177
 -1.084303  -1.690202  -2.872177
  1.885545  -1.690202  -2.872177
  2.875495  -1.690202  -2.872177
  3.865444  -1.690202  -2.872177
  4.855394  -1.690202  -2.872177
 -4.549126  -1.195227  -2.872177
 -3.559177  -1.195227  -2.872177
 -2.569227  -1.195227  -2.872177
 -1.579278  -1.195227  -2.872177
  1.390571  -1.195227  -2.872177
  2.380520  -1.195227  -2.872177
  3.370470  -1.195227  -2.872177
  4.360419  -1.195227  -2.872177
 -5.044101  -0.700253  -2.872177
 -4.054152  -0.700253  -2.872177
 -3.064202  -0.700253  -2.872177
 -2.074253  -0.700253  -2.872177
  1.885545  -0.700253  -2.872177
  2.875495  -0.700253  -2.872177
  3.865444  -0.700253  -2.872177
  4.855394  -0.700253  -2.872177
 -4.549126  -0.205278  -2.872177
 -3.559177  -0.205278  -2.872177
 -2.569227  -0.205278  -2.872177
  1.390571  -0.205278  -2.872177
  2.380520  -0.205278  -2.872177
  3.370470  -0.205278  -2.872177
  4.360419  -0.205278  -2.872177
 -4.054152   0.289697  -2.872177
 -3.064202   0.289697  -2.872177
 -2.074253   0.289697  -2.872177
  1.885545   0.289697  -2.872177
  2.875495   0.289697  -2.872177
  3.865444   0.289697  -2.872177
 -4.549126   0.784672  -2.872177
 -3.559177   0.784672  -2.872177
 -2.569227   0.784672  -2.872177
 -1.579278   0.784672  -2.872177
  1.390571   0.784672  -2.872177
  2.380520   0.784672  -2.872177
  3.370470   0.784672  -2.872177
 -4.054152   1.279646  -2.872177
 -3.064202   1.279646  -2.872177
 -2.074253   1.279646  -2.872177
 -1.084303   1.279646  -2.872177
 -0.094354   1.279646  -2.872177
  0.895596   1.279646  -2.872177
  1.885545   1.279646  -2.872177
  2.875495   1.279646  -2.872177
  3.865444   1.279646  -2.872177
 -3.559177   1.774621  -2.872177
 -2.569227   1.774621  -2.872177
 -1.579278   1.774621  -2.872177
 -0.589328   1.774621  -2.872177
  0.400621   1.774621  -2.872177
  1.390571   1.774621  -2.872177
  2.380520   1.774621  -2.872177
 -3.064202   2.269596  -2.872177
 -2.074253   2.269596  -2.872177
 -1.084303   2.269596  -2.872177
 -0.094354   2.269596  -2.872177
  0.895596   2.269596  -2.872177
  1.885545   2.269596  -2.872177
  2.875495   2.269596  -2.872177
 -2.569227   2.764571  -2.872177
 -1.579278   2.764571  -2.872177
 -0.589328   2.764571  -2.872177
  0.400621   2.764571  -2.872177
  1.390571   2.764571  -2.872177
  2.380520   2.764571  -2.872177
 -2.074253   3.259545  -2.872177
 -1.084303   3.259545  -2.872177
 -0.094354   3.259545  -2.872177
  0.895596   3.259545  -2.872177
  1.885545   3.259545  -2.872177
 -0.589328   3.754520  -2.872177
  0.400621   3.754520  -2.872177
 -1.084303  -5.155025  -2.377202
 -0.094354  -5.155025  -2.377202
  0.895596  -5.155025  -2.377202
  1.885545  -5.155025  -2.377202
 -1.579278  -4.660051  -2.377202
 -0.589328  -4.660051  -2.377202
  0.400621  -4.660051  -2.377202
  1.390571  -4.660051  -2.377202
  2.380520  -4.660051  -2.377202
 -2.074253  -4.165076  -2.377202
 -1.084303  -4.165076  -2.377202
 -0.094354  -4.165076  -2.377202
  0.895596  -4.165076  -2.377202
  1.885545  -4.165076  -2.377202
  2.875495  -4.165076  -2.377202
  3.865444  -4.165076  -2.377202
 -2.569227  -3.670101  -2.377202
 -1.579278  -3.670101  -2.377202
 -0.589328  -3.670101  -2.377202
  0.400621  -3.670101  -2.377202
  1.390571  -3.670101  -2.377202
  2.380520  -3.670101  -2.377202
  3.370470  -3.670101  -2.377202
  4.360419  -3.670101  -2.377202
 -4.054152  -3.175126  -2.377202
 -3.064202  -3.175126  -2.377202
 -2.074253  -3.175126  -2.377202
 -1.084303  -3.175126  -2.377202
 -0.094354  -3.175126  -2.377202
  0.895596  -3.175126  -2.377202
  1.885545  -3.175126  -2.377202
  2.875495  -3.175126  -2.377202
  3.865444  -3.175126  -2.377202
 -4.549126  -2.680152  -2.377202
 -3.559177  -2.680152  -2.377202
 -2.569227  -2.680152  -2.377202
 -1.579278  -2.680152  -2.377202
  2.380520  -2.680152  -2.377202
  3.370470  -2.680152  -2.377202
  4.360419  -2.680152  -2.377202
 -5.044101  -2.185177  -2.377202
 -4.054152  -2.185177  -2.377202
 -3.064202  -2.185177  -2.377202
 -2.074253  -2.185177  -2.377202
 -1.084303  -2.185177  -2.377202
  1.885545  -2.185177  -2.377202
  2.875495  -2.185177  -2.377202
  3.865444  -2.185177  -2.377202
  4.855394  -2.185177  -2.377202
 -4.549126  -1.690202  -2.377202
 -3.559177  -1.690202  -2.377202
 -2.569227  -1.690202  -2.377202
 -1.579278  -1.690202  -2.377202
  2.380520  -1.690202  -2.377202
  3.370470  -1.690202  -2.377202
  4.360419  -1.690202  -2.377202
 -5.044101  -1.195227  -2.377202
 -4.054152  -1.195227  -2.377202
 -3.064202  -1.195227  -2.377202
 -2.074253  -1.195227  -2.377202
  1.885545  -1.195227  -2.377202
  2.875495  -1.195227  -2.377202
  3.865444  -1.195227  -2.377202
  4.855394  -1.195227  -2.377202
 -4.549126  -0.700253  -2.377202
 -3.559177  -0.700253  -2.377202
 -2.569227  -0.700253  -2.377202
  2.380520  -0.700253  -2.377202
  3.370470  -0.700253  -2.377202
  4.360419  -0.700253  -2.377202
 -5.044101  -0.205278  -2.377202
 -4.054152  -0.205278  -2.377202
 -3.064202  -0.205278  -2.377202
 -2.074253  -0.205278  -2.377202
  1.885545  -0.205278  -2.377202
  2.875495  -0.205278  -2.377202
  3.865444  -0.205278  -2.377202
  4.855394  -0.205278  -2.377202
 -4.549126   0.289697  -2.377202
 -3.559177   0.289697  -2.377202
 -2.569227   0.289697  -2.377202
  1.390571   0.289697  -2.377202
  2.380520   0.289697  -2.377202
  3.370470   0.289697  -2.377202
  4.360419   0.289697  -2.377202
 -5.044101   0.784672  -2.377202
 -4.054152   0.784672  -2.377202
 -3.064202   0.784672  -2.377202
 -2.074253   0.784672  -2.377202
  1.885545   0.784672  -2.377202
  2.875495   0.784672  -2.377202
  3.865444   0.784672  -2.377202
 -4.549126   1.279646  -2.377202
 -3.559177   1.279646  -2.377202
 -2.569227   1.279646  -2.377202
 -1.579278   1.279646  -2.377202
 -0.589328   1.279646  -2.377202
  0.400621   1.279646  -2.377202
  1.390571   1.279646  -2.377202
  2.380520   1.279646  -2.377202
  3.370470   1.279646  -2.377202
 -4.054152   1.774621  -2.377202
 -3.064202   1.774621  -2.377202
 -2.074253   1.774621  -2.377202
 -1.084303   1.774621  -2.377202
 -0.094354   1.774621  -2.377202
  0.895596   1.774621  -2.377202
  1.885545   1.774621  -2.377202
  2.875495   1.774621  -2.377202
 -3.559177   2.269596  -2.377202
 -2.569227   2.269596  -2.377202
 -1.579278   2.269596  -2.377202
 -0.589328   2.269596  -2.377202
  0.400621   2.269596  -2.377202
  1.390571   2.269596  -2.377202
  2.380520   2.269596  -2.377202
 -3.064202   2.764571  -2.377202
 -2.074253   2.764571  -2.377202
 -1.084303   2.764571  -2.377202
 -0.094354   2.764571  -2.377202
  0.895596   2.764571  -2.377202
  1.885545   2.764571  -2.377202
 -2.569227   3.259545  -2.377202
 -1.579278   3.259545  -2.377202
 -0.589328   3.259545  -2.377202
  0.400621   3.259545  -2.377202
  1.390571   3.259545  -2.377202
 -2.074253   3.754520  -2.377202
 -1.084303   3.754520  -2.377202
 -0.094354   3.754520  -2.377202
  0.895596   3.754520  -2.377202
 -0.589328  -5.155025  -1.882227
  0.400621  -5.155025  -1.882227
  1.390571  -5.155025  -1.882227
 -2.074253  -4.660051  -1.882227
 -1.084303  -4.660051  -1.882227
 -0.094354  -4.660051  -1.882227
  0.895596  -4.660051  -1.882227
  1.885545  -4.660051  -1.882227
  2.875495  -4.660051  -1.882227
 -2.569227  -4.165076  -1.882227
 -1.579278  -4.165076  -1.882227
 -0.589328  -4.165076  -1.882227
  0.400621  -4.165076  -1.882227
  1.390571  -4.165076  -1.882227
  2.380520  -4.165076  -1.882227
  3.370470  -4.165076  -1.882227
 -3.064202  -3.670101  -1.882227
 -2.074253  -3.670101  -1.882227
 -1.084303  -3.670101  -1.882227
 -0.094354  -3.670101  -1.882227
  0.895596  -3.670101  -1.882227
  1.885545  -3.670101  -1.882227
  2.875495  -3.670101  -1.882227
  3.865444  -3.670101  -1.882227
 -4.549126  -3.175126  -1.882227
 -3.559177  -3.175126  -1.882227
 -2.569227  -3.175126  -1.882227
 -1.579278  -3.175126  -1.882227
 -0.589328  -3.175126  -1.882227
  0.400621  -3.175126  -1.882227
  1.390571  -3.175126  -1.882227
  2.380520  -3.175126  -1.882227
  3.370470  -3.175126  -1.882227
  4.360419  -3.175126  -1.882227
 -5.044101  -2.680152  -1.882227
 -4.054152  -2.680152  -1.882227
 -3.064202  -2.680152  -1.882227
 -2.074253  -2.680152  -1.882227
  1.885545  -2.680152  -1.882227
  2.875495  -2.680152  -1.882227
  3.865444  -2.680152  -1.882227
  4.855394  -2.680152  -1.882227
 -4.549126  -2.185177  -1.882227
 -3.559177  -2.185177  -1.882227
 -2.569227  -2.185177  -1.882227
 -1.579278  -2.185177  -1.882227
  2.380520  -2.185177  -1.882227
  3.370470  -2.185177  -1.882227
  4.360419  -2.185177  -1.882227
 -5.044101  -1.690202  -1.882227
 -4.054152  -1.690202  -1.882227
 -3.064202  -1.690202  -1.882227
 -2.074253  -1.690202  -1.882227
  2.875495  -1.690202  -1.882227
  3.865444  -1.690202  -1.882227
  4.855394  -1.690202  -1.882227
 -5.539076  -1.195227  -1.882227
 -4.549126  -1.195227  -1.882227
 -3.559177  -1.195227  -1.882227
 -2.569227  -1.195227  -1.882227
 -1.579278  -1.195227  -1.882227
  3.370470  -1.195227  -1.882227
  4.360419  -1.195227  -1.882227
  5.350369  -1.195227  -1.882227
 -5.044101  -0.700253  -1.882227
 -4.054152  -0.700253  -1.882227
 -3.064202  -0.700253  -1.882227
 -2.074253  -0.700253  -1.882227
  3.865444  -0.700253  -1.882227
  4.855394  -0.700253  -1.882227
 -5.539076  -0.205278  -1.882227
 -4.549126  -0.205278  -1.882227
 -3.559177  -0.205278  -1.882227
 -2.569227  -0.205278  -1.882227
 -1.579278  -0.205278  -1.882227
  1.390571  -0.205278  -1.882227
  2.380520  -0.205278  -1.882227
  3.370470  -0.205278  -1.882227
  4.360419  -0.205278  -1.882227
 -5.044101   0.289697  -1.882227
 -4.054152   0.289697  -1.882227
 -3.064202   0.289697  -1.882227
 -2.074253   0.289697  -1.882227
  1.885545   0.289697  -1.882227
  2.875495   0.289697  -1.882227
  3.865444   0.289697  -1.882227
  4.855394   0.289697  -1.882227
 -4.549126   0.784672  -1.882227
 -3.559177   0.784672  -1.882227
 -2.569227   0.784672  -1.882227
 -1.579278   0.784672  -1.882227
  1.390571   0.784672  -1.882227
  2.380520   0.784672  -1.882227
  3.370470   0.784672  -1.882227
  4.360419   0.784672  -1.882227
 -5.044101   1.279646  -1.882227
 -4.054152   1.279646  -1.882227
 -3.064202   1.279646  -1.882227
 -2.074253   1.279646  -1.882227
 -1.084303   1.279646  -1.882227
  0.895596   1.279646  -1.882227
  1.885545   1.279646  -1.882227
  2.875495   1.279646  -1.882227
  3.865444   1.279646  -1.882227
 -4.549126   1.774621  -1.882227
 -3.559177   1.774621  -1.882227
 -2.569227   1.774621  -1.882227
 -1.579278   1.774621  -1.882227
 -0.589328   1.774621  -1.882227
  0.400621   1.774621  -1.882227
  1.390571   1.774621  -1.882227
  2.380520   1.774621  -1.882227
  3.370470   1.774621  -1.882227
 -4.054152   2.269596  -1.882227
 -3.064202   2.269596  -1.882227
 -2.074253   2.269596  -1.882227
 -1.084303   2.269596  -1.882227
 -0.094354   2.269596  -1.882227
  0.895596   2.269596  -1.882227
  1.885545   2.269596  -1.882227
  2.875495   2.269596  -1.882227
  3.865444   2.269596  -1.882227
 -3.559177   2.764571  -1.882227
 -2.569227   2.764571  -1.882227
 -1.579278   2.764571  -1.882227
 -0.589328   2.764571  -1.882227
  0.400621   2.764571  -1.882227
  1.390571   2.764571  -1.882227
  2.380520   2.764571  -1.882227
  3.370470   2.764571  -1.882227
 -3.064202   3.259545  -1.882227
 -2.074253   3.259545  -1.882227
 -1.084303   3.259545  -1.882227
 -0.094354   3.259545  -1.882227
  0.895596   3.259545  -1.882227
  1.885545   3.259545  -1.882227
 -1.579278   3.754520  -1.882227
 -0.589328   3.754520  -1.882227
  0.400621   3.754520  -1.882227
  1.390571   3.754520  -1.882227
 -1.084303   4.249495  -1.882227
 -0.094354   4.249495  -1.882227
 -1.084303  -5.155025  -1.387253
 -0.094354  -5.155025  -1.387253
  0.895596  -5.155025  -1.387253
  1.885545  -5.155025  -1.387253
 -1.579278  -4.660051  -1.387253
 -0.589328  -4.660051  -1.387253
  0.400621  -4.660051  -1.387253
  1.390571  -4.660051  -1.387253
  2.380520  -4.660051  -1.387253
  3.370470  -4.660051  -1.387253
 -3.064202  -4.165076  -1.387253
 -2.074253  -4.165076  -1.387253
 -1.084303  -4.165076  -1.387253
 -0.094354  -4.165076  -1.387253
  0.895596  -4.165076  -1.387253
  1.885545  -4.165076  -1.387253
  2.875495  -4.165076  -1.387253
  3.865444  -4.165076  -1.387253
 -3.559177  -3.670101  -1.387253
 -2.569227  -3.670101  -1.387253
 -1.579278  -3.670101  -1.387253
 -0.589328  -3.670101  -1.387253
  0.400621  -3.670101  -1.387253
  1.390571  -3.670101  -1.387253
  2.380520  -3.670101  -1.387253
  3.370470  -3.670101  -1.387253
  4.360419  -3.670101  -1.387253
 -4.054152  -3.175126  -1.387253
 -3.064202  -3.175126  -1.387253
 -2.074253  -3.175126  -1.387253
 -1.084303  -3.175126  -1.387253
 -0.094354  -3.175126  -1.387253
  0.895596  -3.175126  -1.387253
  1.885545  -3.175126  -1.387253
  2.875495  -3.175126  -1.387253
  3.865444  -3.175126  -1.387253
  4.855394  -3.175126  -1.387253
 -4.549126  -2.680152  -1.387253
 -3.559177  -2.680152  -1.387253
 -2.569227  -2.680152  -1.387253
 -1.579278  -2.680152  -1.387253
  1.390571  -2.680152  -1.387253
  2.380520  -2.680152  -1.387253
  3.370470  -2.680152  -1.387253
  4.360419  -2.680152  -1.387253
 -5.044101  -2.185177  -1.387253
 -4.054152  -2.185177  -1.387253
 -3.064202  -2.185177  -1.387253
 -2.074253  -2.185177  -1.387253
  2.875495  -2.185177  -1.387253
  3.865444  -2.185177  -1.387253
  4.855394  -2.185177  -1.387253
 -5.539076  -1.690202  -1.387253
 -4.549126  -1.690202  -1.387253
 -3.559177  -1.690202  -1.387253
 -2.569227  -1.690202  -1.387253
 -1.579278  -1.690202  -1.387253
  3.370470  -1.690202  -1.387253
  4.360419  -1.690202  -1.387253
  5.350369  -1.690202  -1.387253
 -5.044101  -1.195227  -1.387253
 -4.054152  -1.195227  -1.387253
 -1.084303  -1.195227  -1.387253
  3.865444  -1.195227  -1.387253
  4.855394  -1.195227  -1.387253
 -5.539076  -0.700253  -1.387253
 -4.549126  -0.700253  -1.387253
 -3.559177  -0.700253  -1.387253
  3.370470  -0.700253  -1.387253
  4.360419  -0.700253  -1.387253
  5.350369  -0.700253  -1.387253
 -5.044101  -0.205278  -1.387253
 -4.054152  -0.205278  -1.387253
 -3.064202  -0.205278  -1.387253
  2.875495  -0.205278  -1.387253
  3.865444  -0.205278  -1.387253
  4.855394  -0.205278  -1.387253
 -5.539076   0.289697  -1.387253
 -4.549126   0.289697  -1.387253
 -3.559177   0.289697  -1.387253
 -2.569227   0.289697  -1.387253
  1.390571   0.289697  -1.387253
  2.380520   0.289697  -1.387253
  3.370470   0.289697  -1.387253
  4.360419   0.289697  -1.387253
  5.350369   0.289697  -1.387253
 -5.044101   0.784672  -1.387253
 -4.054152   0.784672  -1.387253
 -3.064202   0.784672  -1.387253
 -2.074253   0.784672  -1.387253
  1.885545   0.784672  -1.387253
  2.875495   0.784672  -1.387253
  3.865444   0.784672  -1.387253
  4.855394   0.784672  -1.387253
 -4.549126   1.279646  -1.387253
 -3.559177   1.279646  -1.387253
 -2.569227   1.279646  -1.387253
 -1.579278   1.279646  -1.387253
  1.390571   1.279646  -1.387253
  2.380520   1.279646  -1.387253
  3.370470   1.279646  -1.387253
  4.360419   1.279646  -1.387253
  5.350369   1.279646  -1.387253
 -5.044101   1.774621  -1.387253
 -4.054152   1.774621  -1.387253
 -3.064202   1.774621  -1.387253
 -2.074253   1.774621  -1.387253
 -1.084303   1.774621  -1.387253
  0.895596   1.774621  -1.387253
  1.885545   1.774621  -1.387253
  2.875495   1.774621  -1.387253
  3.865444   1.774621  -1.387253
  4.855394   1.774621  -1.387253
 -4.549126   2.269596  -1.387253
 -3.559177   2.269596  -1.387253
 -2.569227   2.269596  -1.387253
 -1.579278   2.269596  -1.387253
 -0.589328   2.269596  -1.387253
  0.400621   2.269596  -1.387253
  1.390571   2.269596  -1.387253
  2.380520   2.269596  -1.387253
  3.370470   2.269596  -1.387253
  4.360419   2.269596  -1.387253
 -4.054152   2.764571  -1.387253
 -3.064202   2.764571  -1.387253
 -2.074253   2.764571  -1.387253
 -1.084303   2.764571  -1.387253
 -0.094354   2.764571  -1.387253
  0.895596   2.764571  -1.387253
  1.885545   2.764571  -1.387253
  2.875495   2.764571  -1.387253
  3.865444   2.764571  -1.387253
 -3.559177   3.259545  -1.387253
 -2.569227   3.259545  -1.387253
 -1.579278   3.259545  -1.387253
 -0.589328   3.259545  -1.387253
  0.400621   3.259545  -1.387253
  1.390571   3.259545  -1.387253
  2.380520   3.259545  -1.387253
  3.370470   3.259545  -1.387253
 -2.074253   3.754520  -1.387253
 -1.084303   3.754520  -1.387253
 -0.094354   3.754520  -1.387253
  0.895596   3.754520  -1.387253
  1.885545   3.754520  -1.387253
 -1.579278   4.249495  -1.387253
 -0.589328   4.249495  -1.387253
  0.400621   4.249495  -1.387253
 -0.589328  -5.155025  -0.892278
  0.400621  -5.155025  -0.892278
  1.390571  -5.155025  -0.892278
  2.380520  -5.155025  -0.892278
 -1.084303  -4.660051  -0.892278
 -0.094354  -4.660051  -0.892278
  0.895596  -4.660051  -0.892278
  1.885545  -4.660051  -0.892278
  2.875495  -4.660051  -0.892278
 -2.569227  -4.165076  -0.892278
 -1.579278  -4.165076  -0.892278
 -0.589328  -4.165076  -0.892278
  0.400621  -4.165076  -0.892278
  1.390571  -4.165076  -0.892278
  2.380520  -4.165076  -0.892278
  3.370470  -4.165076  -0.892278
 -4.054152  -3.670101  -0.892278
 -3.064202  -3.670101  -0.892278
 -2.074253  -3.670101  -0.892278
 -1.084303  -3.670101  -0.892278
 -0.094354  -3.670101  -0.892278
  0.895596  -3.670101  -0.892278
  1.885545  -3.670101  -0.892278
  2.875495  -3.670101  -0.892278
  3.865444  -3.670101  -0.892278
 -4.549126  -3.175126  -0.892278
 -3.559177  -3.175126  -0.892278
 -2.569227  -3.175126  -0.892278
 -1.579278  -3.175126  -0.892278
 -0.589328  -3.175126  -0.892278
  0.400621  -3.175126  -0.892278
  1.390571  -3.175126  -0.892278
  2.380520  -3.175126  -0.892278
  3.370470  -3.175126  -0.892278
  4.360419  -3.175126  -0.892278
 -5.044101  -2.680152  -0.892278
 -4.054152  -2.680152  -0.892278
 -3.064202  -2.680152  -0.892278
 -2.074253  -2.680152  -0.892278
 -1.084303  -2.680152  -0.892278
  0.895596  -2.680152  -0.892278
  2.875495  -2.680152  -0.892278
  3.865444  -2.680152  -0.892278
  4.855394  -2.680152  -0.892278
 -5.539076  -2.185177  -0.892278
 -4.549126  -2.185177  -0.892278
 -3.559177  -2.185177  -0.892278
 -2.569227  -2.185177  -0.892278
 -1.579278  -2.185177  -0.892278
  3.370470  -2.185177  -0.892278
  4.360419  -2.185177  -0.892278
  5.350369  -2.185177  -0.892278
 -5.044101  -1.690202  -0.892278
 -4.054152  -1.690202  -0.892278
 -3.064202  -1.690202  -0.892278
 -1.084303  -1.690202  -0.892278
  3.865444  -1.690202  -0.892278
  4.855394  -1.690202  -0.892278
 -5.539076  -1.195227  -0.892278
 -4.549126  -1.195227  -0.892278
 -3.559177  -1.195227  -0.892278
 -0.589328  -1.195227  -0.892278
  3.370470  -1.195227  -0.892278
  4.360419  -1.195227  -0.892278
  5.350369  -1.195227  -0.892278
 -5.044101  -0.700253  -0.892278
 -4.054152  -0.700253  -0.892278
  3.865444  -0.700253  -0.892278
  4.855394  -0.700253  -0.892278
  5.845343  -0.700253  -0.892278
 -5.539076  -0.205278  -0.892278
 -4.549126  -0.205278  -0.892278
 -3.559177  -0.205278  -0.892278
  3.370470  -0.205278  -0.892278
  4.360419  -0.205278  -0.892278
  5.350369  -0.205278  -0.892278
 -5.044101   0.289697  -0.892278
 -4.054152   0.289697  -0.892278
 -3.064202   0.289697  -0.892278
  1.885545   0.289697  -0.892278
  2.875495   0.289697  -0.892278
  3.865444   0.289697  -0.892278
  4.855394   0.289697  -0.892278
  5.845343   0.289697  -0.892278
 -5.539076   0.784672  -0.892278
 -4.549126   0.784672  -0.892278
 -3.559177   0.784672  -0.892278
 -2.569227   0.784672  -0.892278
  1.390571   0.784672  -0.892278
  2.380520   0.784672  -0.892278
  3.370470   0.784672  -0.892278
  4.360419   0.784672  -0.892278
  5.350369   0.784672  -0.892278
 -5.044101   1.279646  -0.892278
 -4.054152   1.279646  -0.892278
 -3.064202   1.279646  -0.892278
 -2.074253   1.279646  -0.892278
  0.895596   1.279646  -0.892278
  1.885545   1.279646  -0.892278
  2.875495   1.279646  -0.892278
  3.865444   1.279646  -0.892278
  4.855394   1.279646  -0.892278
  5.845343   1.279646  -0.892278
 -5.539076   1.774621  -0.892278
 -4.549126   1.774621  -0.892278
 -3.559177   1.774621  -0.892278
 -2.569227   1.774621  -0.892278
 -1.579278   1.774621  -0.892278
  1.390571   1.774621  -0.892278
  2.380520   1.774621  -0.892278
  3.370470   1.774621  -0.892278
  4.360419   1.774621  -0.892278
  5.350369   1.774621  -0.892278
 -5.044101   2.269596  -0.892278
 -4.054152   2.269596  -0.892278
 -3.064202   2.269596  -0.892278
 -2.074253   2.269596  -0.892278
 -1.084303   2.269596  -0.892278
  0.895596   2.269596  -0.892278
  1.885545   2.269596  -0.892278
  2.875495   2.269596  -0.892278
  3.865444   2.269596  -0.892278
  4.855394   2.269596  -0.892278
 -4.549126   2.764571  -0.892278
 -3.559177   2.764571  -0.892278
 -2.569227   2.764571  -0.892278
 -1.579278   2.764571  -0.892278
 -0.589328   2.764571  -0.892278
  0.400621   2.764571  -0.892278
  1.390571   2.764571  -0.892278
  2.380520   2.764571  -0.892278
  3.370470   2.764571  -0.892278
  4.360419   2.764571  -0.892278
 -4.054152   3.259545  -0.892278
 -3.064202   3.259545  -0.892278
 -2.074253   3.259545  -0.892278
 -1.084303   3.259545  -0.892278
 -0.094354   3.259545  -0.892278
  0.895596   3.259545  -0.892278
  1.885545   3.259545  -0.892278
  2.875495   3.259545  -0.892278
  3.865444   3.259545  -0.892278
 -2.569227   3.754520  -0.892278
 -1.579278   3.754520  -0.892278
 -0.589328   3.754520  -0.892278
  0.400621   3.754520  -0.892278
  1.390571   3.754520  -0.892278
  2.380520   3.754520  -0.892278
 -1.084303   4.249495  -0.892278
 -0.094354   4.249495  -0.892278
  0.895596   4.249495  -0.892278
  1.885545   4.249495  -0.892278
 -0.094354  -5.155025  -0.397303
  0.895596  -5.155025  -0.397303
  1.885545  -5.155025  -0.397303
 -1.579278  -4.660051  -0.397303
 -0.589328  -4.660051  -0.397303
  0.400621  -4.660051  -0.397303
  1.390571  -4.660051  -0.397303
  2.380520  -4.660051  -0.397303
  3.370470  -4.660051  -0.397303
 -3.064202  -4.165076  -0.397303
 -2.074253  -4.165076  -0.397303
 -1.084303  -4.165076  -0.397303
 -0.094354  -4.165076  -0.397303
  0.895596  -4.165076  -0.397303
  1.885545  -4.165076  -0.397303
  2.875495  -4.165076  -0.397303
  3.865444  -4.165076  -0.397303
 -3.559177  -3.670101  -0.397303
 -2.569227  -3.670101  -0.397303
 -1.579278  -3.670101  -0.397303
 -0.589328  -3.670101  -0.397303
  0.400621  -3.670101  -0.397303
  1.390571  -3.670101  -0.397303
  2.380520  -3.670101  -0.397303
  3.370470  -3.670101  -0.397303
  4.360419  -3.670101  -0.397303
 -4.054152  -3.175126  -0.397303
 -3.064202  -3.175126  -0.397303
 -2.074253  -3.175126  -0.397303
 -1.084303  -3.175126  -0.397303
 -0.094354  -3.175126  -0.397303
  0.895596  -3.175126  -0.397303
  1.885545  -3.175126  -0.397303
  2.875495  -3.175126  -0.397303
  3.865444  -3.175126  -0.397303
  4.855394  -3.175126  -0.397303
 -4.549126  -2.680152  -0.397303
 -3.559177  -2.680152  -0.397303
 -2.569227  -2.680152  -0.397303
 -1.579278  -2.680152  -0.397303
 -0.589328  -2.680152  -0.397303
  0.400621  -2.680152  -0.397303
  2.380520  -2.680152  -0.397303
  3.370470  -2.680152  -0.397303
  4.360419  -2.680152  -0.397303
 -5.044101  -2.185177  -0.397303
 -4.054152  -2.185177  -0.397303
 -3.064202  -2.185177  -0.397303
 -2.074253  -2.185177  -0.397303
 -1.084303  -2.185177  -0.397303
 -0.094354  -2.185177  -0.397303
  2.875495  -2.185177  -0.397303
  3.865444  -2.185177  -0.397303
  4.855394  -2.185177  -0.397303
 -5.539076  -1.690202  -0.397303
 -4.549126  -1.690202  -0.397303
 -3.559177  -1.690202  -0.397303
 -1.579278  -1.690202  -0.397303
 -0.589328  -1.690202  -0.397303
  3.370470  -1.690202  -0.397303
  4.360419  -1.690202  -0.397303
  5.350369  -1.690202  -0.397303
 -5.044101  -1.195227  -0.397303
 -4.054152  -1.195227  -0.397303
 -1.084303  -1.195227  -0.397303
 -0.094354  -1.195227  -0.397303
  2.875495  -1.195227  -0.397303
  3.865444  -1.195227  -0.397303
  4.855394  -1.195227  -0.397303
  5.845343  -1.195227  -0.397303
 -5.539076  -0.700253  -0.397303
 -4.549126  -0.700253  -0.397303
 -3.559177  -0.700253  -0.397303
  3.370470  -0.700253  -0.397303
  4.360419  -0.700253  -0.397303
  5.350369  -0.700253  -0.397303
  6.340318  -0.700253  -0.397303
 -6.034051  -0.205278  -0.397303
 -5.044101  -0.205278  -0.397303
 -4.054152  -0.205278  -0.397303
  2.875495  -0.205278  -0.397303
  3.865444  -0.205278  -0.397303
  4.855394  -0.205278  -0.397303
  5.845343  -0.205278  -0.397303
 -5.539076   0.289697  -0.397303
 -4.549126   0.289697  -0.397303
 -3.559177   0.289697  -0.397303
  2.380520   0.289697  -0.397303
  3.370470   0.289697  -0.397303
  4.360419   0.289697  -0.397303
  5.350369   0.289697  -0.397303
  6.340318   0.289697  -0.397303
 -6.034051   0.784672  -0.397303
 -5.044101   0.784672  -0.397303
 -4.054152   0.784672  -0.397303
 -3.064202   0.784672  -0.397303
  2.875495   0.784672  -0.397303
  3.865444   0.784672  -0.397303
  4.855394   0.784672  -0.397303
  5.845343   0.784672  -0.397303
 -5.539076   1.279646  -0.397303
 -4.549126   1.279646  -0.397303
 -3.559177   1.279646  -0.397303
 -2.569227   1.279646  -0.397303
  1.390571   1.279646  -0.397303
  2.380520   1.279646  -0.397303
  3.370470   1.279646  -0.397303
  4.360419   1.279646  -0.397303
  5.350369   1.279646  -0.397303
 -6.034051   1.774621  -0.397303
 -5.044101   1.774621  -0.397303
 -4.054152   1.774621  -0.397303
 -3.064202   1.774621  -0.397303
 -2.074253   1.774621  -0.397303
 -1.084303   1.774621  -0.397303
  0.895596   1.774621  -0.397303
  1.885545   1.774621  -0.397303
  2.875495   1.774621  -0.397303
  3.865444   1.774621  -0.397303
  4.855394   1.774621  -0.397303
  5.845343   1.774621  -0.397303
 -5.539076   2.269596  -0.397303
 -4.549126   2.269596  -0.397303
 -3.559177   2.269596  -0.397303
 -2.569227   2.269596  -0.397303
 -1.579278   2.269596  -0.397303
 -0.589328   2.269596  -0.397303
  0.400621   2.269596  -0.397303
  1.390571   2.269596  -0.397303
  2.380520   2.269596  -0.397303
  3.370470   2.269596  -0.397303
  4.360419   2.269596  -0.397303
  5.350369   2.269596  -0.397303
 -5.044101   2.764571  -0.397303
 -4.054152   2.764571  -0.397303
 -3.064202   2.764571  -0.397303
 -2.074253   2.764571  -0.397303
 -1.084303   2.764571  -0.397303
 -0.094354   2.764571  -0.397303
  0.895596   2.764571  -0.397303
  1.885545   2.764571  -0.397303
  2.875495   2.764571  -0.397303
  3.865444   2.764571  -0.397303
  4.855394   2.764571  -0.397303
 -4.549126   3.259545  -0.397303
 -3.559177   3.259545  -0.397303
 -2.569227   3.259545  -0.397303
 -1.579278   3.259545  -0.397303
 -0.589328   3.259545  -0.397303
  0.400621   3.259545  -0.397303
  1.390571   3.259545  -0.397303
  2.380520   3.259545  -0.397303
  3.370470   3.259545  -0.397303
 -4.054152   3.754520  -0.397303
 -3.064202   3.754520  -0.397303
 -2.074253   3.754520  -0.397303
 -1.084303   3.754520  -0.397303
 -0.094354   3.754520  -0.397303
  0.895596   3.754520  -0.397303
  1.885545   3.754520  -0.397303
  2.875495   3.754520  -0.397303
 -1.579278   4.249495  -0.397303
 -0.589328   4.249495  -0.397303
  0.400621   4.249495  -0.397303
  1.390571   4.249495  -0.397303
  2.380520   4.249495  -0.397303
  0.895596   4.744470  -0.397303
  1.390571  -5.155025   0.097672
 -1.084303  -4.660051   0.097672
 -0.094354  -4.660051   0.097672
  0.895596  -4.660051   0.097672
  1.885545  -4.660051   0.097672
  2.875495  -4.660051   0.097672
 -2.569227  -4.165076   0.097672
 -1.579278  -4.165076   0.097672
 -0.589328  -4.165076   0.097672
  0.400621  -4.165076   0.097672
  1.390571  -4.165076   0.097672
  2.380520  -4.165076   0.097672
  3.370470  -4.165076   0.097672
 -4.054152  -3.670101   0.097672
 -3.064202  -3.670101   0.097672
 -2.074253  -3.670101   0.097672
 -1.084303  -3.670101   0.097672
 -0.094354  -3.670101   0.097672
  0.895596  -3.670101   0.097672
  1.885545  -3.670101   0.097672
  2.875495  -3.670101   0.097672
  3.865444  -3.670101   0.097672
 -4.549126  -3.175126   0.097672
 -3.559177  -3.175126   0.097672
 -2.569227  -3.175126   0.097672
 -1.579278  -3.175126   0.097672
 -0.589328  -3.175126   0.097672
  0.400621  -3.175126   0.097672
  1.390571  -3.175126   0.097672
  2.380520  -3.175126   0.097672
  3.370470  -3.175126   0.097672
  4.360419  -3.175126   0.097672
 -5.044101  -2.680152   0.097672
 -4.054152  -2.680152   0.097672
 -3.064202  -2.680152   0.097672
 -2.074253  -2.680152   0.097672
 -1.084303  -2.680152   0.097672
 -0.094354  -2.680152   0.097672
  2.875495  -2.680152   0.097672
  3.865444  -2.680152   0.097672
  4.855394  -2.680152   0.097672
 -5.539076  -2.185177   0.097672
 -4.549126  -2.185177   0.097672
 -3.559177  -2.185177   0.097672
 -2.569227  -2.185177   0.097672
 -1.579278  -2.185177   0.097672
 -0.589328  -2.185177   0.097672
  0.400621  -2.185177   0.097672
  3.370470  -2.185177   0.097672
  4.360419  -2.185177   0.097672
  5.350369  -2.185177   0.097672
 -5.044101  -1.690202   0.097672
 -4.054152  -1.690202   0.097672
 -3.064202  -1.690202   0.097672
 -1.084303  -1.690202   0.097672
 -0.094354  -1.690202   0.097672
  2.875495  -1.690202   0.097672
  3.865444  -1.690202   0.097672
  4.855394  -1.690202   0.097672
  5.845343  -1.690202   0.097672
 -5.539076  -1.195227   0.097672
 -4.549126  -1.195227   0.097672
 -3.559177  -1.195227   0.097672
 -0.589328  -1.195227   0.097672
  3.370470  -1.195227   0.097672
  4.360419  -1.195227   0.097672
  5.350369  -1.195227   0.097672
  6.340318  -1.195227   0.097672
 -6.034051  -0.700253   0.097672
 -5.044101  -0.700253   0.097672
 -4.054152  -0.700253   0.097672
  2.875495  -0.700253   0.097672
  4.855394  -0.700253   0.097672
  5.845343  -0.700253   0.097672
 -6.529025  -0.205278   0.097672
 -5.539076  -0.205278   0.097672
 -4.549126  -0.205278   0.097672
 -3.559177  -0.205278   0.097672
  2.380520  -0.205278   0.097672
  4.360419  -0.205278   0.097672
  5.350369  -0.205278   0.097672
  6.340318  -0.205278   0.097672
 -6.034051   0.289697   0.097672
 -5.044101   0.289697   0.097672
 -4.054152   0.289697   0.097672
 -3.064202   0.289697   0.097672
  4.855394   0.289697   0.097672
  5.845343   0.289697   0.097672
 -6.529025   0.784672   0.097672
 -5.539076   0.784672   0.097672
 -4.549126   0.784672   0.097672
 -3.559177   0.784672   0.097672
  3.370470   0.784672   0.097672
  4.360419   0.784672   0.097672
  5.350369   0.784672   0.097672
  6.340318   0.784672   0.097672
 -6.034051   1.279646   0.097672
 -5.044101   1.279646   0.097672
 -4.054152   1.279646   0.097672
 -3.064202   1.279646   0.097672
  2.875495   1.279646   0.097672
  3.865444   1.279646   0.097672
  4.855394   1.279646   0.097672
  5.845343   1.279646   0.097672
 -5.539076   1.774621   0.097672
 -4.549126   1.774621   0.097672
 -3.559177   1.774621   0.097672
 -2.569227   1.774621   0.097672
 -1.579278   1.774621   0.097672
 -0.589328   1.774621   0.097672
  0.400621   1.774621   0.097672
  1.390571   1.774621   0.097672
  2.380520   1.774621   0.097672
  3.370470   1.774621   0.097672
  4.360419   1.774621   0.097672
  5.350369   1.774621   0.097672
 -6.034051   2.269596   0.097672
 -5.044101   2.269596   0.097672
 -4.054152   2.269596   0.097672
 -3.064202   2.269596   0.097672
 -2.074253   2.269596   0.097672
 -1.084303   2.269596   0.097672
 -0.094354   2.269596   0.097672
  0.895596   2.269596   0.097672
  1.885545   2.269596   0.097672
  2.875495   2.269596   0.097672
  3.865444   2.269596   0.097672
  4.855394   2.269596   0.097672
  5.845343   2.269596   0.097672
 -5.539076   2.764571   0.097672
 -4.549126   2.764571   0.097672
 -3.559177   2.764571   0.097672
 -2.569227   2.764571   0.097672
 -1.579278   2.764571   0.097672
 -0.589328   2.764571   0.097672
  0.400621   2.764571   0.097672
  1.390571   2.764571   0.097672
  2.380520   2.764571   0.097672
  3.370470   2.764571   0.097672
  4.360419   2.764571   0.097672
  5.350369   2.764571   0.097672
 -5.044101   3.259545   0.097672
 -4.054152   3.259545   0.097672
 -3.064202   3.259545   0.097672
 -2.074253   3.259545   0.097672
 -1.084303   3.259545   0.097672
 -0.094354   3.259545   0.097672
  0.895596   3.259545   0.097672
  1.885545   3.259545   0.097672
  2.875495   3.259545   0.097672
  3.865444   3.259545   0.097672
 -4.549126   3.754520   0.097672
 -3.559177   3.754520   0.097672
 -2.569227   3.754520   0.097672
 -1.579278   3.754520   0.097672
 -0.589328   3.754520   0.097672
  0.400621   3.754520   0.097672
  1.390571   3.754520   0.097672
  2.380520   3.754520   0.097672
  3.370470   3.754520   0.097672
 -3.064202   4.249495   0.097672
 -2.074253   4.249495   0.097672
 -1.084303   4.249495   0.097672
 -0.094354   4.249495   0.097672
  0.895596   4.249495   0.097672
  1.885545   4.249495   0.097672
  2.875495   4.249495   0.097672
  0.400621   4.744470   0.097672
  1.390571   4.744470   0.097672
  0.400621  -4.660051   0.592646
  1.390571  -4.660051   0.592646
  2.380520  -4.660051   0.592646
 -2.074253  -4.165076   0.592646
 -1.084303  -4.165076   0.592646
 -0.094354  -4.165076   0.592646
  0.895596  -4.165076   0.592646
  1.885545  -4.165076   0.592646
  2.875495  -4.165076   0.592646
  3.865444  -4.165076   0.592646
 -3.559177  -3.670101   0.592646
 -2.569227  -3.670101   0.592646
 -1.579278  -3.670101   0.592646
 -0.589328  -3.670101   0.592646
  0.400621  -3.670101   0.592646
  1.390571  -3.670101   0.592646
  2.380520  -3.670101   0.592646
  3.370470  -3.670101   0.592646
  4.360419  -3.670101   0.592646
 -4.054152  -3.175126   0.592646
 -3.064202  -3.175126   0.592646
 -2.074253  -3.175126   0.592646
 -1.084303  -3.175126   0.592646
 -0.094354  -3.175126   0.592646
  0.895596  -3.175126   0.592646
  1.885545  -3.175126   0.592646
  2.875495  -3.175126   0.592646
  3.865444  -3.175126   0.592646
  4.855394  -3.175126   0.592646
 -4.549126  -2.680152   0.592646
 -3.559177  -2.680152   0.592646
 -2.569227  -2.680152   0.592646
 -1.579278  -2.680152   0.592646
 -0.589328  -2.680152   0.592646
  0.400621  -2.680152   0.592646
  1.390571  -2.680152   0.592646
  2.380520  -2.680152   0.592646
  3.370470  -2.680152   0.592646
  4.360419  -2.680152   0.592646
  5.350369  -2.680152   0.592646
 -5.044101  -2.185177   0.592646
 -4.054152  -2.185177   0.592646
 -3.064202  -2.185177   0.592646
 -2.074253  -2.185177   0.592646
 -1.084303  -2.185177   0.592646
 -0.094354  -2.185177   0.592646
  0.895596  -2.185177   0.592646
  2.875495  -2.185177   0.592646
  3.865444  -2.185177   0.592646
  4.855394  -2.185177   0.592646
  5.845343  -2.185177   0.592646
 -5.539076  -1.690202   0.592646
 -4.549126  -1.690202   0.592646
 -3.559177  -1.690202   0.592646
 -2.569227  -1.690202   0.592646
 -1.579278  -1.690202   0.592646
 -0.589328  -1.690202   0.592646
  0.400621  -1.690202   0.592646
  2.380520  -1.690202   0.592646
  3.370470  -1.690202   0.592646
  4.360419  -1.690202   0.592646
  5.350369  -1.690202   0.592646
  6.340318  -1.690202   0.592646
 -6.034051  -1.195227   0.592646
 -5.044101  -1.195227   0.592646
 -4.054152  -1.195227   0.592646
 -3.064202  -1.195227   0.592646
 -2.074253  -1.195227   0.592646
 -1.084303  -1.195227   0.592646
 -0.094354  -1.195227   0.592646
  0.895596  -1.195227   0.592646
  1.885545  -1.195227   0.592646
  2.875495  -1.195227   0.592646
  3.865444  -1.195227   0.592646
  4.855394  -1.195227   0.592646
  5.845343  -1.195227   0.592646
 -6.529025  -0.700253   0.592646
 -5.539076  -0.700253   0.592646
 -4.549126  -0.700253   0.592646
 -3.559177  -0.700253   0.592646
 -0.589328  -0.700253   0.592646
  4.360419  -0.700253   0.592646
  5.350369  -0.700253   0.592646
  6.340318  -0.700253   0.592646
 -6.034051  -0.205278   0.592646
 -5.044101  -0.205278   0.592646
 -4.054152  -0.205278   0.592646
 -3.064202  -0.205278   0.592646
 -0.094354  -0.205278   0.592646
  4.855394  -0.205278   0.592646
  5.845343  -0.205278   0.592646
 -6.529025   0.289697   0.592646
 -5.539076   0.289697   0.592646
 -4.549126   0.289697   0.592646
  5.350369   0.289697   0.592646
  6.340318   0.289697   0.592646
 -6.034051   0.784672   0.592646
 -5.044101   0.784672   0.592646
 -0.094354   0.784672   0.592646
  4.855394   0.784672   0.592646
  5.845343   0.784672   0.592646
 -6.529025   1.279646   0.592646
 -5.539076   1.279646   0.592646
 -4.549126   1.279646   0.592646
 -3.559177   1.279646   0.592646
  3.370470   1.279646   0.592646
  4.360419   1.279646   0.592646
  5.350369   1.279646   0.592646
  6.340318   1.279646   0.592646
 -6.034051   1.774621   0.592646
 -5.044101   1.774621   0.592646
 -4.054152   1.774621   0.592646
 -3.064202   1.774621   0.592646
 -0.094354   1.774621   0.592646
  2.875495   1.774621   0.592646
  3.865444   1.774621   0.592646
  4.855394   1.774621   0.592646
  5.845343   1.774621   0.592646
 -5.539076   2.269596   0.592646
 -4.549126   2.269596   0.592646
 -3.559177   2.269596   0.592646
 -2.569227   2.269596   0.592646
 -1.579278   2.269596   0.592646
 -0.589328   2.269596   0.592646
  2.380520   2.269596   0.592646
  3.370470   2.269596   0.592646
  4.360419   2.269596   0.592646
  5.350369   2.269596   0.592646
 -6.034051   2.764571   0.592646
 -5.044101   2.764571   0.592646
 -4.054152   2.764571   0.592646
 -3.064202   2.764571   0.592646
 -2.074253   2.764571   0.592646
 -1.084303   2.764571   0.592646
 -0.094354   2.764571   0.592646
  0.895596   2.764571   0.592646
  1.885545   2.764571   0.592646
  2.875495   2.764571   0.592646
  3.865444   2.764571   0.592646
  4.855394   2.764571   0.592646
 -5.539076   3.259545   0.592646
 -4.549126   3.259545   0.592646
 -3.559177   3.259545   0.592646
 -2.569227   3.259545   0.592646
 -1.579278   3.259545   0.592646
 -0.589328   3.259545   0.592646
  0.400621   3.259545   0.592646
  1.390571   3.259545   0.592646
  2.380520   3.259545   0.592646
  3.370470   3.259545   0.592646
  4.360419   3.259545   0.592646
 -5.044101   3.754520   0.592646
 -4.054152   3.754520   0.592646
 -3.064202   3.754520   0.592646
 -2.074253   3.754520   0.592646
 -1.084303   3.754520   0.592646
 -0.094354   3.754520   0.592646
  0.895596   3.754520   0.592646
  1.885545   3.754520   0.592646
  2.875495   3.754520   0.592646
  3.865444   3.754520   0.592646
 -3.559177   4.249495   0.592646
 -2.569227   4.249495   0.592646
 -1.579278   4.249495   0.592646
 -0.589328   4.249495   0.592646
  0.400621   4.249495   0.592646
  1.390571   4.249495   0.592646
  2.380520   4.249495   0.592646
 -0.094354   4.744470   0.592646
  0.895596   4.744470   0.592646
  1.885545   4.744470   0.592646
  0.895596  -4.660051   1.087621
  1.885545  -4.660051   1.087621
 -0.589328  -4.165076   1.087621
  0.400621  -4.165076   1.087621
  1.390571  -4.165076   1.087621
  2.380520  -4.165076   1.087621
  3.370470  -4.165076   1.087621
 -3.064202  -3.670101   1.087621
 -2.074253  -3.670101   1.087621
 -1.084303  -3.670101   1.087621
 -0.094354  -3.670101   1.087621
  0.895596  -3.670101   1.087621
  1.885545  -3.670101   1.087621
  2.875495  -3.670101   1.087621
  3.865444  -3.670101   1.087621
 -3.559177  -3.175126   1.087621
 -2.569227  -3.175126   1.087621
 -1.579278  -3.175126   1.087621
 -0.589328  -3.175126   1.087621
  0.400621  -3.175126   1.087621
  1.390571  -3.175126   1.087621
  2.380520  -3.175126   1.087621
  3.370470  -3.175126   1.087621
  4.360419  -3.175126   1.087621
  5.350369  -3.175126   1.087621
 -5.044101  -2.680152   1.087621
 -4.054152  -2.680152   1.087621
 -3.064202  -2.680152   1.087621
 -2.074253  -2.680152   1.087621
 -1.084303  -2.680152   1.087621
 -0.094354  -2.680152   1.087621
  0.895596  -2.680152   1.087621
  1.885545  -2.680152   1.087621
  2.875495  -2.680152   1.087621
  3.865444  -2.680152   1.087621
  4.855394  -2.680152   1.087621
  5.845343  -2.680152   1.087621
 -5.539076  -2.185177   1.087621
 -4.549126  -2.185177   1.087621
 -3.559177  -2.185177   1.087621
 -2.569227  -2.185177   1.087621
 -1.579278  -2.185177   1.087621
 -0.589328  -2.185177   1.087621
  0.400621  -2.185177   1.087621
  1.390571  -2.185177   1.087621
  2.380520  -2.185177   1.087621
  3.370470  -2.185177   1.087621
  4.360419  -2.185177   1.087621
  5.350369  -2.185177   1.087621
 -6.034051  -1.690202   1.087621
 -5.044101  -1.690202   1.087621
 -4.054152  -1.690202   1.087621
 -3.064202  -1.690202   1.087621
 -2.074253  -1.690202   1.087621
 -1.084303  -1.690202   1.087621
 -0.094354  -1.690202   1.087621
  0.895596  -1.690202   1.087621
  1.885545  -1.690202   1.087621
  3.865444  -1.690202   1.087621
  4.855394  -1.690202   1.087621
  5.845343  -1.690202   1.087621
 -6.529025  -1.195227   1.087621
 -5.539076  -1.195227   1.087621
 -4.549126  -1.195227   1.087621
 -3.559177  -1.195227   1.087621
 -2.569227  -1.195227   1.087621
 -1.579278  -1.195227   1.087621
 -0.589328  -1.195227   1.087621
  0.400621  -1.195227   1.087621
  1.390571  -1.195227   1.087621
  4.360419  -1.195227   1.087621
  5.350369  -1.195227   1.087621
  6.340318  -1.195227   1.087621
 -6.034051  -0.700253   1.087621
 -5.044101  -0.700253   1.087621
 -4.054152  -0.700253   1.087621
 -3.064202  -0.700253   1.087621
 -2.074253  -0.700253   1.087621
 -1.084303  -0.700253   1.087621
 -0.094354  -0.700253   1.087621
  0.895596  -0.700253   1.087621
  4.855394  -0.700253   1.087621
  5.845343  -0.700253   1.087621
 -6.529025  -0.205278   1.087621
 -5.539076  -0.205278   1.087621
 -4.549126  -0.205278   1.087621
 -0.589328  -0.205278   1.087621
  5.350369  -0.205278   1.087621
  6.340318  -0.205278   1.087621
 -6.034051   0.289697   1.087621
 -5.044101   0.289697   1.087621
 -0.094354   0.289697   1.087621
  4.855394   0.289697   1.087621
  5.845343   0.289697   1.087621
 -6.529025   0.784672   1.087621
 -5.539076   0.784672   1.087621
  4.360419   0.784672   1.087621
  5.350369   0.784672   1.087621
  6.340318   0.784672   1.087621
 -6.034051   1.279646   1.087621
 -5.044101   1.279646   1.087621
  2.875495   1.279646   1.087621
  3.865444   1.279646   1.087621
  4.855394   1.279646   1.087621
  5.845343   1.279646   1.087621
 -6.529025   1.774621   1.087621
 -5.539076   1.774621   1.087621
 -4.549126   1.774621   1.087621
 -3.559177   1.774621   1.087621
  2.380520   1.774621   1.087621
  3.370470   1.774621   1.087621
  4.360419   1.774621   1.087621
  5.350369   1.774621   1.087621
  6.340318   1.774621   1.087621
 -6.034051   2.269596   1.087621
 -5.044101   2.269596   1.087621
 -4.054152   2.269596   1.087621
 -3.064202   2.269596   1.087621
 -2.074253   2.269596   1.087621
 -0.094354   2.269596   1.087621
  2.875495   2.269596   1.087621
  3.865444   2.269596   1.087621
  4.855394   2.269596   1.087621
  5.845343   2.269596   1.087621
 -5.539076   2.764571   1.087621
 -4.549126   2.764571   1.087621
 -3.559177   2.764571   1.087621
 -2.569227   2.764571   1.087621
 -1.579278   2.764571   1.087621
 -0.589328   2.764571   1.087621
  0.400621   2.764571   1.087621
  1.390571   2.764571   1.087621
  2.380520   2.764571   1.087621
  3.370470   2.764571   1.087621
  4.360419   2.764571   1.087621
  5.350369   2.764571   1.087621
 -5.044101   3.259545   1.087621
 -4.054152   3.259545   1.087621
 -3.064202   3.259545   1.087621
 -2.074253   3.259545   1.087621
 -1.084303   3.259545   1.087621
 -0.094354   3.259545   1.087621
  0.895596   3.259545   1.087621
  1.885545   3.259545   1.087621
  2.875495   3.259545   1.087621
  3.865444   3.259545   1.087621
  4.855394   3.259545   1.087621
 -4.549126   3.754520   1.087621
 -3.559177   3.754520   1.087621
 -2.569227   3.754520   1.087621
 -1.579278   3.754520   1.087621
 -0.589328   3.754520   1.087621
  0.400621   3.754520   1.087621
  1.390571   3.754520   1.087621
  2.380520   3.754520   1.087621
  3.370470   3.754520   1.087621
 -4.054152   4.249495   1.087621
 -3.064202   4.249495   1.087621
 -2.074253   4.249495   1.087621
 -1.084303   4.249495   1.087621
 -0.094354   4.249495   1.087621
  0.895596   4.249495   1.087621
  1.885545   4.249495   1.087621
  2.875495   4.249495   1.087621
 -0.589328   4.744470   1.087621
  0.400621   4.744470   1.087621
  1.390571   4.744470   1.087621
  2.380520   4.744470   1.087621
  0.895596  -4.165076   1.582596
  1.885545  -4.165076   1.582596
  2.875495  -4.165076   1.582596
 -2.569227  -3.670101   1.582596
 -0.589328  -3.670101   1.582596
  0.400621  -3.670101   1.582596
  1.390571  -3.670101   1.582596
  2.380520  -3.670101   1.582596
  3.370470  -3.670101   1.582596
  4.360419  -3.670101   1.582596
 -4.054152  -3.175126   1.582596
 -3.064202  -3.175126   1.582596
 -2.074253  -3.175126   1.582596
 -1.084303  -3.175126   1.582596
 -0.094354  -3.175126   1.582596
  0.895596  -3.175126   1.582596
  1.885545  -3.175126   1.582596
  2.875495  -3.175126   1.582596
  3.865444  -3.175126   1.582596
  4.855394  -3.175126   1.582596
 -4.549126  -2.680152   1.582596
 -3.559177  -2.680152   1.582596
 -2.569227  -2.680152   1.582596
 -1.579278  -2.680152   1.582596
 -0.589328  -2.680152   1.582596
  0.400621  -2.680152   1.582596
  1.390571  -2.680152   1.582596
  2.380520  -2.680152   1.582596
  3.370470  -2.680152   1.582596
  4.360419  -2.680152   1.582596
  5.350369  -2.680152   1.582596
 -5.044101  -2.185177   1.582596
 -4.054152  -2.185177   1.582596
 -3.064202  -2.185177   1.582596
 -2.074253  -2.185177   1.582596
 -1.084303  -2.185177   1.582596
 -0.094354  -2.185177   1.582596
  0.895596  -2.185177   1.582596
  1.885545  -2.185177   1.582596
  2.875495  -2.185177   1.582596
  3.865444  -2.185177   1.582596
  4.855394  -2.185177   1.582596
  5.845343  -2.185177   1.582596
 -5.539076  -1.690202   1.582596
 -4.549126  -1.690202   1.582596
 -3.559177  -1.690202   1.582596
 -2.569227  -1.690202   1.582596
 -1.579278  -1.690202   1.582596
 -0.589328  -1.690202   1.582596
  0.400621  -1.690202   1.582596
  1.390571  -1.690202   1.582596
  3.370470  -1.690202   1.582596
  4.360419  -1.690202   1.582596
  5.350369  -1.690202   1.582596
  6.340318  -1.690202   1.582596
 -6.034051  -1.195227   1.582596
 -5.044101  -1.195227   1.582596
 -4.054152  -1.195227   1.582596
 -3.064202  -1.195227   1.582596
 -2.074253  -1.195227   1.582596
 -1.084303  -1.195227   1.582596
 -0.094354  -1.195227   1.582596
  0.895596  -1.195227   1.582596
  3.865444  -1.195227   1.582596
  4.855394  -1.195227   1.582596
  5.845343  -1.195227   1.582596
 -6.529025  -0.700253   1.582596
 -5.539076  -0.700253   1.582596
 -4.549126  -0.700253   1.582596
 -3.559177  -0.700253   1.582596
 -1.579278  -0.700253   1.582596
 -0.589328  -0.700253   1.582596
  0.400621  -0.700253   1.582596
  1.390571  -0.700253   1.582596
  4.360419  -0.700253   1.582596
  5.350369  -0.700253   1.582596
  6.340318  -0.700253   1.582596
 -6.034051  -0.205278   1.582596
 -5.044101  -0.205278   1.582596
 -1.084303  -0.205278   1.582596
 -0.094354  -0.205278   1.582596
  4.855394  -0.205278   1.582596
  5.845343  -0.205278   1.582596
  6.835293  -0.205278   1.582596
 -6.529025   0.289697   1.582596
 -5.539076   0.289697   1.582596
 -0.589328   0.289697   1.582596
  4.360419   0.289697   1.582596
  5.350369   0.289697   1.582596
  6.340318   0.289697   1.582596
 -6.034051   0.784672   1.582596
 -5.044101   0.784672   1.582596
 -0.094354   0.784672   1.582596
  3.865444   0.784672   1.582596
  4.855394   0.784672   1.582596
  5.845343   0.784672   1.582596
 -6.529025   1.279646   1.582596
 -5.539076   1.279646   1.582596
 -4.549126   1.279646   1.582596
  2.380520   1.279646   1.582596
  3.370470   1.279646   1.582596
  4.360419   1.279646   1.582596
  5.350369   1.279646   1.582596
  6.340318   1.279646   1.582596
 -6.034051   1.774621   1.582596
 -5.044101   1.774621   1.582596
 -4.054152   1.774621   1.582596
  2.875495   1.774621   1.582596
  3.865444   1.774621   1.582596
  4.855394   1.774621   1.582596
  5.845343   1.774621   1.582596
 -6.529025   2.269596   1.582596
 -5.539076   2.269596   1.582596
 -4.549126   2.269596   1.582596
 -3.559177   2.269596   1.582596
 -2.569227   2.269596   1.582596
 -1.579278   2.269596   1.582596
 -0.589328   2.269596   1.582596
  2.380520   2.269596   1.582596
  3.370470   2.269596   1.582596
  4.360419   2.269596   1.582596
  5.350369   2.269596   1.582596
 -6.034051   2.764571   1.582596
 -5.044101   2.764571   1.582596
 -4.054152   2.764571   1.582596
 -3.064202   2.764571   1.582596
 -2.074253   2.764571   1.582596
 -1.084303   2.764571   1.582596
 -0.094354   2.764571   1.582596
  0.895596   2.764571   1.582596
  1.885545   2.764571   1.582596
  2.875495   2.764571   1.582596
  3.865444   2.764571   1.582596
  4.855394   2.764571   1.582596
 -5.539076   3.259545   1.582596
 -4.549126   3.259545   1.582596
 -3.559177   3.259545   1.582596
 -2.569227   3.259545   1.582596
 -1.579278   3.259545   1.582596
 -0.589328   3.259545   1.582596
  0.400621   3.259545   1.582596
  1.390571   3.259545   1.582596
  2.380520   3.259545   1.582596
  3.370470   3.259545   1.582596
  4.360419   3.259545   1.582596
 -5.044101   3.754520   1.582596
 -4.054152   3.754520   1.582596
 -3.064202   3.754520   1.582596
 -2.074253   3.754520   1.582596
 -1.084303   3.754520   1.582596
 -0.094354   3.754520   1.582596
  0.895596   3.754520   1.582596
  1.885545   3.754520   1.582596
  2.875495   3.754520   1.582596
  3.865444   3.754520   1.582596
 -4.549126   4.249495   1.582596
 -3.559177   4.249495   1.582596
 -2.569227   4.249495   1.582596
 -1.579278   4.249495   1.582596
 -0.589328   4.249495   1.582596
  0.400621   4.249495   1.582596
  1.390571   4.249495   1.582596
  2.380520   4.249495   1.582596
  3.370470   4.249495   1.582596
 -0.094354   4.744470   1.582596
  0.895596   4.744470   1.582596
  1.885545   4.744470   1.582596
  0.895596  -3.670101   2.077571
  1.885545  -3.670101   2.077571
  2.875495  -3.670101   2.077571
  3.865444  -3.670101   2.077571
 -4.549126  -3.175126   2.077571
 -3.559177  -3.175126   2.077571
 -2.569227  -3.175126   2.077571
 -1.579278  -3.175126   2.077571
 -0.589328  -3.175126   2.077571
  0.400621  -3.175126   2.077571
  1.390571  -3.175126   2.077571
  2.380520  -3.175126   2.077571
  3.370470  -3.175126   2.077571
  4.360419  -3.175126   2.077571
 -5.044101  -2.680152   2.077571
 -4.054152  -2.680152   2.077571
 -3.064202  -2.680152   2.077571
 -2.074253  -2.680152   2.077571
 -1.084303  -2.680152   2.077571
 -0.094354  -2.680152   2.077571
  0.895596  -2.680152   2.077571
  1.885545  -2.680152   2.077571
  2.875495  -2.680152   2.077571
  3.865444  -2.680152   2.077571
  4.855394  -2.680152   2.077571
 -5.539076  -2.185177   2.077571
 -4.549126  -2.185177   2.077571
 -3.559177  -2.185177   2.077571
 -2.569227  -2.185177   2.077571
 -1.579278  -2.185177   2.077571
 -0.589328  -2.185177   2.077571
  0.400621  -2.185177   2.077571
  1.390571  -2.185177   2.077571
  2.380520  -2.185177   2.077571
  3.370470  -2.185177   2.077571
  4.360419  -2.185177   2.077571
  5.350369  -2.185177   2.077571
 -6.034051  -1.690202   2.077571
 -5.044101  -1.690202   2.077571
 -4.054152  -1.690202   2.077571
 -3.064202  -1.690202   2.077571
 -2.074253  -1.690202   2.077571
 -1.084303  -1.690202   2.077571
 -0.094354  -1.690202   2.077571
  0.895596  -1.690202   2.077571
  1.885545  -1.690202   2.077571
  3.865444  -1.690202   2.077571
  4.855394  -1.690202   2.077571
  5.845343  -1.690202   2.077571
 -6.529025  -1.195227   2.077571
 -5.539076  -1.195227   2.077571
 -4.549126  -1.195227   2.077571
 -3.559177  -1.195227   2.077571
 -1.579278  -1.195227   2.077571
 -0.589328  -1.195227   2.077571
  0.400621  -1.195227   2.077571
  1.390571  -1.195227   2.077571
  4.360419  -1.195227   2.077571
  5.350369  -1.195227   2.077571
  6.340318  -1.195227   2.077571
 -6.034051  -0.700253   2.077571
 -5.044101  -0.700253   2.077571
 -4.054152  -0.700253   2.077571
 -1.084303  -0.700253   2.077571
 -0.094354  -0.700253   2.077571
  0.895596  -0.700253   2.077571
  3.865444  -0.700253   2.077571
  4.855394  -0.700253   2.077571
  5.845343  -0.700253   2.077571
 -6.529025  -0.205278   2.077571
 -5.539076  -0.205278   2.077571
 -4.549126  -0.205278   2.077571
 -1.579278  -0.205278   2.077571
 -0.589328  -0.205278   2.077571
  0.400621  -0.205278   2.077571
  1.390571  -0.205278   2.077571
  4.360419  -0.205278   2.077571
  5.350369  -0.205278   2.077571
  6.340318  -0.205278   2.077571
 -6.034051   0.289697   2.077571
 -5.044101   0.289697   2.077571
 -1.084303   0.289697   2.077571
 -0.094354   0.289697   2.077571
  0.895596   0.289697   2.077571
  4.855394   0.289697   2.077571
  5.845343   0.289697   2.077571
 -6.529025   0.784672   2.077571
 -5.539076   0.784672   2.077571
 -4.549126   0.784672   2.077571
 -0.589328   0.784672   2.077571
  0.400621   0.784672   2.077571
  4.360419   0.784672   2.077571
  5.350369   0.784672   2.077571
  6.340318   0.784672   2.077571
 -6.034051   1.279646   2.077571
 -5.044101   1.279646   2.077571
 -0.094354   1.279646   2.077571
  3.865444   1.279646   2.077571
  4.855394   1.279646   2.077571
  5.845343   1.279646   2.077571
 -6.529025   1.774621   2.077571
 -5.539076   1.774621   2.077571
 -4.549126   1.774621   2.077571
 -1.579278   1.774621   2.077571
 -0.589328   1.774621   2.077571
  2.380520   1.774621   2.077571
  3.370470   1.774621   2.077571
  4.360419   1.774621   2.077571
  5.350369   1.774621   2.077571
  6.340318   1.774621   2.077571
 -6.034051   2.269596   2.077571
 -5.044101   2.269596   2.077571
 -4.054152   2.269596   2.077571
 -3.064202   2.269596   2.077571
 -2.074253   2.269596   2.077571
 -1.084303   2.269596   2.077571
 -0.094354   2.269596   2.077571
  1.885545   2.269596   2.077571
  2.875495   2.269596   2.077571
  3.865444   2.269596   2.077571
  4.855394   2.269596   2.077571
  5.845343   2.269596   2.077571
 -5.539076   2.764571   2.077571
 -4.549126   2.764571   2.077571
 -3.559177   2.764571   2.077571
 -2.569227   2.764571   2.077571
 -1.579278   2.764571   2.077571
 -0.589328   2.764571   2.077571
  0.400621   2.764571   2.077571
  1.390571   2.764571   2.077571
  2.380520   2.764571   2.077571
  3.370470   2.764571   2.077571
  4.360419   2.764571   2.077571
  5.350369   2.764571   2.077571
 -5.044101   3.259545   2.077571
 -4.054152   3.259545   2.077571
 -3.064202   3.259545   2.077571
 -2.074253   3.259545   2.077571
 -1.084303   3.259545   2.077571
 -0.094354   3.259545   2.077571
  0.895596   3.259545   2.077571
  1.885545   3.259545   2.077571
  2.875495   3.259545   2.077571
  3.865444   3.259545   2.077571
  4.855394   3.259545   2.077571
 -4.549126   3.754520   2.077571
 -3.559177   3.754520   2.077571
 -2.569227   3.754520   2.077571
 -1.579278   3.754520   2.077571
 -0.589328   3.754520   2.077571
  0.400621   3.754520   2.077571
  1.390571   3.754520   2.077571
  2.380520   3.754520   2.077571
  3.370470   3.754520   2.077571
 -4.054152   4.249495   2.077571
 -3.064202   4.249495   2.077571
 -2.074253   4.249495   2.077571
 -1.084303   4.249495   2.077571
 -0.094354   4.249495   2.077571
  0.895596   4.249495   2.077571
  1.885545   4.249495   2.077571
  2.875495   4.249495   2.077571
  0.400621   4.744470   2.077571
  1.390571   4.744470   2.077571
  2.380520   4.744470   2.077571
  1.390571  -3.670101   2.572545
  2.380520  -3.670101   2.572545
  3.370470  -3.670101   2.572545
 -4.054152  -3.175126   2.572545
 -3.064202  -3.175126   2.572545
 -2.074253  -3.175126   2.572545
  0.895596  -3.175126   2.572545
  1.885545  -3.175126   2.572545
  2.875495  -3.175126   2.572545
  3.865444  -3.175126   2.572545
  4.855394  -3.175126   2.572545
 -4.549126  -2.680152   2.572545
 -3.559177  -2.680152   2.572545
 -2.569227  -2.680152   2.572545
 -1.579278  -2.680152   2.572545
 -0.589328  -2.680152   2.572545
  0.400621  -2.680152   2.572545
  1.390571  -2.680152   2.572545
  2.380520  -2.680152   2.572545
  3.370470  -2.680152   2.572545
  4.360419  -2.680152   2.572545
  5.350369  -2.680152   2.572545
 -5.044101  -2.185177   2.572545
 -4.054152  -2.185177   2.572545
 -3.064202  -2.185177   2.572545
 -2.074253  -2.185177   2.572545
 -1.084303  -2.185177   2.572545
 -0.094354  -2.185177   2.572545
  0.895596  -2.185177   2.572545
  1.885545  -2.185177   2.572545
  2.875495  -2.185177   2.572545
  3.865444  -2.185177   2.572545
  4.855394  -2.185177   2.572545
  5.845343  -2.185177   2.572545
 -5.539076  -1.690202   2.572545
 -4.549126  -1.690202   2.572545
 -3.559177  -1.690202   2.572545
 -2.569227  -1.690202   2.572545
 -1.579278  -1.690202   2.572545
 -0.589328  -1.690202   2.572545
  0.400621  -1.690202   2.572545
  1.390571  -1.690202   2.572545
  2.380520  -1.690202   2.572545
  3.370470  -1.690202   2.572545
  4.360419  -1.690202   2.572545
  5.350369  -1.690202   2.572545
 -6.034051  -1.195227   2.572545
 -5.044101  -1.195227   2.572545
 -4.054152  -1.195227   2.572545
 -2.074253  -1.195227   2.572545
 -1.084303  -1.195227   2.572545
 -0.094354  -1.195227   2.572545
  0.895596  -1.195227   2.572545
  1.885545  -1.195227   2.572545
  3.865444  -1.195227   2.572545
  4.855394  -1.195227   2.572545
  5.845343  -1.195227   2.572545
 -6.529025  -0.700253   2.572545
 -5.539076  -0.700253   2.572545
 -4.549126  -0.700253   2.572545
 -1.579278  -0.700253   2.572545
 -0.589328  -0.700253   2.572545
  0.400621  -0.700253   2.572545
  1.390571  -0.700253   2.572545
  3.370470  -0.700253   2.572545
  4.360419  -0.700253   2.572545
  5.350369  -0.700253   2.572545
  6.340318  -0.700253   2.572545
 -6.034051  -0.205278   2.572545
 -5.044101  -0.205278   2.572545
 -4.054152  -0.205278   2.572545
 -1.084303  -0.205278   2.572545
 -0.094354  -0.205278   2.572545
  0.895596  -0.205278   2.572545
  1.885545  -0.205278   2.572545
  3.865444  -0.205278   2.572545
  4.855394  -0.205278   2.572545
  5.845343  -0.205278   2.572545
 -6.529025   0.289697   2.572545
 -5.539076   0.289697   2.572545
 -4.549126   0.289697   2.572545
 -1.579278   0.289697   2.572545
 -0.589328   0.289697   2.572545
  0.400621   0.289697   2.572545
  1.390571   0.289697   2.572545
  4.360419   0.289697   2.572545
  5.350369   0.289697   2.572545
  6.340318   0.289697   2.572545
 -6.034051   0.784672   2.572545
 -5.044101   0.784672   2.572545
 -4.054152   0.784672   2.572545
 -1.084303   0.784672   2.572545
 -0.094354   0.784672   2.572545
  0.895596   0.784672   2.572545
  1.885545   0.784672   2.572545
  4.855394   0.784672   2.572545
  5.845343   0.784672   2.572545
 -6.529025   1.279646   2.572545
 -5.539076   1.279646   2.572545
 -4.549126   1.279646   2.572545
 -1.579278   1.279646   2.572545
 -0.589328   1.279646   2.572545
  0.400621   1.279646   2.572545
  1.390571   1.279646   2.572545
  2.380520   1.279646   2.572545
  4.360419   1.279646   2.572545
  5.350369   1.279646   2.572545
  6.340318   1.279646   2.572545
 -6.034051   1.774621   2.572545
 -5.044101   1.774621   2.572545
 -4.054152   1.774621   2.572545
 -2.074253   1.774621   2.572545
 -1.084303   1.774621   2.572545
 -0.094354   1.774621   2.572545
  0.895596   1.774621   2.572545
  1.885545   1.774621   2.572545
  2.875495   1.774621   2.572545
  3.865444   1.774621   2.572545
  4.855394   1.774621   2.572545
  5.845343   1.774621   2.572545
 -6.529025   2.269596   2.572545
 -5.539076   2.269596   2.572545
 -4.549126   2.269596   2.572545
 -3.559177   2.269596   2.572545
 -2.569227   2.269596   2.572545
 -1.579278   2.269596   2.572545
 -0.589328   2.269596   2.572545
  0.400621   2.269596   2.572545
  1.390571   2.269596   2.572545
  2.380520   2.269596   2.572545
  3.370470   2.269596   2.572545
  4.360419   2.269596   2.572545
  5.350369   2.269596   2.572545
 -6.034051   2.764571   2.572545
 -5.044101   2.764571   2.572545
 -4.054152   2.764571   2.572545
 -3.064202   2.764571   2.572545
 -2.074253   2.764571   2.572545
 -1.084303   2.764571   2.572545
 -0.094354   2.764571   2.572545
  0.895596   2.764571   2.572545
  1.885545   2.764571   2.572545
  2.875495   2.764571   2.572545
  3.865444   2.764571   2.572545
  4.855394   2.764571   2.572545
 -5.539076   3.259545   2.572545
 -4.549126   3.259545   2.572545
 -3.559177   3.259545   2.572545
 -2.569227   3.259545   2.572545
 -1.579278   3.259545   2.572545
 -0.589328   3.259545   2.572545
  0.400621   3.259545   2.572545
  1.390571   3.259545   2.572545
  2.380520   3.259545   2.572545
  3.370470   3.259545   2.572545
  4.360419   3.259545   2.572545
 -5.044101   3.754520   2.572545
 -4.054152   3.754520   2.572545
 -3.064202   3.754520   2.572545
 -2.074253   3.754520   2.572545
 -1.084303   3.754520   2.572545
 -0.094354   3.754520   2.572545
  0.895596   3.754520   2.572545
  1.885545   3.754520   2.572545
  2.875495   3.754520   2.572545
 -3.559177   4.249495   2.572545
 -2.569227   4.249495   2.572545
 -1.579278   4.249495   2.572545
 -0.589328   4.249495   2.572545
  0.400621   4.249495   2.572545
  1.390571   4.249495   2.572545
  2.380520   4.249495   2.572545
 -0.094354   4.744470   2.572545
  0.895596   4.744470   2.572545
  1.885545   4.744470   2.572545
  1.885545  -3.670101   3.067520
  2.875495  -3.670101   3.067520
 -3.559177  -3.175126   3.067520
 -2.569227  -3.175126   3.067520
  1.390571  -3.175126   3.067520
  2.380520  -3.175126   3.067520
  3.370470  -3.175126   3.067520
  4.360419  -3.175126   3.067520
 -5.044101  -2.680152   3.067520
 -4.054152  -2.680152   3.067520
 -3.064202  -2.680152   3.067520
 -2.074253  -2.680152   3.067520
 -1.084303  -2.680152   3.067520
  0.895596  -2.680152   3.067520
  1.885545  -2.680152   3.067520
  2.875495  -2.680152   3.067520
  3.865444  -2.680152   3.067520
  4.855394  -2.680152   3.067520
 -5.539076  -2.185177   3.067520
 -4.549126  -2.185177   3.067520
 -3.559177  -2.185177   3.067520
 -2.569227  -2.185177   3.067520
 -1.579278  -2.185177   3.067520
 -0.589328  -2.185177   3.067520
  0.400621  -2.185177   3.067520
  1.390571  -2.185177   3.067520
  2.380520  -2.185177   3.067520
  3.370470  -2.185177   3.067520
  4.360419  -2.185177   3.067520
  5.350369  -2.185177   3.067520
 -6.034051  -1.690202   3.067520
 -5.044101  -1.690202   3.067520
 -4.054152  -1.690202   3.067520
 -3.064202  -1.690202   3.067520
 -2.074253  -1.690202   3.067520
 -1.084303  -1.690202   3.067520
 -0.094354  -1.690202   3.067520
  0.895596  -1.690202   3.067520
  1.885545  -1.690202   3.067520
  2.875495  -1.690202   3.067520
  3.865444  -1.690202   3.067520
  4.855394  -1.690202   3.067520
  5.845343  -1.690202   3.067520
 -5.539076  -1.195227   3.067520
 -4.549126  -1.195227   3.067520
 -3.559177  -1.195227   3.067520
 -2.569227  -1.195227   3.067520
 -1.579278  -1.195227   3.067520
 -0.589328  -1.195227   3.067520
  0.400621  -1.195227   3.067520
  1.390571  -1.195227   3.067520
  2.380520  -1.195227   3.067520
  3.370470  -1.195227   3.067520
  4.360419  -1.195227   3.067520
  5.350369  -1.195227   3.067520
 -6.034051  -0.700253   3.067520
 -5.044101  -0.700253   3.067520
 -4.054152  -0.700253   3.067520
 -2.074253  -0.700253   3.067520
 -1.084303  -0.700253   3.067520
 -0.094354  -0.700253   3.067520
  0.895596  -0.700253   3.067520
  1.885545  -0.700253   3.067520
  2.875495  -0.700253   3.067520
  3.865444  -0.700253   3.067520
  4.855394  -0.700253   3.067520
  5.845343  -0.700253   3.067520
 -6.529025  -0.205278   3.067520
 -5.539076  -0.205278   3.067520
 -4.549126  -0.205278   3.067520
 -3.559177  -0.205278   3.067520
 -1.579278  -0.205278   3.067520
 -0.589328  -0.205278   3.067520
  0.400621  -0.205278   3.067520
  1.390571  -0.205278   3.067520
  2.380520  -0.205278   3.067520
  3.370470  -0.205278   3.067520
  4.360419  -0.205278   3.067520
  5.350369  -0.205278   3.067520
  6.340318  -0.205278   3.067520
 -6.034051   0.289697   3.067520
 -5.044101   0.289697   3.067520
 -4.054152   0.289697   3.067520
 -2.074253   0.289697   3.067520
 -1.084303   0.289697   3.067520
 -0.094354   0.289697   3.067520
  0.895596   0.289697   3.067520
  1.885545   0.289697   3.067520
  3.865444   0.289697   3.067520
  4.855394   0.289697   3.067520
  5.845343   0.289697   3.067520
 -6.529025   0.784672   3.067520
 -5.539076   0.784672   3.067520
 -4.549126   0.784672   3.067520
 -1.579278   0.784672   3.067520
 -0.589328   0.784672   3.067520
  0.400621   0.784672   3.067520
  1.390571   0.784672   3.067520
  2.380520   0.784672   3.067520
  4.360419   0.784672   3.067520
  5.350369   0.784672   3.067520
  6.340318   0.784672   3.067520
 -6.034051   1.279646   3.067520
 -5.044101   1.279646   3.067520
 -4.054152   1.279646   3.067520
 -2.074253   1.279646   3.067520
 -1.084303   1.279646   3.067520
 -0.094354   1.279646   3.067520
  0.895596   1.279646   3.067520
  1.885545   1.279646   3.067520
  2.875495   1.279646   3.067520
  3.865444   1.279646   3.067520
  4.855394   1.279646   3.067520
  5.845343   1.279646   3.067520
 -6.529025   1.774621   3.067520
 -5.539076   1.774621   3.067520
 -4.549126   1.774621   3.067520
 -1.579278   1.774621   3.067520
 -0.589328   1.774621   3.067520
  0.400621   1.774621   3.067520
  1.390571   1.774621   3.067520
  2.380520   1.774621   3.067520
  3.370470   1.774621   3.067520
  4.360419   1.774621   3.067520
  5.350369   1.774621   3.067520
 -6.034051   2.269596   3.067520
 -5.044101   2.269596   3.067520
 -4.054152   2.269596   3.067520
 -3.064202   2.269596   3.067520
 -2.074253   2.269596   3.067520
 -1.084303   2.269596   3.067520
 -0.094354   2.269596   3.067520
  0.895596   2.269596   3.067520
  1.885545   2.269596   3.067520
  2.875495   2.269596   3.067520
  3.865444   2.269596   3.067520
  4.855394   2.269596   3.067520
 -5.539076   2.764571   3.067520
 -4.549126   2.764571   3.067520
 -3.559177   2.764571   3.067520
 -2.569227   2.764571   3.067520
 -1.579278   2.764571   3.067520
 -0.589328   2.764571   3.067520
  0.400621   2.764571   3.067520
  1.390571   2.764571   3.067520
  2.380520   2.764571   3.067520
  3.370470   2.764571   3.067520
  4.360419   2.764571   3.067520
 -5.044101   3.259545   3.067520
 -4.054152   3.259545   3.067520
 -3.064202   3.259545   3.067520
 -2.074253   3.259545   3.067520
 -1.084303   3.259545   3.067520
 -0.094354   3.259545   3.067520
  0.895596   3.259545   3.067520
  1.885545   3.259545   3.067520
  2.875495   3.259545   3.067520
  3.865444   3.259545   3.067520
 -4.549126   3.754520   3.067520
 -3.559177   3.754520   3.067520
 -2.569227   3.754520   3.067520
 -1.579278   3.754520   3.067520
 -0.589328   3.754520   3.067520
  0.400621   3.754520   3.067520
  1.390571   3.754520   3.067520
  2.380520   3.754520   3.067520
 -4.054152   4.249495   3.067520
 -3.064202   4.249495   3.067520
 -2.074253   4.249495   3.067520
 -0.094354   4.249495   3.067520
  0.895596   4.249495   3.067520
  1.885545   4.249495   3.067520
  1.885545  -3.175126   3.562495
  2.875495  -3.175126   3.562495
  3.865444  -3.175126   3.562495
 -4.549126  -2.680152   3.562495
 -3.559177  -2.680152   3.562495
 -2.569227  -2.680152   3.562495
 -1.579278  -2.680152   3.562495
  1.390571  -2.680152   3.562495
  2.380520  -2.680152   3.562495
  3.370470  -2.680152   3.562495
  4.360419  -2.680152   3.562495
 -5.044101  -2.185177   3.562495
 -4.054152  -2.185177   3.562495
 -3.064202  -2.185177   3.562495
 -2.074253  -2.185177   3.562495
 -1.084303  -2.185177   3.562495
  0.895596  -2.185177   3.562495
  1.885545  -2.185177   3.562495
  2.875495  -2.185177   3.562495
  3.865444  -2.185177   3.562495
  4.855394  -2.185177   3.562495
 -5.539076  -1.690202   3.562495
 -4.549126  -1.690202   3.562495
 -3.559177  -1.690202   3.562495
 -2.569227  -1.690202   3.562495
 -1.579278  -1.690202   3.562495
 -0.589328  -1.690202   3.562495
  0.400621  -1.690202   3.562495
  1.390571  -1.690202   3.562495
  2.380520  -1.690202   3.562495
  3.370470  -1.690202   3.562495
  4.360419  -1.690202   3.562495
  5.350369  -1.690202   3.562495
 -6.034051  -1.195227   3.562495
 -5.044101  -1.195227   3.562495
 -4.054152  -1.195227   3.562495
 -3.064202  -1.195227   3.562495
 -2.074253  -1.195227   3.562495
 -1.084303  -1.195227   3.562495
 -0.094354  -1.195227   3.562495
  0.895596  -1.195227   3.562495
  1.885545  -1.195227   3.562495
  2.875495  -1.195227   3.562495
  3.865444  -1.195227   3.562495
  4.855394  -1.195227   3.562495
  5.845343  -1.195227   3.562495
 -5.539076  -0.700253   3.562495
 -4.549126  -0.700253   3.562495
 -3.559177  -0.700253   3.562495
 -2.569227  -0.700253   3.562495
 -1.579278  -0.700253   3.562495
 -0.589328  -0.700253   3.562495
  0.400621  -0.700253   3.562495
  1.390571  -0.700253   3.562495
  2.380520  -0.700253   3.562495
  3.370470  -0.700253   3.562495
  4.360419  -0.700253   3.562495
  5.350369  -0.700253   3.562495
 -6.034051  -0.205278   3.562495
 -5.044101  -0.205278   3.562495
 -4.054152  -0.205278   3.562495
 -3.064202  -0.205278   3.562495
 -2.074253  -0.205278   3.562495
 -1.084303  -0.205278   3.562495
 -0.094354  -0.205278   3.562495
  0.895596  -0.205278   3.562495
  1.885545  -0.205278   3.562495
  2.875495  -0.205278   3.562495
  3.865444  -0.205278   3.562495
  4.855394  -0.205278   3.562495
  5.845343  -0.205278   3.562495
 -6.529025   0.289697   3.562495
 -5.539076   0.289697   3.562495
 -4.549126   0.289697   3.562495
 -3.559177   0.289697   3.562495
 -2.569227   0.289697   3.562495
 -1.579278   0.289697   3.562495
 -0.589328   0.289697   3.562495
  0.400621   0.289697   3.562495
  1.390571   0.289697   3.562495
  2.380520   0.289697   3.562495
  3.370470   0.289697   3.562495
  4.360419   0.289697   3.562495
  5.350369   0.289697   3.562495
 -6.034051   0.784672   3.562495
 -5.044101   0.784672   3.562495
 -4.054152   0.784672   3.562495
 -3.064202   0.784672   3.562495
 -2.074253   0.784672   3.562495
 -1.084303   0.784672   3.562495
 -0.094354   0.784672   3.562495
  0.895596   0.784672   3.562495
  1.885545   0.784672   3.562495
  2.875495   0.784672   3.562495
  3.865444   0.784672   3.562495
  4.855394   0.784672   3.562495
  5.845343   0.784672   3.562495
 -6.529025   1.279646   3.562495
 -5.539076   1.279646   3.562495
 -4.549126   1.279646   3.562495
 -3.559177   1.279646   3.562495
 -2.569227   1.279646   3.562495
 -1.579278   1.279646   3.562495
 -0.589328   1.279646   3.562495
  0.400621   1.279646   3.562495
  1.390571   1.279646   3.562495
  2.380520   1.279646   3.562495
  3.370470   1.279646   3.562495
  4.360419   1.279646   3.562495
  5.350369   1.279646   3.562495
 -6.034051   1.774621   3.562495
 -5.044101   1.774621   3.562495
 -4.054152   1.774621   3.562495
 -3.064202   1.774621   3.562495
 -2.074253   1.774621   3.562495
 -1.084303   1.774621   3.562495
 -0.094354   1.774621   3.562495
  0.895596   1.774621   3.562495
  1.885545   1.774621   3.562495
  2.875495   1.774621   3.562495
  3.865444   1.774621   3.562495
  4.855394   1.774621   3.562495
 -5.539076   2.269596   3.562495
 -4.549126   2.269596   3.562495
 -3.559177   2.269596   3.562495
 -2.569227   2.269596   3.562495
 -1.579278   2.269596   3.562495
 -0.589328   2.269596   3.562495
  0.400621   2.269596   3.562495
  1.390571   2.269596   3.562495
  2.380520   2.269596   3.562495
  3.370470   2.269596   3.562495
  4.360419   2.269596   3.562495
 -5.044101   2.764571   3.562495
 -4.054152   2.764571   3.562495
 -3.064202   2.764571   3.562495
 -2.074253   2.764571   3.562495
 -1.084303   2.764571   3.562495
 -0.094354   2.764571   3.562495
  0.895596   2.764571   3.562495
  1.885545   2.764571   3.562495
  2.875495   2.764571   3.562495
  3.865444   2.764571   3.562495
 -4.549126   3.259545   3.562495
 -3.559177   3.259545   3.562495
 -2.569227   3.259545   3.562495
 -1.579278   3.259545   3.562495
 -0.589328   3.259545   3.562495
  0.400621   3.259545   3.562495
  1.390571   3.259545   3.562495
  2.380520   3.259545   3.562495
  3.370470   3.259545   3.562495
 -4.054152   3.754520   3.562495
 -3.064202   3.754520   3.562495
 -2.074253   3.754520   3.562495
 -0.094354   3.754520   3.562495
  0.895596   3.754520   3.562495
  1.885545   3.754520   3.562495
  0.400621   4.249495   3.562495
  1.390571   4.249495   3.562495
 -3.064202  -2.680152   4.057470
 -2.074253  -2.680152   4.057470
  1.885545  -2.680152   4.057470
  2.875495  -2.680152   4.057470
  3.865444  -2.680152   4.057470
 -4.549126  -2.185177   4.057470
 -3.559177  -2.185177   4.057470
 -2.569227  -2.185177   4.057470
 -1.579278  -2.185177   4.057470
  1.390571  -2.185177   4.057470
  2.380520  -2.185177   4.057470
  3.370470  -2.185177   4.057470
  4.360419  -2.185177   4.057470
 -5.044101  -1.690202   4.057470
 -4.054152  -1.690202   4.057470
 -3.064202  -1.690202   4.057470
 -2.074253  -1.690202   4.057470
 -1.084303  -1.690202   4.057470
  0.895596  -1.690202   4.057470
  1.885545  -1.690202   4.057470
  2.875495  -1.690202   4.057470
  3.865444  -1.690202   4.057470
  4.855394  -1.690202   4.057470
 -5.539076  -1.195227   4.057470
 -4.549126  -1.195227   4.057470
 -3.559177  -1.195227   4.057470
 -2.569227  -1.195227   4.057470
 -1.579278  -1.195227   4.057470
 -0.589328  -1.195227   4.057470
  0.400621  -1.195227   4.057470
  1.390571  -1.195227   4.057470
  2.380520  -1.195227   4.057470
  3.370470  -1.195227   4.057470
  4.360419  -1.195227   4.057470
  5.350369  -1.195227   4.057470
 -6.034051  -0.700253   4.057470
 -5.044101  -0.700253   4.057470
 -4.054152  -0.700253   4.057470
 -3.064202  -0.700253   4.057470
 -2.074253  -0.700253   4.057470
 -1.084303  -0.700253   4.057470
 -0.094354  -0.700253   4.057470
  0.895596  -0.700253   4.057470
  1.885545  -0.700253   4.057470
  2.875495  -0.700253   4.057470
  3.865444  -0.700253   4.057470
  4.855394  -0.700253   4.057470
 -5.539076  -0.205278   4.057470
 -4.549126  -0.205278   4.057470
 -3.559177  -0.205278   4.057470
 -2.569227  -0.205278   4.057470
 -1.579278  -0.205278   4.057470
 -0.589328  -0.205278   4.057470
  0.400621  -0.205278   4.057470
  1.390571  -0.205278   4.057470
  2.380520  -0.205278   4.057470
  3.370470  -0.205278   4.057470
  4.360419  -0.205278   4.057470
  5.350369  -0.205278   4.057470
 -6.034051   0.289697   4.057470
 -5.044101   0.289697   4.057470
 -4.054152   0.289697   4.057470
 -3.064202   0.289697   4.057470
 -2.074253   0.289697   4.057470
 -1.084303   0.289697   4.057470
 -0.094354   0.289697   4.057470
  0.895596   0.289697   4.057470
  1.885545   0.289697   4.057470
  2.875495   0.289697   4.057470
  3.865444   0.289697   4.057470
  4.855394   0.289697   4.057470
  5.845343   0.289697   4.057470
 -5.539076   0.784672   4.057470
 -4.549126   0.784672   4.057470
 -3.559177   0.784672   4.057470
 -2.569227   0.784672   4.057470
 -1.579278   0.784672   4.057470
 -0.589328   0.784672   4.057470
  0.400621   0.784672   4.057470
  1.390571   0.784672   4.057470
  2.380520   0.784672   4.057470
  3.370470   0.784672   4.057470
  4.360419   0.784672   4.057470
  5.350369   0.784672   4.057470
 -6.034051   1.279646   4.057470
 -5.044101   1.279646   4.057470
 -4.054152   1.279646   4.057470
 -3.064202   1.279646   4.057470
 -2.074253   1.279646   4.057470
 -1.084303   1.279646   4.057470
 -0.094354   1.279646   4.057470
  0.895596   1.279646   4.057470
  1.885545   1.279646   4.057470
  2.875495   1.279646   4.057470
  3.865444   1.279646   4.057470
  4.855394   1.279646   4.057470
 -5.539076   1.774621   4.057470
 -4.549126   1.774621   4.057470
 -3.559177   1.774621   4.057470
 -2.569227   1.774621   4.057470
 -1.579278   1.774621   4.057470
 -0.589328   1.774621   4.057470
  0.400621   1.774621   4.057470
  1.390571   1.774621   4.057470
  2.380520   1.774621   4.057470
  3.370470   1.774621   4.057470
  4.360419   1.774621   4.057470
 -5.044101   2.269596   4.057470
 -4.054152   2.269596   4.057470
 -3.064202   2.269596   4.057470
 -2.074253   2.269596   4.057470
 -1.084303   2.269596   4.057470
 -0.094354   2.269596   4.057470
  0.895596   2.269596   4.057470
  1.885545   2.269596   4.057470
  2.875495   2.269596   4.057470
  3.865444   2.269596   4.057470
 -4.549126   2.764571   4.057470
 -3.559177   2.764571   4.057470
 -2.569227   2.764571   4.057470
 -1.579278   2.764571   4.057470
 -0.589328   2.764571   4.057470
  0.400621   2.764571   4.057470
  1.390571   2.764571   4.057470
  2.380520   2.764571   4.057470
  3.370470   2.764571   4.057470
 -4.054152   3.259545   4.057470
 -3.064202   3.259545   4.057470
 -2.074253   3.259545   4.057470
 -1.084303   3.259545   4.057470
 -0.094354   3.259545   4.057470
  0.895596   3.259545   4.057470
  1.885545   3.259545   4.057470
 -3.559177   3.754520   4.057470
 -2.569227   3.754520   4.057470
  0.400621   3.754520   4.057470
  1.390571   3.754520   4.057470
 -4.054152  -2.185177   4.552444
 -3.064202  -2.185177   4.552444
 -2.074253  -2.185177   4.552444
  1.885545  -2.185177   4.552444
  2.875495  -2.185177   4.552444
  3.865444  -2.185177   4.552444
 -4.549126  -1.690202   4.552444
 -3.559177  -1.690202   4.552444
 -2.569227  -1.690202   4.552444
 -1.579278  -1.690202   4.552444
  1.390571  -1.690202   4.552444
  2.380520  -1.690202   4.552444
  3.370470  -1.690202   4.552444
  4.360419  -1.690202   4.552444
 -5.044101  -1.195227   4.552444
 -4.054152  -1.195227   4.552444
 -3.064202  -1.195227   4.552444
 -2.074253  -1.195227   4.552444
 -1.084303  -1.195227   4.552444
  0.895596  -1.195227   4.552444
  1.885545  -1.195227   4.552444
  2.875495  -1.195227   4.552444
  3.865444  -1.195227   4.552444
  4.855394  -1.195227   4.552444
 -5.539076  -0.700253   4.552444
 -4.549126  -0.700253   4.552444
 -3.559177  -0.700253   4.552444
 -2.569227  -0.700253   4.552444
 -1.579278  -0.700253   4.552444
 -0.589328  -0.700253   4.552444
  0.400621  -0.700253   4.552444
  1.390571  -0.700253   4.552444
  2.380520  -0.700253   4.552444
  3.370470  -0.700253   4.552444
  4.360419  -0.700253   4.552444
 -5.044101  -0.205278   4.552444
 -4.054152  -0.205278   4.552444
 -3.064202  -0.205278   4.552444
 -2.074253  -0.205278   4.552444
 -1.084303  -0.205278   4.552444
 -0.094354  -0.205278   4.552444
  0.895596  -0.205278   4.552444
  1.885545  -0.205278   4.552444
  2.875495  -0.205278   4.552444
  3.865444  -0.205278   4.552444
  4.855394  -0.205278   4.552444
 -5.539076   0.289697   4.552444
 -4.549126   0.289697   4.552444
 -3.559177   0.289697   4.552444
 -2.569227   0.289697   4.552444
 -1.579278   0.289697   4.552444
 -0.589328   0.289697   4.552444
  0.400621   0.289697   4.552444
  1.390571   0.289697   4.552444
  2.380520   0.289697   4.552444
  3.370470   0.289697   4.552444
  4.360419   0.289697   4.552444
 -5.044101   0.784672   4.552444
 -4.054152   0.784672   4.552444
 -3.064202   0.784672   4.552444
 -2.074253   0.784672   4.552444
 -1.084303   0.784672   4.552444
 -0.094354   0.784672   4.552444
  0.895596   0.784672   4.552444
  1.885545   0.784672   4.552444
  2.875495   0.784672   4.552444
  3.865444   0.784672   4.552444
  4.855394   0.784672   4.552444
 -5.539076   1.279646   4.552444
 -4.549126   1.279646   4.552444
 -3.559177   1.279646   4.552444
 -2.569227   1.279646   4.552444
 -1.579278   1.279646   4.552444
 -0.589328   1.279646   4.552444
  0.400621   1.279646   4.552444
  1.390571   1.279646   4.552444
  2.380520   1.279646   4.552444
  3.370470   1.279646   4.552444
  4.360419   1.279646   4.552444
 -5.044101   1.774621   4.552444
 -4.054152   1.774621   4.552444
 -3.064202   1.774621   4.552444
 -2.074253   1.774621   4.552444
 -1.084303   1.774621   4.552444
 -0.094354   1.774621   4.552444
  0.895596   1.774621   4.552444
  1.885545   1.774621   4.552444
  2.875495   1.774621   4.552444
  3.865444   1.774621   4.552444
 -4.549126   2.269596   4.552444
 -3.559177   2.269596   4.552444
 -2.569227   2.269596   4.552444
 -1.579278   2.269596   4.552444
 -0.589328   2.269596   4.552444
  0.400621   2.269596   4.552444
  1.390571   2.269596   4.552444
  2.380520   2.269596   4.552444
  3.370470   2.269596   4.552444
 -4.054152   2.764571   4.552444
 -3.064202   2.764571   4.552444
 -2.074253   2.764571   4.552444
 -1.084303   2.764571   4.552444
 -0.094354   2.764571   4.552444
  0.895596   2.764571   4.552444
  1.885545   2.764571   4.552444
 -3.559177   3.259545   4.552444
 -2.569227   3.259545   4.552444
 -3.064202  -1.690202   5.047419
 -2.074253  -1.690202   5.047419
  2.875495  -1.690202   5.047419
 -4.549126  -1.195227   5.047419
 -3.559177  -1.195227   5.047419
 -2.569227  -1.195227   5.047419
 -1.579278  -1.195227   5.047419
  1.390571  -1.195227   5.047419
  2.380520  -1.195227   5.047419
  3.370470  -1.195227   5.047419
 -5.044101  -0.700253   5.047419
 -4.054152  -0.700253   5.047419
 -3.064202  -0.700253   5.047419
 -2.074253  -0.700253   5.047419
 -1.084303  -0.700253   5.047419
  1.885545  -0.700253   5.047419
  2.875495  -0.700253   5.047419
  3.865444  -0.700253   5.047419
 -4.549126  -0.205278   5.047419
 -3.559177  -0.205278   5.047419
 -2.569227  -0.205278   5.047419
 -1.579278  -0.205278   5.047419
 -0.589328  -0.205278   5.047419
  1.390571  -0.205278   5.047419
  2.380520  -0.205278   5.047419
  3.370470  -0.205278   5.047419
  4.360419  -0.205278   5.047419
 -5.044101   0.289697   5.047419
 -4.054152   0.289697   5.047419
 -3.064202   0.289697   5.047419
 -2.074253   0.289697   5.047419
 -1.084303   0.289697   5.047419
  1.885545   0.289697   5.047419
  2.875495   0.289697   5.047419
  3.865444   0.289697   5.047419
 -4.549126   0.784672   5.047419
 -3.559177   0.784672   5.047419
 -2.569227   0.784672   5.047419
 -1.579278   0.784672   5.047419
 -0.589328   0.784672   5.047419
  1.390571   0.784672   5.047419
  2.380520   0.784672   5.047419
  3.370470   0.784672   5.047419
  4.360419   0.784672   5.047419
 -5.044101   1.279646   5.047419
 -4.054152   1.279646   5.047419
 -3.064202   1.279646   5.047419
 -2.074253   1.279646   5.047419
 -1.084303   1.279646   5.047419
  1.885545   1.279646   5.047419
  2.875495   1.279646   5.047419
  3.865444   1.279646   5.047419
 -4.549126   1.774621   5.047419
 -3.559177   1.774621   5.047419
 -2.569227   1.774621   5.047419
 -1.579278   1.774621   5.047419
 -4.054152   2.269596   5.047419
 -3.064202   2.269596   5.047419
 -2.074253   2.269596   5.047419
 -3.559177   2.764571   5.047419
 -2.569227   2.764571   5.047419
 -3.559177  -0.700253   5.542394
 -2.569227  -0.700253   5.542394
 -4.054152  -0.205278   5.542394
 -3.064202  -0.205278   5.542394
 -2.074253  -0.205278   5.542394
 -4.549126   0.289697   5.542394
 -3.559177   0.289697   5.542394
 -2.569227   0.289697   5.542394
 -1.579278   0.289697   5.542394
 -4.054152   0.784672   5.542394
 -3.064202   0.784672   5.542394
 -2.074253   0.784672   5.542394
 -3.559177   1.279646   5.542394
 -2.569227   1.279646   5.542394
 -1.579278   1.279646   5.542394
 -3.064202   1.774621   5.542394
 -2.074253   1.774621   5.542394
