   -0.0752322812
   -0.0967013048
   -0.0922756362
   -0.0831705526
   -0.0733612567
   -0.1007275244
   -0.0996147336
   -0.0918577767
   -0.0808289406
   -0.1018711325
   -0.1041921783
   -0.0996303240
   -0.0890301846
   -0.1052935786
   -0.1045266724
   -0.0964410519
   -0.1036576759
   -0.1057581756
   -0.1013058550
   -0.0910769187
   -0.1041361061
   -0.1028799156
   -0.0955817184
   -0.1018037639
   -0.0975244372
   -0.0761243574
   -0.0684730040
   -0.0920360137
   -0.0847799248
   -0.0753235903
   -0.0670715610
   -0.0992167464
   -0.1004896391
   -0.0950992930
   -0.0843390482
   -0.0734347764
   -0.0653949710
   -0.1016419844
   -0.1068512714
   -0.1056912432
   -0.0957342041
   -0.0820623273
   -0.0711552480
   -0.1096327493
   -0.1136900009
   -0.1079019292
   -0.0933005278
   -0.0788439974
   -0.0688490826
   -0.1089272618
   -0.1167312418
   -0.1171643531
   -0.1054632003
   -0.0886829659
   -0.0754117076
   -0.1060338975
   -0.1151414175
   -0.1204401379
   -0.1148694306
   -0.0991994634
   -0.0833401373
   -0.1110324066
   -0.1182985470
   -0.1184874759
   -0.1075512899
   -0.0915941881
   -0.1134873391
   -0.1168070614
   -0.1114531434
   -0.0983809119
   -0.1124570092
   -0.1110462493
   -0.1022485895
   -0.1081518856
   -0.1030703501
   -0.0683281959
   -0.0824028407
   -0.0752189636
   -0.0678381883
   -0.0615907389
   -0.0916392864
   -0.0839976662
   -0.0745923431
   -0.0665588374
   -0.0604434699
   -0.1009763851
   -0.1015619327
   -0.0952101989
   -0.0837068935
   -0.0725763948
   -0.0649140642
   -0.1048846791
   -0.1103189422
   -0.1084187942
   -0.0965817579
   -0.0810480979
   -0.0701047249
   -0.0633221180
   -0.1059174251
   -0.1155324259
   -0.1207461847
   -0.1132652454
   -0.0943654834
   -0.0774430898
   -0.0681587310
   -0.0617266906
   -0.1162473787
   -0.1276083272
   -0.1297002195
   -0.1127564094
   -0.0895301296
   -0.0747136150
   -0.0663699761
   -0.1136139228
   -0.1273186100
   -0.1382363390
   -0.1312804041
   -0.1062176981
   -0.0845645047
   -0.0722346806
   -0.1224328427
   -0.1364360055
   -0.1408304379
   -0.1227689877
   -0.0972895287
   -0.0798977624
   -0.0693017337
   -0.1162221496
   -0.1290575436
   -0.1386499941
   -0.1320615602
   -0.1096913379
   -0.0889427452
   -0.0752811461
   -0.1208738511
   -0.1305808629
   -0.1316668630
   -0.1176268983
   -0.0976757274
   -0.0818387850
   -0.1139950248
   -0.1219579760
   -0.1258053185
   -0.1193622327
   -0.1039878304
   -0.1149195242
   -0.1189059146
   -0.1167985024
   -0.1067857441
   -0.0930738854
   -0.1126613761
   -0.1066435520
   -0.0669944117
   -0.0804975666
   -0.0736529436
   -0.0668174156
   -0.0608808397
   -0.0896623671
   -0.0820707744
   -0.0734172838
   -0.0658946610
   -0.0599319150
   -0.1008620957
   -0.1000517374
   -0.0929523428
   -0.0820615780
   -0.0717363570
   -0.0644128192
   -0.0587585812
   -0.1061441934
   -0.1103430121
   -0.1067472632
   -0.0944014089
   -0.0791360484
   -0.0689789495
   -0.0628467117
   -0.1084596257
   -0.1180242877
   -0.1220635978
   -0.1125502107
   -0.0914752571
   -0.0735791896
   -0.0668486997
   -0.0613776637
   -0.1210058546
   -0.1338893510
   -0.1358222936
   -0.1136495324
   -0.0835875785
   -0.0707600410
   -0.0655788366
   -0.0598041912
   -0.1195540854
   -0.1372541511
   -0.1543017473
   -0.1450672799
   -0.1068959409
   -0.0791959205
   -0.0705156123
   -0.0640487292
   -0.1156703563
   -0.1331343617
   -0.1568029054
   -0.1701644080
   -0.1388187326
   -0.0978460864
   -0.0782891631
   -0.0691281343
   -0.1259790135
   -0.1474811567
   -0.1708834960
   -0.1642232278
   -0.1213580710
   -0.0906036326
   -0.0757168174
   -0.0665966708
   -0.1190478536
   -0.1353914461
   -0.1567495491
   -0.1663544949
   -0.1403362947
   -0.1051414601
   -0.0840991098
   -0.0720059669
   -0.1254223994
   -0.1407949543
   -0.1537036686
   -0.1455331479
   -0.1174794693
   -0.0933396985
   -0.0781750929
   -0.1183253515
   -0.1287962566
   -0.1390805048
   -0.1397187018
   -0.1234450977
   -0.1015402861
   -0.0846217776
   -0.1209542716
   -0.1279911712
   -0.1307968849
   -0.1230816459
   -0.1068329487
   -0.0904755839
   -0.1154661100
   -0.1206902851
   -0.1231043077
   -0.1195593312
   -0.1087716944
   -0.1155251193
   -0.1174767163
   -0.1154908419
   -0.1083503546
   -0.1130772251
   -0.1118476818
   -0.0780579403
   -0.0715787552
   -0.0653442311
   -0.0598293326
   -0.0868877963
   -0.0794382330
   -0.0716832467
   -0.0648588403
   -0.0591396534
   -0.0971602777
   -0.0894825495
   -0.0797926782
   -0.0708767347
   -0.0638190301
   -0.0581563005
   -0.0808852291
   -0.0893768519
   -0.1080091678
   -0.1022992072
   -0.0907502281
   -0.0782158301
   -0.0688461073
   -0.0624218681
   -0.0569785536
   -0.0799688887
   -0.0885396087
   -0.0987893550
   -0.1094503804
   -0.1173409575
   -0.1176974149
   -0.1065716457
   -0.0882183173
   -0.0722633917
   -0.0664341055
   -0.0609573310
   -0.0787428913
   -0.0872625297
   -0.0975658216
   -0.1097904327
   -0.1225823721
   -0.1325713989
   -0.1298933081
   -0.1067795061
   -0.0721345804
   -0.0661553448
   -0.0648936483
   -0.0594468831
   -0.0856777663
   -0.0957501443
   -0.1080211484
   -0.1228906372
   -0.1408554818
   -0.1565818637
   -0.1420401998
   -0.0926010770
   -0.0545585732
   -0.0672744472
   -0.0635576617
   -0.0836905358
   -0.0935920914
   -0.1053706023
   -0.1198996816
   -0.1400213112
   -0.1696724056
   -0.1873128170
   -0.1407002798
   -0.0741990243
   -0.0680593654
   -0.0680077154
   -0.0617955558
   -0.0910314738
   -0.1023571639
   -0.1157568773
   -0.1337000701
   -0.1640840823
   -0.2000506833
   -0.1965272305
   -0.1229659118
   -0.0815625438
   -0.0736991707
   -0.0664060126
   -0.0990521662
   -0.1115129752
   -0.1264601129
   -0.1498811911
   -0.1891157079
   -0.1690592403
   -0.1069730434
   -0.0829885291
   -0.0720004126
   -0.0638910491
   -0.1073524808
   -0.1203041388
   -0.1367757188
   -0.1651623373
   -0.1957194385
   -0.1878047322
   -0.1325419077
   -0.0957930977
   -0.0789832294
   -0.0687221303
   -0.1277775737
   -0.1447179195
   -0.1699190245
   -0.1792033188
   -0.1483649399
   -0.1094093569
   -0.0872090687
   -0.0742353068
   -0.1218208599
   -0.1327870299
   -0.1470320197
   -0.1591200177
   -0.1485346417
   -0.1197501314
   -0.0957084389
   -0.0802536259
   -0.1262444851
   -0.1343679744
   -0.1421750817
   -0.1405396397
   -0.1238279461
   -0.1028259412
   -0.0862723693
   -0.1214164937
   -0.1279092634
   -0.1320872767
   -0.1321323462
   -0.1230205599
   -0.1072221928
   -0.0915364295
   -0.1233085817
   -0.1264854529
   -0.1260502635
   -0.1203103756
   -0.1089379248
   -0.1179780832
   -0.1222019571
   -0.1219079474
   -0.1174940760
   -0.1089356381
   -0.1181640535
   -0.1148686516
   -0.1080582649
   -0.0692320979
   -0.0635251457
   -0.0837985550
   -0.0764771602
   -0.0693994046
   -0.0633028309
   -0.0938804502
   -0.0856888839
   -0.0767223438
   -0.0691230163
   -0.0626994839
   -0.0572475137
   -0.0799935150
   -0.0886898730
   -0.0982104086
   -0.1050041609
   -0.1050334751
   -0.0974560978
   -0.0863407714
   -0.0764367383
   -0.0682813168
   -0.0616881670
   -0.0791471348
   -0.0877403145
   -0.0986827290
   -0.1096779066
   -0.1155123888
   -0.1117918106
   -0.0994689319
   -0.0858315209
   -0.0744327837
   -0.0666447972
   -0.0603756423
   -0.0781338533
   -0.0864340062
   -0.0971661840
   -0.1105849204
   -0.1225573441
   -0.1270039086
   -0.1180196969
   -0.0988152847
   -0.0761719870
   -0.0690794442
   -0.0648115956
   -0.0589068127
   -0.0768328165
   -0.0852052842
   -0.0952545787
   -0.1086891412
   -0.1243241020
   -0.1384164963
   -0.1429333790
   -0.1225674630
   -0.0773443416
   -0.0668338986
   -0.0631359737
   -0.0573323270
   -0.0751633528
   -0.0836535033
   -0.0936138133
   -0.1060606368
   -0.1219905271
   -0.1415107052
   -0.1645016769
   -0.1670157323
   -0.1140526312
   -0.0423556791
   -0.0672141101
   -0.0613506971
   -0.0815905595
   -0.0916045439
   -0.1035744316
   -0.1183443055
   -0.1375629101
   -0.1690292304
   -0.1771525810
   -0.0691823049
   -0.0658866914
   -0.0593936088
   -0.0889911093
   -0.1007373643
   -0.1146526546
   -0.1314526714
   -0.1589445190
   -0.2003704535
   -0.1605611283
   -0.0772537645
   -0.0734243073
   -0.0711734913
   -0.0636458177
   -0.0860192522
   -0.0974008995
   -0.1107595137
   -0.1258154415
   -0.1457173957
   -0.1886329341
   -0.1330813905
   -0.0904514212
   -0.0779860700
   -0.0686014634
   -0.0937670357
   -0.1066406791
   -0.1208050726
   -0.1359335836
   -0.1609604904
   -0.2078746109
   -0.1719176627
   -0.1112183557
   -0.0870546187
   -0.0744591372
   -0.0654914129
   -0.1023281306
   -0.1161377099
   -0.1296118344
   -0.1437791869
   -0.1714566285
   -0.2023168909
   -0.1839291048
   -0.1321483284
   -0.0980793778
   -0.0812951515
   -0.0703961398
   -0.1249308761
   -0.1359645789
   -0.1475302129
   -0.1690229035
   -0.1739505563
   -0.1433354222
   -0.1094640822
   -0.0888851734
   -0.0758177749
   -0.1200481942
   -0.1318896174
   -0.1391049918
   -0.1473441546
   -0.1549181637
   -0.1426739263
   -0.1177228859
   -0.0963970911
   -0.0815222637
   -0.1273732314
   -0.1360175414
   -0.1395853871
   -0.1424292114
   -0.1373132698
   -0.1212120193
   -0.1025008397
   -0.1207549938
   -0.1320104393
   -0.1367581184
   -0.1366023992
   -0.1324262432
   -0.1214745724
   -0.1064004505
   -0.1251673696
   -0.1329195232
   -0.1336317350
   -0.1292677733
   -0.1205600529
   -0.1083612273
   -0.1160473325
   -0.1261079098
   -0.1297753773
   -0.1268122234
   -0.1193830947
   -0.1090755790
   -0.1168919030
   -0.1233202842
   -0.1232305076
   -0.1176778648
   -0.1089276649
   -0.1174835243
   -0.0735328194
   -0.0669824376
   -0.0614517184
   -0.0903430428
   -0.0820453303
   -0.0734899279
   -0.0667424305
   -0.0610696423
   -0.0787244011
   -0.0874599239
   -0.0969536552
   -0.1031418525
   -0.1018347145
   -0.0931167011
   -0.0817523934
   -0.0729832947
   -0.0663630729
   -0.0603929555
   -0.0709646235
   -0.0779110505
   -0.0865234191
   -0.0980397691
   -0.1093433947
   -0.1136526094
   -0.1070670997
   -0.0931484894
   -0.0804587447
   -0.0728238378
   -0.0656233120
   -0.0593739586
   -0.0700383496
   -0.0769730393
   -0.0848425952
   -0.0959783506
   -0.1111302519
   -0.1228728262
   -0.1227090939
   -0.1089546285
   -0.0904926810
   -0.0792955111
   -0.0717864415
   -0.0642701310
   -0.0580771910
   -0.0758961534
   -0.0836932053
   -0.0928229219
   -0.1082999279
   -0.1261400831
   -0.1361831136
   -0.1292792742
   -0.1061320365
   -0.0805773717
   -0.0687933234
   -0.0693882447
   -0.0625442195
   -0.0566194739
   -0.0744764402
   -0.0826824112
   -0.0914906318
   -0.1038859931
   -0.1232404093
   -0.1419247410
   -0.1506376380
   -0.1327860803
   -0.0853924029
   -0.0550725085
   -0.0674865738
   -0.0606840927
   -0.0727420627
   -0.0810206719
   -0.0907722195
   -0.1018727479
   -0.1184418593
   -0.1390052024
   -0.1621037057
   -0.1709209291
   -0.1175910499
   -0.0680049811
   -0.0653682638
   -0.0587940928
   -0.0788633376
   -0.0887630735
   -0.1006273931
   -0.1152565622
   -0.1334852998
   -0.1585501083
   -0.1917328572
   -0.0705950787
   -0.0630402037
   -0.0860254345
   -0.0978862357
   -0.1123431389
   -0.1293145301
   -0.1490832578
   -0.1923559414
   -0.0656381698
   -0.0760289296
   -0.0680063613
   -0.0607368080
   -0.0831213596
   -0.0944412925
   -0.1084564990
   -0.1250251734
   -0.1417768314
   -0.1701356351
   -0.0909231491
   -0.0835765686
   -0.0738738801
   -0.0651463030
   -0.0908723074
   -0.1042364098
   -0.1201095084
   -0.1362147938
   -0.1521677667
   -0.1957959374
   -0.1222723737
   -0.0941833898
   -0.0807320043
   -0.0702480925
   -0.0999057185
   -0.1152736341
   -0.1314117799
   -0.1438315073
   -0.1575794119
   -0.2045080148
   -0.1554465391
   -0.1091754650
   -0.0888698341
   -0.0761041457
   -0.0667111199
   -0.1101852863
   -0.1268911893
   -0.1407065638
   -0.1451341438
   -0.1558367009
   -0.1870938142
   -0.1668373204
   -0.1252771931
   -0.0985019622
   -0.0826855545
   -0.0715856555
   -0.1213123862
   -0.1378682165
   -0.1464446642
   -0.1424294061
   -0.1578816385
   -0.1590053578
   -0.1340886264
   -0.1080160904
   -0.0896998600
   -0.1140266057
   -0.1322416579
   -0.1463745452
   -0.1487759404
   -0.1474582457
   -0.1495406584
   -0.1356355605
   -0.1148422982
   -0.0963298009
   -0.1234663941
   -0.1410610892
   -0.1505376713
   -0.1489414980
   -0.1446001276
   -0.1345685660
   -0.1184513105
   -0.1016278552
   -0.1130518937
   -0.1310084521
   -0.1454703680
   -0.1492177793
   -0.1435963184
   -0.1336741143
   -0.1201287868
   -0.1052787766
   -0.1188493887
   -0.1347926346
   -0.1440613843
   -0.1423666210
   -0.1332731210
   -0.1210019369
   -0.1076086765
   -0.1217408701
   -0.1337034356
   -0.1373154084
   -0.1317332640
   -0.1211359199
   -0.1089556030
   -0.1210022473
   -0.1281396955
   -0.1272432694
   -0.1197362309
   -0.1092413267
   -0.1168653897
   -0.1196798291
   -0.1160261945
   -0.0785837570
   -0.0706896440
   -0.0644187046
   -0.0592445923
   -0.0770397566
   -0.0854622084
   -0.0942740394
   -0.0996136312
   -0.0977073172
   -0.0890458839
   -0.0781707525
   -0.0698723267
   -0.0640133200
   -0.0587389372
   -0.0695817787
   -0.0764542101
   -0.0851521889
   -0.0965790996
   -0.1074076278
   -0.1106224333
   -0.1028685996
   -0.0883857232
   -0.0755466265
   -0.0692327897
   -0.0635438471
   -0.0579684908
   -0.0687939514
   -0.0755375192
   -0.0833968833
   -0.0950109617
   -0.1110673752
   -0.1225992006
   -0.1198543405
   -0.1033826533
   -0.0818986639
   -0.0725943289
   -0.0693271560
   -0.0627073771
   -0.0569132974
   -0.0745400040
   -0.0818153219
   -0.0900866301
   -0.1080811794
   -0.1290190928
   -0.1370807108
   -0.1235338720
   -0.0955680299
   -0.0627082558
   -0.0731698764
   -0.0686725587
   -0.0613462738
   -0.0556462387
   -0.0733117599
   -0.0809901758
   -0.0867846977
   -0.0978925295
   -0.1258244240
   -0.1473845788
   -0.1458844059
   -0.1171838382
   -0.0637422399
   -0.0712705904
   -0.0668342781
   -0.0596630953
   -0.0717865450
   -0.0797516796
   -0.0879940356
   -0.0906894895
   -0.1148971863
   -0.1443037120
   -0.1610102187
   -0.1443105890
   -0.0865654673
   -0.0710878995
   -0.0644434091
   -0.0579067197
   -0.0778445432
   -0.0875170883
   -0.0961633683
   -0.1074770438
   -0.1340807747
   -0.1585812151
   -0.1708478612
   -0.1049106693
   -0.0700080616
   -0.0620671143
   -0.0757233166
   -0.0850246021
   -0.0969321704
   -0.1094638304
   -0.1288967122
   -0.1477192035
   -0.1759943865
   -0.0731789567
   -0.0669490584
   -0.0599259760
   -0.0823350527
   -0.0936684648
   -0.1081728572
   -0.1269177309
   -0.1445033311
   -0.1628894369
   -0.0720291742
   -0.0726536457
   -0.0642274528
   -0.0797091894
   -0.0902891615
   -0.1040772740
   -0.1221582310
   -0.1430103444
   -0.1541567811
   -0.1932066305
   -0.0780465041
   -0.0789979313
   -0.0692747254
   -0.0617668754
   -0.0870895728
   -0.1000276075
   -0.1166686397
   -0.1369584958
   -0.1509378893
   -0.1633134658
   -0.0890421731
   -0.0859322611
   -0.0752069160
   -0.0662351239
   -0.0960373627
   -0.1118910978
   -0.1310170935
   -0.1478561899
   -0.1480932356
   -0.1563374834
   -0.2053085473
   -0.1542208281
   -0.1137488201
   -0.0952654106
   -0.0820898202
   -0.0713867941
   -0.1068463662
   -0.1259846586
   -0.1456312903
   -0.1525566366
   -0.1570404019
   -0.1785634150
   -0.1398761085
   -0.1084603475
   -0.0901443858
   -0.0772316649
   -0.1196154633
   -0.1418360243
   -0.1585757792
   -0.1433034467
   -0.1648278886
   -0.1488696242
   -0.1207942996
   -0.0989696867
   -0.0836164015
   -0.1114852422
   -0.1338668305
   -0.1574107040
   -0.1666075854
   -0.1457043508
   -0.1529469117
   -0.1487848384
   -0.1278452642
   -0.1068781077
   -0.0900766245
   -0.1228107538
   -0.1477440689
   -0.1685234945
   -0.1689799639
   -0.1572692307
   -0.1480962674
   -0.1310488793
   -0.1125634304
   -0.0958875633
   -0.1333393122
   -0.1576955489
   -0.1711322129
   -0.1644562648
   -0.1499115066
   -0.1334010936
   -0.1163651675
   -0.1005464334
   -0.1184789991
   -0.1406744719
   -0.1601122198
   -0.1642791048
   -0.1525197877
   -0.1358682088
   -0.1192548823
   -0.1040738341
   -0.1235040607
   -0.1425449407
   -0.1541508620
   -0.1508161394
   -0.1371947722
   -0.1214158546
   -0.1066919144
   -0.1248309097
   -0.1383836842
   -0.1424235449
   -0.1350956668
   -0.1220369822
   -0.1083291344
   -0.1221296039
   -0.1297460896
   -0.1286049431
   -0.1200639157
   -0.1161922860
   -0.1190265746
   -0.1151754896
   -0.0823521149
   -0.0941468351
   -0.0922015223
   -0.0846549770
   -0.0752280404
   -0.0675151100
   -0.0618407847
   -0.0745963311
   -0.0830588467
   -0.0934635339
   -0.1027565389
   -0.1050288014
   -0.0977335339
   -0.0848798766
   -0.0733311483
   -0.0665805031
   -0.0613380059
   -0.0738820128
   -0.0820763877
   -0.0937295850
   -0.1085777274
   -0.1186957746
   -0.1150662355
   -0.0991176582
   -0.0798970645
   -0.0699988668
   -0.0661176904
   -0.0606807140
   -0.0729312654
   -0.0803963015
   -0.0900469576
   -0.1082871452
   -0.1292310710
   -0.1358560456
   -0.1201383071
   -0.0913232582
   -0.0619365585
   -0.0689536520
   -0.0658772431
   -0.0596656000
   -0.0718152033
   -0.0791453844
   -0.0845380705
   -0.0967237178
   -0.1296999553
   -0.1543474506
   -0.1478579740
   -0.1138668192
   -0.0710973574
   -0.0647745083
   -0.0582966891
   -0.0704728682
   -0.0779980638
   -0.0840859581
   -0.0671411867
   -0.1108828094
   -0.1573860788
   -0.1741644582
   -0.1440157570
   -0.0805220055
   -0.0704885819
   -0.0628293542
   -0.0567681082
   -0.0689489306
   -0.0763327259
   -0.0852004688
   -0.0742247287
   -0.1384079965
   -0.1775850814
   -0.1737115307
   -0.1077464849
   -0.0680007191
   -0.0607090685
   -0.0744101746
   -0.0832508766
   -0.0928268876
   -0.1142579243
   -0.1532426929
   -0.1771790292
   -0.1328375757
   -0.0647073897
   -0.0650808780
   -0.0587912339
   -0.0724831683
   -0.0806485232
   -0.0915303865
   -0.1013626585
   -0.1127055395
   -0.1400987563
   -0.1491567393
   -0.1601025609
   -0.0685835397
   -0.0627409116
   -0.0784154881
   -0.0880387663
   -0.1013107714
   -0.1171345118
   -0.1467231663
   -0.1419145935
   -0.1536669134
   -0.0692482607
   -0.0671766209
   -0.0607124883
   -0.0855197221
   -0.0974844025
   -0.1142381681
   -0.1424014796
   -0.1588588863
   -0.1448841571
   -0.1618626667
   -0.0764064310
   -0.0725339649
   -0.0649792905
   -0.0829162371
   -0.0945483758
   -0.1099553693
   -0.1318283372
   -0.1579697331
   -0.1518538258
   -0.1570987198
   -0.0856116827
   -0.0794897573
   -0.0700819997
   -0.0625653215
   -0.0912828216
   -0.1062660810
   -0.1259184857
   -0.1493863150
   -0.1581193370
   -0.1519309835
   -0.1477040007
   -0.1060428208
   -0.0991563870
   -0.0879865833
   -0.0762452478
   -0.0670854360
   -0.1017637850
   -0.1213529363
   -0.1459221042
   -0.1650681316
   -0.1590684465
   -0.1491032427
   -0.1201448161
   -0.0986793412
   -0.0834725464
   -0.0722777838
   -0.1148168096
   -0.1406374214
   -0.1697030524
   -0.1746675166
   -0.1545937061
   -0.1342605715
   -0.1100819251
   -0.0914618877
   -0.0780545521
   -0.1306352744
   -0.1635930905
   -0.1913454302
   -0.1732206286
   -0.1500396688
   -0.1384743130
   -0.1186381503
   -0.0992423039
   -0.0841035358
   -0.1184372286
   -0.1482268841
   -0.1852313371
   -0.2018144867
   -0.1778325132
   -0.1579929448
   -0.1407297371
   -0.1237898623
   -0.1056836286
   -0.1306215423
   -0.1641034690
   -0.1968849412
   -0.1983710352
   -0.1731763534
   -0.1488185306
   -0.1281173982
   -0.1106251184
   -0.1146981573
   -0.1408990229
   -0.1727519532
   -0.1931465008
   -0.1825202849
   -0.1569055026
   -0.1334524014
   -0.1147798138
   -0.1212677595
   -0.1463737738
   -0.1704064652
   -0.1766172306
   -0.1604551692
   -0.1379843972
   -0.1184935933
   -0.1026537786
   -0.1246811087
   -0.1451629951
   -0.1585754628
   -0.1551489708
   -0.1390583699
   -0.1209924830
   -0.1052926520
   -0.1240464065
   -0.1378798508
   -0.1423816315
   -0.1348689456
   -0.1210098944
   -0.1195962633
   -0.1270510591
   -0.1261397585
   -0.1177989506
   -0.1152392133
   -0.0721058402
   -0.0797679274
   -0.0884816839
   -0.0956981827
   -0.0971724154
   -0.0912533824
   -0.0810414232
   -0.0713512987
   -0.0645070309
   -0.0592945200
   -0.0717984963
   -0.0798225188
   -0.0904440413
   -0.1026049545
   -0.1103023361
   -0.1069487751
   -0.0940282612
   -0.0791185959
   -0.0693171928
   -0.0637227011
   -0.0586705907
   -0.0710528696
   -0.0787652547
   -0.0894549020
   -0.1055657971
   -0.1227582230
   -0.1274803519
   -0.1136744024
   -0.0908368858
   -0.0723221310
   -0.0675177340
   -0.0631278332
   -0.0578376994
   -0.0700715080
   -0.0773715964
   -0.0860336231
   -0.1014650700
   -0.1289337463
   -0.1508242706
   -0.1430166416
   -0.1118162506
   -0.0714317970
   -0.0606331163
   -0.0677421112
   -0.0622990315
   -0.0567429204
   -0.0689023410
   -0.0760376053
   -0.0831052655
   -0.0831072875
   -0.1188482797
   -0.1660455935
   -0.1806817394
   -0.1469750916
   -0.0879155488
   -0.0622524901
   -0.0677687965
   -0.0608797331
   -0.0554643603
   -0.0675670883
   -0.0745374866
   -0.0824466571
   -0.1521787372
   -0.2028054191
   -0.1923960897
   -0.1260044792
   -0.0688992001
   -0.0656831223
   -0.0591481114
   -0.0728178818
   -0.0809582374
   -0.0832913775
   -0.1817835319
   -0.1663157355
   -0.0638063427
   -0.0651828556
   -0.0630063232
   -0.0574765095
   -0.0710854598
   -0.0785333114
   -0.0872930407
   -0.1300714961
   -0.1790589898
   -0.0636838265
   -0.0609691542
   -0.0765247685
   -0.0840169220
   -0.0884928422
   -0.1097524822
   -0.0640124329
   -0.0593212719
   -0.0747156850
   -0.0824760943
   -0.0886063024
   -0.0939014085
   -0.1128261268
   -0.1354028481
   -0.0982224111
   -0.0653593643
   -0.0630298187
   -0.0810053425
   -0.0898754802
   -0.1003088955
   -0.1198709851
   -0.1594027681
   -0.1170601070
   -0.0895134721
   -0.0610349097
   -0.0700293677
   -0.0674062581
   -0.0613558602
   -0.0889416117
   -0.1012569993
   -0.1184947725
   -0.1479895945
   -0.1598000030
   -0.1154518582
   -0.0828390295
   -0.0822591001
   -0.0733876862
   -0.0657252411
   -0.0862924082
   -0.0996279748
   -0.1172308417
   -0.1394685821
   -0.1604408378
   -0.1387824555
   -0.1025819436
   -0.1118594067
   -0.1137111761
   -0.0959649724
   -0.0814370217
   -0.0710492020
   -0.0958151753
   -0.1140448281
   -0.1391856770
   -0.1674469680
   -0.1711686759
   -0.1377582820
   -0.1401099150
   -0.1123782893
   -0.0911497816
   -0.0774369367
   -0.1079221560
   -0.1335749953
   -0.1711415827
   -0.2013936321
   -0.1395176723
   -0.1248854307
   -0.1014624605
   -0.0846278594
   -0.1231134931
   -0.1595686097
   -0.2097917305
   -0.2152209734
   -0.1291296255
   -0.1101273189
   -0.0919473931
   -0.1113422699
   -0.1412142915
   -0.1893288610
   -0.2369310086
   -0.2126358310
   -0.1277192048
   -0.1161487390
   -0.0985388277
   -0.1234219024
   -0.1599627975
   -0.2127849901
   -0.2416909733
   -0.2104630960
   -0.1690093870
   -0.1374969480
   -0.1210390722
   -0.1040370778
   -0.1348055956
   -0.1741836634
   -0.2186707250
   -0.2261298181
   -0.1908879887
   -0.1531647773
   -0.1272260845
   -0.1088072561
   -0.1155066107
   -0.1429099826
   -0.1781201767
   -0.2044641951
   -0.1947703016
   -0.1625712835
   -0.1338958082
   -0.1132586156
   -0.1203519021
   -0.1452446990
   -0.1701238793
   -0.1785114495
   -0.1624251100
   -0.1378802150
   -0.1169409067
   -0.1217666791
   -0.1410628427
   -0.1542813961
   -0.1520278753
   -0.1367030164
   -0.1186405408
   -0.1194089005
   -0.1319482094
   -0.1364251781
   -0.1300760125
   -0.1173063942
   -0.1139202398
   -0.1205499690
   -0.1200332422
   -0.1128396391
   -0.0691817166
   -0.0763965654
   -0.0852218072
   -0.0943394221
   -0.0996088159
   -0.0969847409
   -0.0875636149
   -0.0764038439
   -0.0676880797
   -0.0616485046
   -0.0687924417
   -0.0761464829
   -0.0859952897
   -0.0988594458
   -0.1111152919
   -0.1140146434
   -0.1039414356
   -0.0876302026
   -0.0739155390
   -0.0662340738
   -0.0608830896
   -0.0680586149
   -0.0751796124
   -0.0847617113
   -0.0994366854
   -0.1197906986
   -0.1349564497
   -0.1287193734
   -0.1058702304
   -0.0819871218
   -0.0698053741
   -0.0652023013
   -0.0600290128
   -0.0671006338
   -0.0739343678
   -0.0824439259
   -0.0950239879
   -0.1203195209
   -0.1549349824
   -0.1652687881
   -0.1375014793
   -0.0973562430
   -0.0670224411
   -0.0678617426
   -0.0645473362
   -0.0589102307
   -0.0659690628
   -0.0725794313
   -0.0803266003
   -0.0860086467
   -0.1021473500
   -0.1581030574
   -0.2041887420
   -0.1883496482
   -0.1301507298
   -0.0622664315
   -0.0504295462
   -0.0693031372
   -0.0632004191
   -0.0575367458
   -0.0710858261
   -0.0785960930
   -0.0818626933
   -0.1158217146
   -0.2109449960
   -0.1868316424
   -0.0969243185
   -0.0643956702
   -0.0675152290
   -0.0611846643
   -0.0561065881
   -0.0695226810
   -0.0765500773
   -0.0828565478
   -0.1510602787
   -0.1390214843
   -0.0542888046
   -0.0635095157
   -0.0593421668
   -0.0746031327
   -0.0803380083
   -0.1692517372
   -0.0411743202
   -0.0617584695
   -0.0578599391
   -0.0729778816
   -0.0789921565
   -0.0586252160
   -0.0609475876
   -0.0783787422
   -0.0793111125
   -0.0450454983
   -0.0638394789
   -0.0598066340
   -0.0769868207
   -0.0845293475
   -0.0823960435
   -0.0830479149
   -0.0665742652
   -0.0624446088
   -0.0678766824
   -0.0636729418
   -0.0839928717
   -0.0936734529
   -0.1035209512
   -0.1127220510
   -0.0836977967
   -0.1068570571
   -0.0900703374
   -0.0763563167
   -0.0686188397
   -0.0932407670
   -0.1080992984
   -0.1251702597
   -0.1218126438
   -0.1275231644
   -0.1547688069
   -0.1173143479
   -0.0886984704
   -0.0752798873
   -0.0665551387
   -0.1058522245
   -0.1286195110
   -0.1562178634
   -0.1687738863
   -0.1510092575
   -0.1391259149
   -0.1030107480
   -0.0836182549
   -0.0719873351
   -0.1230882852
   -0.1601675486
   -0.2107954821
   -0.1837093120
   -0.1396615446
   -0.1153337736
   -0.0927972158
   -0.0782242360
   -0.1134499585
   -0.1466086935
   -0.2057484639
   -0.2405090169
   -0.1219788049
   -0.1013134944
   -0.1294492934
   -0.1760901438
   -0.2484694643
   -0.1242801209
   -0.1081137041
   -0.1138461165
   -0.1470517093
   -0.2046908073
   -0.2638368507
   -0.1987358544
   -0.1485116438
   -0.1294670614
   -0.1137534532
   -0.1246150135
   -0.1627793891
   -0.2208578621
   -0.2617749853
   -0.2385468171
   -0.1860414340
   -0.1437310452
   -0.1197827774
   -0.1019995553
   -0.1334988749
   -0.1716507043
   -0.2175007788
   -0.2339506278
   -0.2000860477
   -0.1564641056
   -0.1265896893
   -0.1066939278
   -0.1130719876
   -0.1383237133
   -0.1701712494
   -0.1961206176
   -0.1912685220
   -0.1612468929
   -0.1320646495
   -0.1108320706
   -0.1159126935
   -0.1376708554
   -0.1590765460
   -0.1676624355
   -0.1553976280
   -0.1335113955
   -0.1135543874
   -0.1155669476
   -0.1317901049
   -0.1429456388
   -0.1419735216
   -0.1296858978
   -0.1138109162
   -0.1121271633
   -0.1224611571
   -0.1263756146
   -0.1216532299
   -0.1118247098
   -0.0726726190
   -0.0808361959
   -0.0903557932
   -0.0984270153
   -0.1000295866
   -0.0932937830
   -0.0717211460
   -0.0642802261
   -0.0723142580
   -0.0809272407
   -0.0926967040
   -0.1066236275
   -0.1157373112
   -0.1115952883
   -0.0967517506
   -0.0806867691
   -0.0697440744
   -0.0631654298
   -0.0580101224
   -0.0714769664
   -0.0797761828
   -0.0920640505
   -0.1107526013
   -0.1321482027
   -0.1380158409
   -0.1204465944
   -0.0948806109
   -0.0761197882
   -0.0676146246
   -0.0620895316
   -0.0570453157
   -0.0704002920
   -0.0780606637
   -0.0888626122
   -0.1082898509
   -0.1421103636
   -0.1730382187
   -0.1606249528
   -0.1206959394
   -0.0857267689
   -0.0709641446
   -0.0663941318
   -0.0608926206
   -0.0559222044
   -0.0691686043
   -0.0763527057
   -0.0843522899
   -0.0956238148
   -0.1339509056
   -0.2008284004
   -0.1703769703
   -0.1068378494
   -0.0716634031
   -0.0699174940
   -0.0650976706
   -0.0594055762
   -0.0678151298
   -0.0746496984
   -0.0814751584
   -0.0662809203
   -0.1795898289
   -0.1507791541
   -0.0811316694
   -0.0679743690
   -0.0688749494
   -0.0627744696
   -0.0578579585
   -0.0728700508
   -0.0795526025
   -0.1035125133
   -0.0602639576
   -0.0642699895
   -0.0629545797
   -0.0606186025
   -0.0564726097
   -0.0712414857
   -0.0772683276
   -0.0631382599
   -0.1354640260
   -0.0407636950
   -0.0431535690
   -0.0605257818
   -0.0593122464
   -0.0760714225
   -0.0708061651
   -0.1131476295
   -0.0076266698
   -0.0481963555
   -0.0614405709
   -0.0582381763
   -0.0749159402
   -0.0796015667
   -0.0477871004
   -0.0416232893
   -0.0627439598
   -0.0614954010
   -0.0809120698
   -0.0821345328
   -0.0750745009
   -0.0681944935
   -0.0654939338
   -0.0794545566
   -0.0887430823
   -0.0948462835
   -0.0977968825
   -0.1136570244
   -0.0822584296
   -0.0715542877
   -0.0646712517
   -0.0874101162
   -0.1004600504
   -0.1156624503
   -0.1040465411
   -0.0757449726
   -0.1576301228
   -0.1018876829
   -0.0805580478
   -0.0700353851
   -0.0979174462
   -0.1176008107
   -0.1438248701
   -0.1418446402
   -0.1266398722
   -0.1038912222
   -0.1632493342
   -0.1217791288
   -0.0918271112
   -0.0767374574
   -0.1119715834
   -0.1431324832
   -0.1963790872
   -0.1325010072
   -0.1310121152
   -0.1031307455
   -0.0844276388
   -0.1306685478
   -0.1811177289
   -0.2502755064
   -0.1298018604
   -0.1117680981
   -0.0922286046
   -0.1166025292
   -0.1542364344
   -0.2242280405
   -0.1230384390
   -0.1178160372
   -0.0992676167
   -0.1311462171
   -0.1791959123
   -0.2471046271
   -0.1897883009
   -0.1415849258
   -0.1241011334
   -0.1054616223
   -0.1131868959
   -0.1451298613
   -0.1978494098
   -0.2533972177
   -0.2317601145
   -0.1722534729
   -0.1338532937
   -0.1114846407
   -0.1215198553
   -0.1552906791
   -0.2041204008
   -0.2488374810
   -0.2434246991
   -0.1906340211
   -0.1451373683
   -0.1177565237
   -0.1272783500
   -0.1586271888
   -0.1952578913
   -0.2136995772
   -0.1905426623
   -0.1522861115
   -0.1233641580
   -0.1291198675
   -0.1539274272
   -0.1740519125
   -0.1729809087
   -0.1510771549
   -0.1263250863
   -0.1091153728
   -0.1265527011
   -0.1427823801
   -0.1497541575
   -0.1418134655
   -0.1250634736
   -0.1202491871
   -0.1287496451
   -0.1285196182
   -0.1196363075
   -0.1117044232
   -0.1148265721
   -0.0689397235
   -0.0760897736
   -0.0848589934
   -0.0939331757
   -0.0991582031
   -0.0964769153
   -0.0871466733
   -0.0685859168
   -0.0758883341
   -0.0857274989
   -0.0986039276
   -0.1109298163
   -0.1138041962
   -0.1036874749
   -0.0878628167
   -0.0744645394
   -0.0658570746
   -0.0599951947
   -0.0678906264
   -0.0749667145
   -0.0846207187
   -0.0994735776
   -0.1200500402
   -0.1356284896
   -0.1291335993
   -0.1065060337
   -0.0846407669
   -0.0714311132
   -0.0642509454
   -0.0588820387
   -0.0669722113
   -0.0737554628
   -0.0823372481
   -0.0956236387
   -0.1212961017
   -0.1572112570
   -0.1678651273
   -0.1390779481
   -0.1017228431
   -0.0784023802
   -0.0686607017
   -0.0627303026
   -0.0576568338
   -0.0658801506
   -0.0724339258
   -0.0801069933
   -0.0864471558
   -0.1064935062
   -0.1613527089
   -0.2074557232
   -0.1918524134
   -0.1341139261
   -0.0894399611
   -0.0727666590
   -0.0666044022
   -0.0610753292
   -0.0563688531
   -0.0709775505
   -0.0783427786
   -0.0797318489
   -0.1219213270
   -0.1929863710
   -0.1101194696
   -0.0756960197
   -0.0694672727
   -0.0641318753
   -0.0593789482
   -0.0694630741
   -0.0763106328
   -0.0804933172
   -0.1416312853
   -0.1492022672
   -0.0743536564
   -0.0665320230
   -0.0648967631
   -0.0616349604
   -0.0579697168
   -0.0744488080
   -0.0783071267
   -0.1739836047
   -0.0614106926
   -0.0405016505
   -0.0595049302
   -0.0609855147
   -0.0603650197
   -0.0729618085
   -0.0781148579
   -0.0449885547
   -0.0570313217
   -0.0617485761
   -0.0597180325
   -0.0782381653
   -0.0738872993
   -0.0627792070
   -0.0638382198
   -0.0628702693
   -0.0771366795
   -0.0840509184
   -0.0707176757
   -0.0831853360
   -0.0730609965
   -0.0674600612
   -0.0625368485
   -0.0842683771
   -0.0931435816
   -0.0980383921
   -0.0658865994
   -0.1291614690
   -0.0921914027
   -0.0754708911
   -0.0673674371
   -0.0938665154
   -0.1085210609
   -0.1191967251
   -0.1602259975
   -0.1196644255
   -0.0875838267
   -0.0739178826
   -0.1073113132
   -0.1313691112
   -0.1527800783
   -0.1461669421
   -0.1382109129
   -0.1019909400
   -0.0822488517
   -0.1262965567
   -0.1694643870
   -0.2243866140
   -0.1229870250
   -0.1384121403
   -0.1139218627
   -0.0914845063
   -0.1158354461
   -0.1529471940
   -0.2218852879
   -0.1338165071
   -0.1211636499
   -0.1001481341
   -0.1331941560
   -0.1851932874
   -0.1695037345
   -0.1409889570
   -0.1274044342
   -0.1075773390
   -0.1161683888
   -0.1519976121
   -0.2099118950
   -0.1802316231
   -0.1381773592
   -0.1147014994
   -0.1275461962
   -0.1680052242
   -0.2194219161
   -0.2158566042
   -0.1554625851
   -0.1228652578
   -0.1024533193
   -0.1095368432
   -0.1368635577
   -0.1771215544
   -0.2250377208
   -0.2568275262
   -0.2314516677
   -0.1715699011
   -0.1318690616
   -0.1082151582
   -0.1152180724
   -0.1420691600
   -0.1772160619
   -0.2116970686
   -0.2142167551
   -0.1769083742
   -0.1390103768
   -0.1134370583
   -0.1182789660
   -0.1418192552
   -0.1669778391
   -0.1804931167
   -0.1676772252
   -0.1408064650
   -0.1169522380
   -0.1180695069
   -0.1360119515
   -0.1496804451
   -0.1499406272
   -0.1359468420
   -0.1174604658
   -0.1146033928
   -0.1262060895
   -0.1312050160
   -0.1263085439
   -0.1144775879
   -0.1147813168
   -0.1148362589
   -0.0715344340
   -0.0790428631
   -0.0876134587
   -0.0946979447
   -0.0960141171
   -0.0900539755
   -0.0713024914
   -0.0791949305
   -0.0897327303
   -0.1018653937
   -0.1095295382
   -0.1059632387
   -0.0933325701
   -0.0794467219
   -0.0690614666
   -0.0706445999
   -0.0782426523
   -0.0889527010
   -0.1052238563
   -0.1228299334
   -0.1275410612
   -0.1133420252
   -0.0924995068
   -0.0763951684
   -0.0668561606
   -0.0607317843
   -0.0697559706
   -0.0769434577
   -0.0854893147
   -0.1015125218
   -0.1299956983
   -0.1535440937
   -0.1446363938
   -0.1137131211
   -0.0868649483
   -0.0721786552
   -0.0646573986
   -0.0593154588
   -0.0686766823
   -0.0757050655
   -0.0822455778
   -0.0786985274
   -0.1203495284
   -0.1714537433
   -0.1859632461
   -0.1504136674
   -0.1037405835
   -0.0782536088
   -0.0683246061
   -0.0626332274
   -0.0579141905
   -0.0674291673
   -0.0742826544
   -0.0818242648
   -0.1549594506
   -0.1955849562
   -0.1334019616
   -0.0852166004
   -0.0702379871
   -0.0652528000
   -0.0607842632
   -0.0726419593
   -0.0804537855
   -0.0760550666
   -0.1689909101
   -0.1748855235
   -0.0938670425
   -0.0649623023
   -0.0651702154
   -0.0628224786
   -0.0593270429
   -0.0710366001
   -0.0780565514
   -0.0829533665
   -0.0997498008
   -0.1079678133
   -0.0290985950
   -0.0556145077
   -0.0629674101
   -0.0615259975
   -0.0582659519
   -0.0763581410
   -0.0810704927
   -0.1026932369
   -0.0603401539
   -0.0633108993
   -0.0611070408
   -0.0748679442
   -0.0817470800
   -0.0758086597
   -0.0531068047
   -0.0668158295
   -0.0645137353
   -0.0605600277
   -0.0812453362
   -0.0881392475
   -0.0879722646
   -0.0837651265
   -0.0550063537
   -0.0763066637
   -0.0701314822
   -0.0646408707
   -0.0793580806
   -0.0894999124
   -0.1001295026
   -0.1083269700
   -0.1006263301
   -0.0978033448
   -0.0799753315
   -0.0703024992
   -0.0873954681
   -0.1012434291
   -0.1184584954
   -0.1205317606
   -0.1283472012
   -0.1189656894
   -0.1245395071
   -0.0946289296
   -0.0782052645
   -0.0979054279
   -0.1182201171
   -0.1476142714
   -0.1706550038
   -0.1278723076
   -0.1166630070
   -0.1346902770
   -0.1101144529
   -0.0880912517
   -0.1118399098
   -0.1434493918
   -0.1994721721
   -0.1379598853
   -0.1369662057
   -0.1205375918
   -0.0983664674
   -0.1300568510
   -0.1785049560
   -0.2168451593
   -0.1736369265
   -0.1509335072
   -0.1283333811
   -0.1073954697
   -0.1159360947
   -0.1518619910
   -0.2068821908
   -0.1843057147
   -0.1405155047
   -0.1157336810
   -0.1297173106
   -0.1721703758
   -0.1933591588
   -0.2256031739
   -0.1613142270
   -0.1254624440
   -0.1038378653
   -0.1123477433
   -0.1423473927
   -0.1844647737
   -0.1925034916
   -0.2542358404
   -0.1865204223
   -0.1375862418
   -0.1110583066
   -0.1202723793
   -0.1511903820
   -0.1904933407
   -0.2292540400
   -0.2511714495
   -0.2026735820
   -0.1498123265
   -0.1184334364
   -0.1257226961
   -0.1546120723
   -0.1886033683
   -0.2136926423
   -0.1974007401
   -0.1567479939
   -0.1247255670
   -0.1072740276
   -0.1276280642
   -0.1514714482
   -0.1728030591
   -0.1753851731
   -0.1541467472
   -0.1278304938
   -0.1084078896
   -0.1254912236
   -0.1418795028
   -0.1501926677
   -0.1433322766
   -0.1262506603
   -0.1196811279
   -0.1286170749
   -0.1290488996
   -0.1203334843
   -0.1114598210
   -0.1148950178
   -0.1118096472
   -0.0736779581
   -0.0810285248
   -0.0922133496
   -0.0900063431
   -0.0672279687
   -0.0736676655
   -0.0818307423
   -0.0919780178
   -0.1010230057
   -0.1029158642
   -0.0954341125
   -0.0667395711
   -0.0730962458
   -0.0809333969
   -0.0923724330
   -0.1072002989
   -0.1172035920
   -0.1129071896
   -0.0974108376
   -0.0812668662
   -0.0699229536
   -0.0660155785
   -0.0723279967
   -0.0793457260
   -0.0880952875
   -0.1070459783
   -0.1287575151
   -0.1350630195
   -0.1180941159
   -0.0940406998
   -0.0766651393
   -0.0669841171
   -0.0609910662
   -0.0713946690
   -0.0784187770
   -0.0800016439
   -0.0906666092
   -0.1293106557
   -0.1559175923
   -0.1471631748
   -0.1134188811
   -0.0853293527
   -0.0711391397
   -0.0642873358
   -0.0594078566
   -0.0702085530
   -0.0776023479
   -0.0809520153
   -0.1040314019
   -0.1578263980
   -0.1742599953
   -0.1416721673
   -0.0972271023
   -0.0740881289
   -0.0665451723
   -0.0621607520
   -0.0688342166
   -0.0760709872
   -0.0847064360
   -0.1319527781
   -0.1685600038
   -0.1656272697
   -0.1138672201
   -0.0733578758
   -0.0652952535
   -0.0638374813
   -0.0606667739
   -0.0743007539
   -0.0828672957
   -0.0895793319
   -0.1008300222
   -0.1286494644
   -0.1444641593
   -0.1274466297
   -0.0682483680
   -0.0533093058
   -0.0627606232
   -0.0627890325
   -0.0596791517
   -0.0726018451
   -0.0804112988
   -0.0898201873
   -0.0892797665
   -0.0924404387
   -0.1226542175
   -0.1095007581
   -0.0745996345
   -0.0149625028
   -0.0550881168
   -0.0643935268
   -0.0625901112
   -0.0786384406
   -0.0872942071
   -0.0968754512
   -0.1020621266
   -0.1373915865
   -0.0914353296
   -0.0637015559
   -0.0773643413
   -0.0377786726
   -0.0664324887
   -0.0662884055
   -0.0623066197
   -0.0767251455
   -0.0859728946
   -0.0965348513
   -0.1088164849
   -0.1308135072
   -0.1423378940
   -0.0755894555
   -0.0564294619
   -0.0507615547
   -0.0734356861
   -0.0723129992
   -0.0668197720
   -0.0840065479
   -0.0958277260
   -0.1103896225
   -0.1254513316
   -0.1428755581
   -0.1340877801
   -0.0868294225
   -0.0926001475
   -0.0827712190
   -0.0732396594
   -0.0934144346
   -0.1098351020
   -0.1309135400
   -0.1507847994
   -0.1767881990
   -0.1394475838
   -0.1124107376
   -0.0976427633
   -0.0821421498
   -0.1059842230
   -0.1305214216
   -0.1682074033
   -0.2143326607
   -0.2101661911
   -0.1460606024
   -0.1230068014
   -0.1115638171
   -0.0928427405
   -0.1229583917
   -0.1620458842
   -0.2227685100
   -0.1727757053
   -0.1401726929
   -0.1223356147
   -0.1033873583
   -0.0867370974
   -0.1126414455
   -0.1450079833
   -0.1986071633
   -0.1763847257
   -0.1363323764
   -0.1131873773
   -0.0948914409
   -0.1275767294
   -0.1684131942
   -0.1959148126
   -0.2252368661
   -0.1595384946
   -0.1243102110
   -0.1029536603
   -0.1124138046
   -0.1425877937
   -0.1826258525
   -0.2555949939
   -0.1911520961
   -0.1388079212
   -0.1114298824
   -0.1222133229
   -0.1542767633
   -0.1873478645
   -0.1964492976
   -0.2577669366
   -0.2185054671
   -0.1556748154
   -0.1207110111
   -0.1062824720
   -0.1299680135
   -0.1609082829
   -0.1953055805
   -0.2322287229
   -0.2220466651
   -0.1690686400
   -0.1298903239
   -0.1113448825
   -0.1343358456
   -0.1621843170
   -0.1910649209
   -0.1997305851
   -0.1712193960
   -0.1363920762
   -0.1112923139
   -0.1140961986
   -0.1344695600
   -0.1558409743
   -0.1691948503
   -0.1607913994
   -0.1373721290
   -0.1147156922
   -0.1140235255
   -0.1300063910
   -0.1425376162
   -0.1439815084
   -0.1321877612
   -0.1150625112
   -0.1110682519
   -0.1217735371
   -0.1267763009
   -0.1228415008
   -0.1120440432
   -0.1116389364
   -0.1119704407
   -0.0690316740
   -0.0754800372
   -0.0833637502
   -0.0916047104
   -0.0962710316
   -0.0937387772
   -0.0851726232
   -0.0687001540
   -0.0750539353
   -0.0830732774
   -0.0939479410
   -0.1041132025
   -0.1063326452
   -0.0979354487
   -0.0846607231
   -0.0681340153
   -0.0744178728
   -0.0812266495
   -0.0920196576
   -0.1078022940
   -0.1183619897
   -0.1138753171
   -0.0975710763
   -0.0809744711
   -0.0697391274
   -0.0673301380
   -0.0737852654
   -0.0799607203
   -0.0845836723
   -0.1039113684
   -0.1246333991
   -0.1304358691
   -0.1144319326
   -0.0913987559
   -0.0750762536
   -0.0663498405
   -0.0728662120
   -0.0801042814
   -0.0795643042
   -0.0858364486
   -0.1201010714
   -0.1392458932
   -0.1325103314
   -0.1048533110
   -0.0807040930
   -0.0690943421
   -0.0636859127
   -0.0715824326
   -0.0794219946
   -0.0859940442
   -0.0679646198
   -0.1057780818
   -0.1324350842
   -0.1405898170
   -0.1190738879
   -0.0868426688
   -0.0696593250
   -0.0652170648
   -0.0620254842
   -0.0700887958
   -0.0777461232
   -0.0874781347
   -0.0911221221
   -0.0961241295
   -0.1223036901
   -0.1289707704
   -0.1241240436
   -0.0943898625
   -0.0670771918
   -0.0640187882
   -0.0639572447
   -0.0610862537
   -0.0759054940
   -0.0851159118
   -0.0968353574
   -0.1053102095
   -0.1248120934
   -0.1203685999
   -0.1126912886
   -0.1003920357
   -0.0676844989
   -0.0591019146
   -0.0649594621
   -0.0640206835
   -0.0828101741
   -0.0940299497
   -0.1073713985
   -0.1271793530
   -0.1369358824
   -0.1078199004
   -0.0971154916
   -0.0795219000
   -0.0590060763
   -0.0661722257
   -0.0676387745
   -0.0806461483
   -0.0914320879
   -0.1051894462
   -0.1232322084
   -0.1476311703
   -0.1320526360
   -0.0917232255
   -0.0758924934
   -0.0732943195
   -0.0734240232
   -0.0688322037
   -0.0889379998
   -0.1028484768
   -0.1207889763
   -0.1450469065
   -0.1594373966
   -0.1274553164
   -0.0793750339
   -0.0892968190
   -0.0834271473
   -0.0756236459
   -0.0997474915
   -0.1188600401
   -0.1453668826
   -0.1776591325
   -0.1809161453
   -0.1038859554
   -0.0967701882
   -0.0848253015
   -0.1142544091
   -0.1429078730
   -0.1868616673
   -0.2260859188
   -0.2027912282
   -0.1263999343
   -0.1183699365
   -0.1099107357
   -0.0955040763
   -0.0821514824
   -0.1072125083
   -0.1338110995
   -0.1775369222
   -0.2342520639
   -0.2515613062
   -0.2124510509
   -0.1525082114
   -0.1247750038
   -0.1063939181
   -0.0906022262
   -0.1218143357
   -0.1577703051
   -0.2086707725
   -0.2544674703
   -0.2054749598
   -0.1477435266
   -0.1184453181
   -0.0993835601
   -0.1098016443
   -0.1378961955
   -0.1783553212
   -0.2031440332
   -0.2538657702
   -0.1812164143
   -0.1340547081
   -0.1087617143
   -0.1207666574
   -0.1520365307
   -0.1861250942
   -0.2050308318
   -0.2603177359
   -0.2159767325
   -0.1536677809
   -0.1193732483
   -0.1064834230
   -0.1303662890
   -0.1610270672
   -0.1924766174
   -0.2337492410
   -0.2301266893
   -0.1726242912
   -0.1308654845
   -0.1129846318
   -0.1369471565
   -0.1655144374
   -0.1976689153
   -0.2136068486
   -0.1813355264
   -0.1408225536
   -0.1132113327
   -0.1173937783
   -0.1396055376
   -0.1641195560
   -0.1827601924
   -0.1742906817
   -0.1453715268
   -0.1187509147
   -0.1189850089
   -0.1375674105
   -0.1537026276
   -0.1569350246
   -0.1422488546
   -0.1211386537
   -0.1173823560
   -0.1306220378
   -0.1376082758
   -0.1330092127
   -0.1194372331
   -0.1127521705
   -0.1203489225
   -0.1210853776
   -0.1141204106
   -0.0765282307
   -0.0832702780
   -0.0892821300
   -0.0702395203
   -0.0764912583
   -0.0842260244
   -0.0925503455
   -0.0972423297
   -0.0945245768
   -0.0856302774
   -0.0698823353
   -0.0759895252
   -0.0832765559
   -0.0935196697
   -0.1029886557
   -0.1048220412
   -0.0965837772
   -0.0836938116
   -0.0693017146
   -0.0755948916
   -0.0817863813
   -0.0910595198
   -0.1044281256
   -0.1126258503
   -0.1083159935
   -0.0938450714
   -0.0684294934
   -0.0750968020
   -0.0817077444
   -0.0873696108
   -0.1012961437
   -0.1147297460
   -0.1173864834
   -0.1048915052
   -0.0864086413
   -0.0729252797
   -0.0741172245
   -0.0819029500
   -0.0881757357
   -0.0969493679
   -0.1120087856
   -0.1195436453
   -0.1134703248
   -0.0946331621
   -0.0768051714
   -0.0680123596
   -0.0727309637
   -0.0808725414
   -0.0900998367
   -0.0980476250
   -0.1103198186
   -0.1171961326
   -0.1154637943
   -0.1018838302
   -0.0813943706
   -0.0694552550
   -0.0657510336
   -0.0791465755
   -0.0890426451
   -0.1001271644
   -0.1120570854
   -0.1196521574
   -0.1145603969
   -0.1055970137
   -0.0881009367
   -0.0718195523
   -0.0675893369
   -0.0771862323
   -0.0868924436
   -0.0988758956
   -0.1127571060
   -0.1262003388
   -0.1219796284
   -0.1084530967
   -0.0948819725
   -0.0791127844
   -0.0711664172
   -0.0692289307
   -0.0845458747
   -0.0965152429
   -0.1113103189
   -0.1288865504
   -0.1364622693
   -0.1208956205
   -0.0972309494
   -0.0886874148
   -0.0798917538
   -0.0751755507
   -0.0706107393
   -0.0937527875
   -0.1090516080
   -0.1284649904
   -0.1476727625
   -0.1456966616
   -0.1138046434
   -0.0892468490
   -0.0920141926
   -0.0847184207
   -0.0774875159
   -0.1056717175
   -0.1264630674
   -0.1532135874
   -0.1724574212
   -0.1564941579
   -0.1087872683
   -0.1033531587
   -0.0967525157
   -0.0865370082
   -0.1214967029
   -0.1514321134
   -0.1882930180
   -0.2013722688
   -0.1649083538
   -0.1256402249
   -0.1105627051
   -0.0970785755
   -0.0847874780
   -0.1138794685
   -0.1420831778
   -0.1835633282
   -0.2249549284
   -0.2196260575
   -0.1681597023
   -0.1301734562
   -0.1090530883
   -0.0935649906
   -0.1050990354
   -0.1292704844
   -0.1651225387
   -0.2117155241
   -0.2453121555
   -0.2165563565
   -0.1595014946
   -0.1241231649
   -0.1032252149
   -0.1163052664
   -0.1448921176
   -0.1829947718
   -0.2255008233
   -0.2434258034
   -0.1939591287
   -0.1435725781
   -0.1142980492
   -0.1044548691
   -0.1270716312
   -0.1569762448
   -0.1922424342
   -0.2289797489
   -0.2165662229
   -0.1647480004
   -0.1268886697
   -0.1119923534
   -0.1355059646
   -0.1638531286
   -0.1960433463
   -0.2112393642
   -0.1791596969
   -0.1392495767
   -0.1120948129
   -0.1178360441
   -0.1403396483
   -0.1655765340
   -0.1863737056
   -0.1783037746
   -0.1474203712
   -0.1194749003
   -0.1210888244
   -0.1408537473
   -0.1591514845
   -0.1640096174
   -0.1476665510
   -0.1241100433
   -0.1056183893
   -0.1211697914
   -0.1362148918
   -0.1450093554
   -0.1401263773
   -0.1243830320
   -0.1055689469
   -0.1178689222
   -0.1270328467
   -0.1283216027
   -0.1201727701
   -0.1116899299
   -0.1156349941
   -0.1128587572
   -0.0712731713
   -0.0771870452
   -0.0835850162
   -0.0889857712
   -0.0711553731
   -0.0771065170
   -0.0841325936
   -0.0914009688
   -0.0951827444
   -0.0923678107
   -0.0708346497
   -0.0768844466
   -0.0836013788
   -0.0920040129
   -0.0990281339
   -0.0997091131
   -0.0924197549
   -0.0702227325
   -0.0766879219
   -0.0832815594
   -0.0912120335
   -0.1000772860
   -0.1044213671
   -0.1001312078
   -0.0886623660
   -0.0761261533
   -0.0834731234
   -0.0909742914
   -0.0998346822
   -0.1061418335
   -0.1053378731
   -0.0958335395
   -0.0822886036
   -0.0717934435
   -0.0750304042
   -0.0830937015
   -0.0916283079
   -0.1003789585
   -0.1072981326
   -0.1079743342
   -0.1014172369
   -0.0885252419
   -0.0759529615
   -0.0686618869
   -0.0818462811
   -0.0914182148
   -0.1014712416
   -0.1100058298
   -0.1114070935
   -0.1057030096
   -0.0948828522
   -0.0815613835
   -0.0723816630
   -0.0800504398
   -0.0900322846
   -0.1014419303
   -0.1128140682
   -0.1179899740
   -0.1122855971
   -0.1014204445
   -0.0890138430
   -0.0781800137
   -0.0719431193
   -0.0879254868
   -0.1000851373
   -0.1138259540
   -0.1250305907
   -0.1240176723
   -0.1112973166
   -0.0973314910
   -0.0867289876
   -0.0784846803
   -0.0725082387
   -0.0976697578
   -0.1129056346
   -0.1293290703
   -0.1381074072
   -0.1292513008
   -0.1093067673
   -0.0969505921
   -0.0876159752
   -0.0794513751
   -0.1100383502
   -0.1297387531
   -0.1488840726
   -0.1526462834
   -0.1332734838
   -0.1111344212
   -0.0989142264
   -0.0883046003
   -0.1052676681
   -0.1258410471
   -0.1514711190
   -0.1717917162
   -0.1652270799
   -0.1363992386
   -0.1138332672
   -0.0989320697
   -0.0868864583
   -0.1185642505
   -0.1449754767
   -0.1759242928
   -0.1912580459
   -0.1696840264
   -0.1356377917
   -0.1120784997
   -0.0960149935
   -0.1096844774
   -0.1333371825
   -0.1645287304
   -0.1956152647
   -0.1973719173
   -0.1630051721
   -0.1289395942
   -0.1065893588
   -0.1205966787
   -0.1471380565
   -0.1790779247
   -0.2023268538
   -0.1864651098
   -0.1484549868
   -0.1188559385
   -0.1085751045
   -0.1302633166
   -0.1568940143
   -0.1847317129
   -0.1923951836
   -0.1649876981
   -0.1318142657
   -0.1080068214
   -0.1154420650
   -0.1369637339
   -0.1609115679
   -0.1788813096
   -0.1704014195
   -0.1423103950
   -0.1164829659
   -0.1201208359
   -0.1396228520
   -0.1576689120
   -0.1623689133
   -0.1462173329
   -0.1229809101
   -0.1060206330
   -0.1218536829
   -0.1374159310
   -0.1468705851
   -0.1419606125
   -0.1255032191
   -0.1071599567
   -0.1202019467
   -0.1302727732
   -0.1319779033
   -0.1231791079
   -0.1059224543
   -0.1152786440
   -0.1198878442
   -0.1169287920
   -0.1080009004
   -0.0773778987
   -0.0829372966
   -0.0718277010
   -0.0775627627
   -0.0836719868
   -0.0892228073
   -0.0915446071
   -0.0886372186
   -0.0776109483
   -0.0839443145
   -0.0903382982
   -0.0946133135
   -0.0939622660
   -0.0877300940
   -0.0774068956
   -0.0842293424
   -0.0910472917
   -0.0965107506
   -0.0978163989
   -0.0934041776
   -0.0844943415
   -0.0767062751
   -0.0842526952
   -0.0918318314
   -0.0982799353
   -0.1009275601
   -0.0981505617
   -0.0903585248
   -0.0803059662
   -0.0835893481
   -0.0922335509
   -0.1001915616
   -0.1045814057
   -0.1029525381
   -0.0962032693
   -0.0863992631
   -0.0769038894
   -0.0822072518
   -0.0917157577
   -0.1014655236
   -0.1087382098
   -0.1093126339
   -0.1030738487
   -0.0934257809
   -0.0833519741
   -0.0902131061
   -0.1014216262
   -0.1119849047
   -0.1170064215
   -0.1126828756
   -0.1022580817
   -0.0914064597
   -0.0820572421
   -0.0998847659
   -0.1131200398
   -0.1237680513
   -0.1249375040
   -0.1149965949
   -0.1017073361
   -0.0907549887
   -0.0816557325
   -0.1116524965
   -0.1270931197
   -0.1365609223
   -0.1319116264
   -0.1164635477
   -0.1017991175
   -0.0903090252
   -0.1077169196
   -0.1256592637
   -0.1428111948
   -0.1485202925
   -0.1361101409
   -0.1167077195
   -0.1009415806
   -0.1200416611
   -0.1409661541
   -0.1575209717
   -0.1555830757
   -0.1356246770
   -0.1142539619
   -0.0980291021
   -0.1120391858
   -0.1327199593
   -0.1547035860
   -0.1661773327
   -0.1542566247
   -0.1299807019
   -0.1089049602
   -0.1217634257
   -0.1434358988
   -0.1627289370
   -0.1647130901
   -0.1450352955
   -0.1208285045
   -0.1105630019
   -0.1295919313
   -0.1496048800
   -0.1619026609
   -0.1537930609
   -0.1317201522
   -0.1104219559
   -0.1162436087
   -0.1340157745
   -0.1494022500
   -0.1523145112
   -0.1381625730
   -0.1178996950
   -0.1042638110
   -0.1193828261
   -0.1340143838
   -0.1425025959
   -0.1376698064
   -0.1223015321
   -0.1064934964
   -0.1193650119
   -0.1292920823
   -0.1309428740
   -0.1222280671
   -0.1064330585
   -0.1160395119
   -0.1208615527
   -0.1178558117
   -0.1099715533
   -0.1106645197
   -0.0776943824
   -0.0829466195
   -0.0778500533
   -0.0837533456
   -0.0886837673
   -0.0910382874
   -0.0894617065
   -0.0842407198
   -0.0901951191
   -0.0938526160
   -0.0936024115
   -0.0892124285
   -0.0841603740
   -0.0913283301
   -0.0966127563
   -0.0978913701
   -0.0945258090
   -0.0877424711
   -0.0916853765
   -0.0989601204
   -0.1025540428
   -0.1006376673
   -0.0942775384
   -0.0859745452
   -0.1002040006
   -0.1077553290
   -0.1022829849
   -0.0935505760
   -0.0845981365
   -0.1096757289
   -0.1148141913
   -0.1120184248
   -0.1030800130
   -0.0928203022
   -0.1099440936
   -0.1197741143
   -0.1220775146
   -0.1148783445
   -0.1030996911
   -0.0918618803
   -0.1074786905
   -0.1208544183
   -0.1294385119
   -0.1272916345
   -0.1156393999
   -0.1019223066
   -0.1177282424
   -0.1312804108
   -0.1365219543
   -0.1287588772
   -0.1136989917
   -0.1115632045
   -0.1272257446
   -0.1388907382
   -0.1385789385
   -0.1256968085
   -0.1091013390
   -0.1193388923
   -0.1340097641
   -0.1412213608
   -0.1346730396
   -0.1189200355
   -0.1099864538
   -0.1247425353
   -0.1362100639
   -0.1373199339
   -0.1261881026
   -0.1101548594
   -0.1140928454
   -0.1265615548
   -0.1330403616
   -0.1285455664
   -0.1155884591
   -0.1154839418
   -0.1242464308
   -0.1253957989
   -0.1174710985
   -0.1138086656
   -0.1182670751
   -0.1153275534
   -0.1093194959
   -0.1099847034
   -0.1102384672
   -0.1086318500
   -0.1129024716
   -0.1154326172
   -0.1104192915
   -0.1121178378
   -0.1189991696
   -0.1181079832
   -0.1097457473
   -0.1082253919
   -0.1182271451
   -0.1222171234
   -0.1173991239
   -0.1136576796
   -0.1214850169
   -0.1215530928
   -0.1133726288
   -0.1068106335
   -0.1165567688
   -0.1209691475
   -0.1171238543
   -0.1091901595
   -0.1162137051
   -0.1167588301
   -0.1100785863
   -0.1089701669
   -0.1126475819
   -0.1099007439
   -0.1078287250
   -0.1074792404
   -0.1087113843
