    0.0164417906
    0.0174511893
    0.0173407103
    0.0149771170
    0.0165430445
    0.0169812390
    0.0163913964
    0.0151388211
    0.0161809247
    0.0160168353
    0.0149559294
    0.0134308689
    0.0149391268
    0.0153254011
    0.0145890970
    0.0133191785
    0.0142570114
    0.0139497923
    0.0129017037
    0.0116017957
    0.0127931532
    0.0130257743
    0.0123191004
    0.0111985681
    0.0117997872
    0.0115291108
    0.0199920273
    0.0195562730
    0.0204841825
    0.0207733147
    0.0198636901
    0.0197392994
    0.0209598649
    0.0206947616
    0.0193434132
    0.0179671955
    0.0200875244
    0.0205092106
    0.0199055600
    0.0156989569
    0.0183449217
    0.0196614349
    0.0195155301
    0.0183319450
    0.0134125861
    0.0160892789
    0.0182729874
    0.0188170818
    0.0179091302
    0.0161441756
    0.0137491115
    0.0162262207
    0.0178858614
    0.0172404410
    0.0157759014
    0.0116484879
    0.0138945502
    0.0160505278
    0.0164476529
    0.0150797301
    0.0135193917
    0.0117729321
    0.0137249012
    0.0149210139
    0.0142377572
    0.0129194159
    0.0116284720
    0.0129231295
    0.0130546980
    0.0121475716
    0.0110540728
    0.0115851715
    0.0112126020
    0.0100971881
    0.0101259900
    0.0205834334
    0.0218870045
    0.0211268174
    0.0207904394
    0.0237606136
    0.0237559828
    0.0223606295
    0.0238516747
    0.0253089577
    0.0244663698
    0.0226842418
    0.0219266559
    0.0250681311
    0.0249739100
    0.0243530031
    0.0215915228
    0.0189050651
    0.0229016460
    0.0241887448
    0.0239970230
    0.0230069575
    0.0157829692
    0.0196649357
    0.0224830382
    0.0229104895
    0.0224646584
    0.0202527991
    0.0130642261
    0.0163267451
    0.0198483749
    0.0225773037
    0.0213929745
    0.0198430756
    0.0169484062
    0.0108811627
    0.0134424439
    0.0166365673
    0.0210146551
    0.0219430491
    0.0187252845
    0.0167181861
    0.0111765291
    0.0137359662
    0.0172019683
    0.0210982387
    0.0182117524
    0.0158033571
    0.0138049762
    0.0093992747
    0.0114574178
    0.0139704598
    0.0169743283
    0.0172596222
    0.0148166700
    0.0132151109
    0.0096314903
    0.0116365776
    0.0136660413
    0.0148447961
    0.0137932977
    0.0124023296
    0.0097471834
    0.0113915967
    0.0125015474
    0.0124445166
    0.0115141467
    0.0104186473
    0.0095333418
    0.0105899473
    0.0109351028
    0.0105190155
    0.0097196939
    0.0094586104
    0.0094143116
    0.0208547876
    0.0221840620
    0.0212380910
    0.0222090190
    0.0258518714
    0.0254996751
    0.0235455638
    0.0203498705
    0.0216615507
    0.0279304993
    0.0297956626
    0.0277152430
    0.0252394360
    0.0202853700
    0.0266919100
    0.0322429163
    0.0305241068
    0.0293252650
    0.0252875781
    0.0167725981
    0.0229892436
    0.0302563700
    0.0313109008
    0.0299137794
    0.0294222563
    0.0229392487
    0.0140714377
    0.0188167078
    0.0252141555
    0.0293260381
    0.0278568145
    0.0294816483
    0.0262712851
    0.0192370191
    0.0151730026
    0.0199765765
    0.0250713671
    0.0271653938
    0.0264608168
    0.0265061423
    0.0214099408
    0.0123062251
    0.0156865957
    0.0201547806
    0.0274715154
    0.0293524943
    0.0240071517
    0.0216671771
    0.0169004937
    0.0101502593
    0.0125564283
    0.0158751412
    0.0221506518
    0.0420804876
    0.0250228655
    0.0199851031
    0.0171444360
    0.0103652690
    0.0127994870
    0.0165616829
    0.0292561099
    0.0326102369
    0.0183138220
    0.0162602796
    0.0135839297
    0.0086996536
    0.0106838577
    0.0133893316
    0.0176336867
    0.0247606668
    0.0179982965
    0.0148911769
    0.0131894305
    0.0089762912
    0.0112197659
    0.0137990375
    0.0164359555
    0.0162133318
    0.0137294915
    0.0124042944
    0.0093095496
    0.0114783929
    0.0131358881
    0.0136810750
    0.0126616642
    0.0115121034
    0.0102333464
    0.0093924192
    0.0109401578
    0.0116319890
    0.0113933624
    0.0105935016
    0.0096064695
    0.0089677555
    0.0098255191
    0.0099838674
    0.0095868778
    0.0191938327
    0.0203605851
    0.0195987253
    0.0214755926
    0.0249274375
    0.0245371016
    0.0225285347
    0.0195141722
    0.0221676391
    0.0292236013
    0.0313592955
    0.0283372127
    0.0253505365
    0.0202486322
    0.0209066134
    0.0302301503
    0.0393254425
    0.0353959442
    0.0323548115
    0.0270820066
    0.0194875009
    0.0184615143
    0.0269984896
    0.0410618755
    0.0442185175
    0.0371189149
    0.0360813700
    0.0258962876
    0.0157041892
    0.0222010311
    0.0337923769
    0.0461179441
    0.0367203160
    0.0416733191
    0.0341797075
    0.0221120326
    0.0130984089
    0.0177559134
    0.0254250276
    0.0363469767
    0.0353079263
    0.0347155613
    0.0395864854
    0.0273676028
    0.0141195403
    0.0189819937
    0.0264136655
    0.0333796625
    0.0312830714
    0.0344961549
    0.0303471949
    0.0206808996
    0.0113559712
    0.0143909921
    0.0189991220
    0.0276318896
    0.0324780393
    0.0279462968
    0.0221615910
    0.0093229935
    0.0113972122
    0.0140353369
    0.0195006167
    0.0239472903
    0.0211265432
    0.0165390832
    0.0094168414
    0.0113081820
    0.0145354983
    0.0262339843
    0.0315378692
    0.0182984924
    0.0162163464
    0.0078958345
    0.0096022915
    0.0121791806
    0.0165186180
    0.0315287900
    0.0348124533
    0.0161604479
    0.0149730402
    0.0126654455
    0.0080981023
    0.0103439728
    0.0139571274
    0.0169286459
    0.0199834149
    0.0152929464
    0.0135546316
    0.0121383822
    0.0084971230
    0.0113237153
    0.0139971544
    0.0147285820
    0.0139144914
    0.0124502893
    0.0113459232
    0.0088634127
    0.0112487649
    0.0123318207
    0.0122208176
    0.0114152441
    0.0104646698
    0.0087224432
    0.0101027293
    0.0104582156
    0.0101754864
    0.0095172347
    0.0080275682
    0.0087174087
    0.0088047684
    0.0084821786
    0.0186928321
    0.0211623688
    0.0210848785
    0.0197293419
    0.0203632522
    0.0258648350
    0.0275303645
    0.0252494240
    0.0227312058
    0.0204466811
    0.0291234130
    0.0377057915
    0.0339553932
    0.0301334907
    0.0253534516
    0.0283207065
    0.0467816515
    0.0538004240
    0.0397329786
    0.0366465143
    0.0258831216
    0.0168406156
    0.0245359796
    0.0423301187
    0.0849657985
    0.0556280853
    0.0548154483
    0.0392130726
    0.0233164536
    0.0143731827
    0.0202226663
    0.0316767130
    0.0647859099
    0.0617737780
    0.0647456096
    0.0329170268
    0.0191824771
    0.0162618681
    0.0234882677
    0.0382727551
    0.0643673961
    0.0472412533
    0.0774250767
    0.0458510530
    0.0244814765
    0.0129146374
    0.0174570556
    0.0252255269
    0.0400435263
    0.0527440150
    0.0467116888
    0.0491333474
    0.0294777069
    0.0180436756
    0.0103597653
    0.0130594783
    0.0169862376
    0.0260496979
    0.0381257395
    0.0302100976
    0.0202466075
    0.0103035870
    0.0119847423
    0.0164050429
    0.0393203266
    0.0255418293
    0.0206376807
    0.0147824018
    0.0084843604
    0.0098516735
    0.0117119999
    0.0213351303
    0.0213268684
    0.0188806636
    0.0151392850
    0.0084678854
    0.0104035623
    0.0183719302
    0.0263312162
    0.0226257759
    0.0162490528
    0.0146228307
    0.0071430546
    0.0089817259
    0.0143570212
    0.0230354183
    0.0217973607
    0.0195776391
    0.0144468477
    0.0135782532
    0.0113690058
    0.0073995207
    0.0103458430
    0.0168569362
    0.0171444683
    0.0155334513
    0.0134841764
    0.0124239105
    0.0108712398
    0.0078147901
    0.0111175061
    0.0138227943
    0.0130988500
    0.0122802264
    0.0112989592
    0.0101353822
    0.0079591132
    0.0101689705
    0.0108959248
    0.0106493136
    0.0100908721
    0.0092452627
    0.0075198216
    0.0086485339
    0.0089358281
    0.0087648032
    0.0082556576
    0.0072989796
    0.0165531459
    0.0168712688
    0.0201741961
    0.0212405900
    0.0204375743
    0.0190410285
    0.0237700661
    0.0281690043
    0.0265636842
    0.0244849354
    0.0214944154
    0.0253962900
    0.0372084362
    0.0403902704
    0.0322663527
    0.0297444118
    0.0228275583
    0.0242020604
    0.0402645347
    0.0782333924
    0.0529517416
    0.0450846264
    0.0344995366
    0.0218987441
    0.0213997523
    0.0341100742
    0.0925427345
    0.0794658413
    0.0693387492
    0.0328496148
    0.0189918262
    0.0180619368
    0.0270165791
    0.0523252956
    0.0600668689
    0.0260740241
    0.0146486779
    0.0213007085
    0.0337655788
    0.0754803926
    0.0369659813
    0.0194883923
    0.0116620516
    0.0158992452
    0.0258722715
    0.0399351658
    0.0473167201
    0.0238693882
    0.0093614075
    0.0118272412
    0.0162441990
    0.0308651072
    0.0431387432
    0.0265967121
    0.0167217731
    0.0092987506
    0.0107705016
    0.0148137581
    0.0430674930
    0.0254518323
    0.0179497998
    0.0075924686
    0.0087848700
    0.0091390880
    0.0273956984
    0.0230672117
    0.0178549529
    0.0130775261
    0.0074392681
    0.0085500947
    0.0192600062
    0.0584579981
    0.0231695703
    0.0169337798
    0.0132301881
    0.0075350893
    0.0115447062
    0.0416688267
    0.0278577788
    0.0193031437
    0.0157837096
    0.0129007321
    0.0062675831
    0.0083691277
    0.0176707720
    0.0345849928
    0.0181887731
    0.0157515873
    0.0140109340
    0.0121794221
    0.0098552884
    0.0064813018
    0.0094830048
    0.0159094107
    0.0152228158
    0.0131237791
    0.0122379566
    0.0110924410
    0.0093942470
    0.0066742627
    0.0093279622
    0.0112858548
    0.0108812144
    0.0105093865
    0.0098130476
    0.0086763613
    0.0065091983
    0.0080963687
    0.0087621831
    0.0087853176
    0.0084827379
    0.0077864918
    0.0059600295
    0.0068188717
    0.0071800444
    0.0071735781
    0.0105703547
    0.0110168123
    0.0109598115
    0.0124004413
    0.0130368090
    0.0132208093
    0.0126225099
    0.0156307638
    0.0159389892
    0.0156008353
    0.0139793206
    0.0176592119
    0.0193715438
    0.0194245234
    0.0192193868
    0.0177761759
    0.0202120946
    0.0246413003
    0.0251475194
    0.0234782239
    0.0227607482
    0.0191221578
    0.0213421166
    0.0293716174
    0.0378034147
    0.0305800294
    0.0290809908
    0.0260634524
    0.0190093618
    0.0207545897
    0.0298703559
    0.0542690849
    0.0402743912
    0.0401922312
    0.0269181820
    0.0188369283
    0.0270373098
    0.0480833545
    0.0464684377
    0.0238588326
    0.0160692827
    0.0232997563
    0.0360049144
    0.0363417725
    0.0190788699
    0.0130750801
    0.0187029735
    0.0324674046
    0.0491328896
    0.0636449580
    0.0250450022
    0.0104522627
    0.0139789873
    0.0251421796
    0.0743910454
    0.0315907943
    0.0176875750
    0.0105457996
    0.0143771384
    0.0744953396
    0.0337066192
    0.0201784514
    0.0083048220
    0.0098204991
    0.0142253092
    0.0346725677
    0.0211651447
    0.0142801648
    0.0078565041
    0.0081220545
    0.0206672838
    0.0217225915
    0.0149654692
    0.0064983324
    0.0073343314
    0.0099875676
    0.0269596252
    0.0152253278
    0.0110325542
    0.0063225138
    0.0079035695
    0.0392327273
    0.0335545628
    0.0264877120
    0.0153262743
    0.0111545092
    0.0064997183
    0.0111253362
    0.0363257685
    0.0181818145
    0.0172297539
    0.0143229172
    0.0109395262
    0.0052295615
    0.0070614872
    0.0129633819
    0.0199246078
    0.0135522271
    0.0130160899
    0.0121794769
    0.0102605803
    0.0052655612
    0.0073193482
    0.0103943227
    0.0107265750
    0.0104340459
    0.0101618933
    0.0091705025
    0.0051851853
    0.0067726043
    0.0079974628
    0.0083367284
    0.0083872977
    0.0079281776
    0.0058721928
    0.0065206158
    0.0067994182
    0.0070194282
    0.0073987457
    0.0079747483
    0.0086131185
    0.0088398695
    0.0090200026
    0.0098854714
    0.0104385992
    0.0104089698
    0.0103886256
    0.0112887743
    0.0121653308
    0.0125980025
    0.0118689952
    0.0131348578
    0.0140812541
    0.0150387406
    0.0148106037
    0.0127353645
    0.0148981806
    0.0159973103
    0.0164233524
    0.0176366269
    0.0181983143
    0.0162683751
    0.0172690927
    0.0198337906
    0.0203547961
    0.0198911332
    0.0216052318
    0.0206214080
    0.0163840213
    0.0186440327
    0.0231396720
    0.0267663457
    0.0236187503
    0.0223908638
    0.0255995891
    0.0213492089
    0.0185334388
    0.0244007985
    0.0315942052
    0.0390280185
    0.0229689921
    0.0288297501
    0.0288366847
    0.0199785176
    0.0169585610
    0.0233174697
    0.0315824644
    0.0496802220
    0.0463487156
    0.0275801657
    0.0170811828
    0.0144385571
    0.0202435494
    0.0298572766
    0.0393802438
    0.0439273789
    0.0223174810
    0.0160432880
    0.0264582531
    0.0497190639
    0.0529575141
    0.0294855625
    0.0169390272
    0.0121555286
    0.0182919167
    0.0354746444
    0.0201621931
    0.0093177052
    0.0118553919
    0.0326378519
    0.0359435688
    0.0222544983
    0.0145028783
    0.0086830809
    0.0106543948
    0.0236774177
    0.0157164831
    0.0068905306
    0.0075288028
    0.0100134789
    0.0426859610
    0.0166913847
    0.0115300707
    0.0063299293
    0.0067061321
    0.0192215543
    0.0120542071
    0.0052967352
    0.0060831939
    0.0103011695
    0.0363630189
    0.0220569166
    0.0124549173
    0.0051137808
    0.0066611453
    0.0194340939
    0.0196563743
    0.0185197793
    0.0176882953
    0.0123228546
    0.0089230408
    0.0051447813
    0.0076618349
    0.0154116976
    0.0139209381
    0.0125807180
    0.0127500728
    0.0110945775
    0.0086290867
    0.0052018296
    0.0074364346
    0.0092848354
    0.0094627529
    0.0099322172
    0.0093658245
    0.0079423350
    0.0049892718
    0.0063202851
    0.0071679918
    0.0077540613
    0.0077201782
    0.0069888643
    0.0045100036
    0.0053293379
    0.0059543766
    0.0062191410
    0.0052288899
    0.0056968441
    0.0058596484
    0.0066216750
    0.0069468069
    0.0068014339
    0.0063788300
    0.0074828143
    0.0081140608
    0.0083477362
    0.0077533726
    0.0069289866
    0.0081561456
    0.0091686443
    0.0099251829
    0.0098414750
    0.0079808069
    0.0087527790
    0.0100663075
    0.0113842707
    0.0122328892
    0.0109732988
    0.0099550307
    0.0099925959
    0.0107448811
    0.0128997570
    0.0146913726
    0.0142055842
    0.0112154680
    0.0126750460
    0.0127497383
    0.0118608088
    0.0139939867
    0.0173421250
    0.0178014123
    0.0146224439
    0.0153657591
    0.0167265034
    0.0152833810
    0.0141234836
    0.0194946686
    0.0214530927
    0.0185633610
    0.0135986313
    0.0171070289
    0.0204159404
    0.0209964216
    0.0158734896
    0.0172538272
    0.0239400383
    0.0226591269
    0.0171832079
    0.0172398609
    0.0222212230
    0.0265536242
    0.0217675198
    0.0074566857
    0.0152611826
    0.0248364353
    0.0212666652
    0.0148627123
    0.0157335159
    0.0212487009
    0.0289337630
    0.0300664069
    0.0057102432
    0.0122916828
    0.0248204982
    0.0183431407
    0.0180705928
    0.0260789345
    0.0359549907
    0.0190363111
    0.0218457358
    0.0219976063
    0.0148861801
    0.0141479866
    0.0201757808
    0.0375646143
    0.0371300192
    0.0233034135
    0.0174775272
    0.0107578688
    0.0140869092
    0.0285757069
    0.0508757867
    0.0190526209
    0.0191128550
    0.0133995551
    0.0099460282
    0.0139929084
    0.0267349813
    0.0192388076
    0.0146772909
    0.0075236556
    0.0084518970
    0.0177062584
    0.0263812802
    0.0156399295
    0.0111191277
    0.0064780485
    0.0069025448
    0.0186595466
    0.0118610913
    0.0053253310
    0.0056548905
    0.0084370662
    0.0682145049
    0.0291531356
    0.0128446711
    0.0088644811
    0.0048360740
    0.0056535094
    0.0176608188
    0.0313577619
    0.0301612066
    0.0140378929
    0.0091889299
    0.0046765743
    0.0066600126
    0.0200754479
    0.0220393924
    0.0176515421
    0.0174218294
    0.0135380685
    0.0092784329
    0.0037818818
    0.0046968104
    0.0070210519
    0.0101852403
    0.0114935989
    0.0121650306
    0.0111795756
    0.0088217601
    0.0035874589
    0.0045490810
    0.0059215901
    0.0073022602
    0.0090654647
    0.0089787663
    0.0078212496
    0.0033480467
    0.0041371670
    0.0050985990
    0.0063940797
    0.0070513303
    0.0066114463
    0.0030432066
    0.0036885930
    0.0045285558
    0.0052887113
    0.0053754814
    0.0032740961
    0.0038764510
    0.0040050871
    0.0048706395
    0.0052363182
    0.0042274897
    0.0056123540
    0.0062164304
    0.0064452684
    0.0060967396
    0.0042036206
    0.0060845571
    0.0071477420
    0.0076647297
    0.0078004216
    0.0068116904
    0.0043418060
    0.0059253438
    0.0078066550
    0.0085093457
    0.0097111516
    0.0090635046
    0.0053857637
    0.0057078844
    0.0074988761
    0.0091049948
    0.0113328346
    0.0122003919
    0.0096408725
    0.0077127112
    0.0069528296
    0.0064989872
    0.0093000558
    0.0128239324
    0.0162743011
    0.0133258887
    0.0092893114
    0.0109496146
    0.0104114347
    0.0076134693
    0.0070771637
    0.0152144497
    0.0200055665
    0.0183448102
    0.0124294180
    0.0142023766
    0.0151058155
    0.0130258973
    0.0062810566
    0.0146623215
    0.0242975663
    0.0228497096
    0.0162502736
    0.0107094272
    0.0163898856
    0.0193426235
    0.0205126118
    0.0135478076
    0.0123805441
    0.0346870123
    0.0269103486
    0.0197329799
    0.0133731128
    0.0166364389
    0.0214657605
    0.0269921431
    0.0263387853
    0.0115650206
    0.0476918486
    0.0363367750
    0.0222709839
    0.0159207857
    0.0204744281
    0.0280059512
    0.0447964665
    0.0219496896
    0.0031425639
    0.0353068070
    0.0205812614
    0.0176641660
    0.0127696423
    0.0170316609
    0.0234106830
    0.0425675992
    0.0565016245
   -0.0115782227
   -0.0388523990
   -0.0043936743
    0.0157609315
    0.0142692563
    0.0130257164
    0.0171891478
    0.0263857019
    0.0554685263
    0.0202598121
   -0.0468048533
    0.0037034740
    0.0143618030
    0.0114242420
    0.0119607965
    0.0156849921
    0.0348019745
    0.0444856146
    0.0103303098
   -0.0092994339
    0.0118992885
    0.0121613920
    0.0086324090
    0.0094515905
    0.0162794302
    0.0326398233
    0.0059505989
    0.0103292848
    0.0123318904
    0.0066942298
    0.0071854869
    0.0296674473
    0.0408354175
    0.0203629431
    0.0132093313
    0.0102978970
    0.0053809785
    0.0051233300
    0.0091928472
    0.0680896299
    0.0187789307
    0.0111256219
    0.0043856564
    0.0052736985
    0.0249753231
    0.0318704549
    0.0273615722
    0.0128246517
    0.0084923751
    0.0037749365
    0.0040840635
    0.0071942956
    0.0371889893
    0.0384805141
    0.0203218065
    0.0141091306
    0.0089451163
    0.0033373591
    0.0040630158
    0.0065009763
    0.0201113075
    0.0170608609
    0.0124079614
    0.0090039583
    0.0030374364
    0.0034709711
    0.0039732910
    0.0109364487
    0.0161121387
    0.0103337775
    0.0082822173
    0.0062576898
    0.0026492089
    0.0027390291
    0.0035888064
    0.0081231531
    0.0085383960
    0.0071389566
    0.0057762434
    0.0020659231
    0.0022390600
    0.0025446486
    0.0040573833
    0.0059330840
    0.0058439577
    0.0017579113
    0.0019751614
    0.0025931911
    0.0037723941
    0.0044106689
    0.0018276270
    0.0024573123
    0.0031068463
    0.0031715276
    0.0036314928
    0.0022314746
    0.0037468574
    0.0044426480
    0.0046761136
    0.0018682225
    0.0042327574
    0.0055122656
    0.0057468504
    0.0058129490
    0.0013106451
    0.0039563042
    0.0070607237
    0.0068471418
    0.0073242478
    0.0069596276
    0.0013059422
    0.0026823457
    0.0076169112
    0.0088757974
    0.0084824735
    0.0095477077
    0.0077339494
    0.0026648512
    0.0020823433
    0.0046576295
    0.0112934318
    0.0095399737
    0.0138384595
    0.0113431679
    0.0077473598
    0.0056013520
    0.0039193840
    0.0024457686
    0.0060865492
    0.0139884581
    0.0219253373
    0.0193893885
    0.0110992861
    0.0095976964
    0.0082922836
    0.0053661539
   -0.0008184016
    0.0122376408
    0.0283018604
    0.0375630947
    0.0169730230
    0.0095388232
    0.0135778077
    0.0139674725
    0.0126673232
    0.0036512783
   -0.0018604884
    0.0353669468
    0.0400174174
    0.0252041879
    0.0127034192
    0.0161017463
    0.0193440574
    0.0206461773
    0.0184181814
    0.0015186843
    0.0490227604
    0.0273926271
    0.0157445166
    0.0097044946
    0.0161210965
    0.0222362458
    0.0269393758
    0.0358568139
    0.0246505587
    0.0327496283
    0.0171426604
    0.0113224565
    0.0208870077
    0.0282193308
    0.0509320044
    0.0342008288
    0.0173368230
    0.0121832150
    0.0087035082
    0.0166069610
    0.0234921048
    0.0357354721
    0.0312074459
    0.0141714898
    0.0117188760
    0.0093915390
    0.0122576285
    0.0163799999
    0.0210246273
    0.0170798023
   -0.0083724130
    0.0002986716
    0.0088058067
    0.0094454257
    0.0110614847
    0.0116246961
    0.0165472955
    0.0512521837
    0.0468216060
    0.0083999886
    0.0013983194
    0.0045712855
    0.0087258678
    0.0079667529
    0.0073044219
    0.0054710408
    0.0173772453
    0.0084542593
    0.0080650374
    0.0078476805
    0.0056416336
    0.0032529425
    0.0053776333
    0.0568172258
    0.0186589693
    0.0094567702
    0.0080449178
    0.0033519562
    0.0034615474
    0.0240353585
    0.0126546851
    0.0089045961
    0.0067594258
    0.0033309673
    0.0028975213
    0.0199738264
    0.0135567960
    0.0102355370
    0.0071830420
    0.0025904492
    0.0050546507
    0.0246574441
    0.0103218269
    0.0075827428
    0.0023070152
    0.0024310405
    0.0054400925
    0.0127115559
    0.0107867276
    0.0074507216
    0.0054730852
    0.0018116347
    0.0019259209
    0.0011097194
    0.0031960384
    0.0141127259
    0.0069227778
    0.0052391837
    0.0013422740
    0.0009241894
   -0.0002059430
    0.0046116575
    0.0098506897
    0.0062755022
    0.0047384716
    0.0008596760
    0.0004428852
    0.0009004189
    0.0038940202
    0.0047911522
    0.0040335256
    0.0005410247
    0.0005812008
    0.0016009125
    0.0029177465
    0.0031163487
    0.0004416958
    0.0007951172
    0.0015835698
    0.0021282789
    0.0017803332
    0.0026402947
    0.0030229068
   -0.0002462568
    0.0019300370
    0.0034010061
    0.0038441237
    0.0039628125
   -0.0012124416
    0.0015653630
    0.0049042583
    0.0050910594
    0.0051480231
    0.0049030143
   -0.0020381181
   -0.0000104527
    0.0069665343
    0.0090910021
    0.0065013879
    0.0067178432
    0.0056534341
   -0.0018285572
   -0.0020197822
    0.0047635181
    0.0245946167
    0.0103622187
    0.0094168795
    0.0083010108
    0.0059321523
    0.0001186140
   -0.0023340045
   -0.0008015852
    0.0241509363
    0.0170759898
    0.0149467817
    0.0088088503
    0.0056613677
    0.0038489102
    0.0003784065
   -0.0021483487
    0.0017627267
    0.0158047301
    0.0079546093
    0.0086336679
    0.0060006169
    0.0024372618
   -0.0028107102
    0.0057674848
    0.0461111091
    0.0118690273
    0.0066148362
    0.0130310370
    0.0133971765
    0.0107513682
    0.0086306729
   -0.0100904082
    0.0186172525
    0.0086002240
    0.0153158409
    0.0203970060
    0.0207511342
    0.0220442987
    0.0196166797
    0.0525421335
    0.0231846357
    0.0105665742
    0.0064897462
    0.0148031533
    0.0233743025
    0.0305916238
    0.0338823366
    0.0492613545
    0.0194525890
    0.0112740060
    0.0073928220
    0.0206955058
    0.0334773479
    0.0419848319
    0.0880186830
    0.0215089252
    0.0101413305
    0.0076819206
    0.0156251278
    0.0257200111
    0.0374115532
    0.0329894785
    0.0078977124
    0.0071017727
    0.0164599187
    0.0217275414
    0.0322955382
    0.0497706153
    0.0320524863
    0.0058672295
    0.0057558382
    0.0107929206
    0.0110306279
    0.0055027691
    0.0336916055
    0.0161542838
    0.0045725110
    0.0051401383
    0.0071478758
   -0.0001724745
   -0.0045792893
    0.0439096080
    0.0065262507
    0.0046999405
    0.0055724106
    0.0015141870
   -0.0062777836
    0.0144738813
    0.0131354061
    0.0049026853
    0.0043520322
    0.0027437442
   -0.0014388892
    0.0166925855
    0.0120096147
    0.0055291369
    0.0044199331
    0.0009152560
    0.0049794679
    0.0174590594
    0.0056277645
    0.0046454305
    0.0016204265
    0.0012818722
    0.0281779927
    0.0072537117
    0.0047669211
    0.0037181221
    0.0009368461
    0.0023671953
    0.0170097071
    0.0243148432
    0.0049509474
    0.0036689274
    0.0004758255
    0.0004589726
   -0.0027329139
    0.0214859387
    0.0338781937
    0.0060424738
    0.0034999183
    0.0003432309
   -0.0002664988
   -0.0018439615
   -0.0021446306
    0.0079572990
    0.0058952851
    0.0032355561
   -0.0001708437
   -0.0009242905
   -0.0017094382
    0.0001481138
    0.0029318584
    0.0026190998
   -0.0005515786
   -0.0010387854
   -0.0008007578
    0.0006654955
    0.0015578632
   -0.0008039965
   -0.0002600541
    0.0005481894
   -0.0002811742
    0.0011838259
    0.0019707865
    0.0023102919
   -0.0010581165
    0.0015740317
    0.0026631568
    0.0030675355
    0.0030706269
   -0.0027448686
    0.0022100433
    0.0047161956
    0.0042085545
    0.0042420230
    0.0037193886
   -0.0052818977
    0.0010677323
    0.0146254759
    0.0078541466
    0.0059806250
    0.0053616123
    0.0040965365
   -0.0043404462
   -0.0072522284
   -0.0042636163
    0.0313187504
    0.0104956880
    0.0084555383
    0.0060226225
   -0.0016469579
   -0.0067984431
   -0.0091630910
    0.0080229027
    0.0220434271
    0.0102438259
    0.0058649353
    0.0027588806
   -0.0028343036
   -0.0092395767
   -0.0085087025
    0.0341359830
    0.0091925983
    0.0051104282
    0.0044005692
   -0.0032504303
   -0.0073317346
   -0.0020867808
    0.0188379798
    0.0070177031
    0.0117964331
    0.0132654351
    0.0080029111
    0.0037232104
    0.0124470745
    0.0096261026
    0.0052375701
    0.0133363103
    0.0203645412
    0.0232170201
    0.0174815037
    0.0474877697
    0.0116821933
    0.0061332539
    0.0217937107
    0.0373695048
    0.0379390322
    0.0501247876
    0.0207810528
    0.0093882671
    0.0062588362
    0.0043714098
    0.0182040589
    0.0369273248
    0.0658592788
    0.0666848157
    0.0242342070
    0.0033388628
    0.0049582622
    0.0043065785
    0.0135966281
    0.0250248996
    0.0567636989
    0.0794529002
    0.1175838901
   -0.0025494692
    0.0023299724
    0.0035946254
    0.0156005145
    0.0257597855
    0.0420917134
    0.0034662540
   -0.0001835465
    0.0023290301
    0.0103471387
    0.0126402360
    0.0045033390
    0.0069920397
    0.0016552063
    0.0010965482
    0.0081415699
    0.0013156189
   -0.0254327713
   -0.0004801996
    0.0218595735
    0.0008814372
    0.0015898871
    0.0029831783
   -0.0113281063
   -0.0240349856
    0.0019995952
    0.0011834445
    0.0033686404
   -0.0022254847
   -0.0100084153
    0.0020184309
    0.0010211845
    0.0013494834
    0.0007352226
   -0.0031062816
    0.0018735378
    0.0008510060
    0.0011555347
   -0.0006762702
    0.0016866195
    0.0102342550
    0.0010098288
    0.0010365145
   -0.0008860549
    0.0039404485
    0.0095598120
    0.0027470668
    0.0010180018
   -0.0006478883
   -0.0014228663
   -0.0028287967
   -0.0053485193
    0.0177867199
    0.0057712795
    0.0011930067
    0.0007412952
   -0.0013321711
   -0.0026949979
   -0.0050484425
   -0.0018795287
    0.0031658777
    0.0012557412
    0.0005721987
   -0.0019312883
   -0.0032051778
   -0.0034500987
   -0.0007904261
    0.0004740289
    0.0003019401
   -0.0022103985
   -0.0027550053
   -0.0020431363
   -0.0006872539
   -0.0001639495
   -0.0021134178
   -0.0020908083
   -0.0013908600
   -0.0029627863
   -0.0010052906
    0.0004257641
    0.0012197716
   -0.0047618900
   -0.0018122904
    0.0006340526
    0.0016864648
    0.0021332091
   -0.0073302614
   -0.0037277601
    0.0018689554
    0.0028413595
    0.0031067657
    0.0029914601
   -0.0099908358
   -0.0080207658
    0.0047992357
    0.0111286457
    0.0052524478
    0.0045428069
    0.0035908701
   -0.0112555438
   -0.0137919831
   -0.0011895040
    0.0214720941
    0.0083717564
    0.0055798606
    0.0037514907
   -0.0095575138
   -0.0176151946
   -0.0159257892
    0.0391970266
    0.0111332078
    0.0056845484
    0.0034787364
   -0.0042305466
   -0.0160552975
   -0.0248756846
   -0.0040510866
    0.0103203252
    0.0048706727
    0.0038487108
   -0.0074025388
   -0.0233264018
   -0.0186113832
    0.0352425682
    0.0069925203
    0.0037877515
    0.0121984538
    0.0073051109
   -0.0097945776
   -0.0014138850
    0.0102695419
    0.0045850584
    0.0172633577
    0.0247144330
    0.0143518637
    0.0141250232
    0.0108502753
    0.0047366746
    0.0031189895
    0.0172771970
    0.0350003526
    0.0561704435
    0.0324972421
    0.0021925115
    0.0030748788
    0.0028683208
    0.0143539801
    0.0299613288
   -0.0164705655
   -0.0011783560
    0.0017127507
    0.0110634197
    0.0203242560
    0.0543669194
   -0.0278742567
   -0.0076177388
   -0.0004745164
    0.0012031448
    0.0135967249
    0.0242854164
   -0.0035060662
   -0.0107477962
   -0.0031316222
   -0.0000030273
    0.0093489181
    0.0135376514
    0.0132607495
   -0.0010673388
   -0.0046922723
   -0.0013951223
    0.0087861912
    0.0071148564
   -0.0192773026
   -0.0038082219
   -0.0024956570
    0.0059728184
    0.0055640958
   -0.0047044070
   -0.0393835785
   -0.0308848054
   -0.0019067161
   -0.0031317842
   -0.0013521984
    0.0042090334
    0.0006178720
   -0.0121932210
   -0.0216916987
    0.0143715892
   -0.0018817076
   -0.0037707826
   -0.0019447300
    0.0016885988
   -0.0031214247
   -0.0086193862
    0.0029989692
   -0.0041379571
   -0.0023883627
   -0.0005826812
   -0.0039644049
    0.0003044816
    0.0129777833
    0.0139172468
    0.0055178929
   -0.0030411473
   -0.0025790643
   -0.0015227181
   -0.0020150352
   -0.0036010034
   -0.0024331370
   -0.0069844024
    0.0035801034
   -0.0007304290
   -0.0023398958
   -0.0017366769
   -0.0029028403
   -0.0047239734
   -0.0082811738
   -0.0060947603
   -0.0004708191
   -0.0018458697
   -0.0018085865
   -0.0037085014
   -0.0059617336
   -0.0072310687
   -0.0036721986
   -0.0019323280
   -0.0018327255
   -0.0042206696
   -0.0055583316
   -0.0048541285
   -0.0028269659
   -0.0020150290
   -0.0041253134
   -0.0044025337
   -0.0034244225
   -0.0023778546
   -0.0036100402
   -0.0033859069
   -0.0026532293
   -0.0038686390
   -0.0017991397
   -0.0003438518
    0.0004508895
   -0.0061398986
   -0.0028649001
   -0.0005330656
    0.0006969926
    0.0011256756
   -0.0099037496
   -0.0049397751
   -0.0005751082
    0.0011729495
    0.0017834377
    0.0016657815
   -0.0127029878
   -0.0151107358
   -0.0100309579
    0.0014004762
    0.0029904230
    0.0031241371
    0.0026141073
    0.0019516934
   -0.0127231158
   -0.0201354568
   -0.0200323750
    0.0016069175
    0.0192297850
    0.0087082712
    0.0044472514
    0.0029447838
   -0.0097168867
   -0.0219730178
   -0.0318641302
   -0.0195144957
    0.0121601285
    0.0045630868
    0.0027641990
   -0.0037715167
   -0.0177544583
   -0.0388814798
   -0.0449475439
    0.0158957083
    0.0088001253
    0.0038291404
    0.0022685711
    0.0035681784
   -0.0070513528
   -0.0334244039
   -0.0564903051
   -0.0250224683
    0.0340898669
    0.0049888418
    0.0027636174
    0.0097551728
    0.0074159295
   -0.0138342441
   -0.0466960336
    0.0062088437
    0.0027296335
    0.0018248827
    0.0126755879
    0.0200778040
    0.0163495583
   -0.0209437528
    0.0063259940
    0.0011124541
    0.0014540975
    0.0124389552
    0.0240364040
    0.0516951974
    0.0335392218
   -0.0077039305
   -0.0031130308
    0.0000816887
    0.0007308907
    0.0106759863
    0.0203005485
    0.0554338039
   -0.0398729363
   -0.0117878508
   -0.0027206979
   -0.0002858609
    0.0085402938
    0.0152894253
    0.0334029090
   -0.0333376445
   -0.0229137404
   -0.0069441536
   -0.0020146943
    0.0111002929
    0.0201413043
    0.0460220231
    0.0071989287
   -0.0222301771
   -0.0110753248
   -0.0042830562
    0.0077931114
    0.0130029947
    0.0189652106
    0.0203735337
   -0.0097752988
   -0.0123677826
   -0.0064703591
    0.0083419423
    0.0113684204
    0.0029061326
   -0.0115743487
   -0.0079663898
   -0.0042207325
    0.0053936019
    0.0070498298
    0.0042531855
   -0.0182090892
   -0.0506143804
   -0.0011517367
   -0.0093942647
   -0.0091357330
   -0.0053925581
    0.0044432485
    0.0035920043
   -0.0040046261
   -0.0231171494
   -0.0255128413
    0.0066316994
   -0.0101064746
   -0.0063484775
    0.0025358113
   -0.0004630629
   -0.0080822174
   -0.0152412809
   -0.0128841392
    0.0083545471
   -0.0084510670
   -0.0069876310
   -0.0044309758
    0.0002488296
   -0.0034120320
   -0.0083611975
   -0.0109907132
   -0.0123277623
   -0.0044170170
   -0.0065496545
   -0.0069239739
   -0.0049039755
   -0.0050640157
   -0.0085674471
   -0.0126050747
   -0.0116575426
   -0.0073505551
   -0.0064191382
   -0.0050792277
   -0.0061547092
   -0.0096097882
   -0.0118598691
   -0.0088109280
   -0.0062014713
   -0.0050241842
   -0.0043113999
   -0.0068946111
   -0.0093092254
   -0.0089889871
   -0.0064689689
   -0.0049564198
   -0.0049274471
   -0.0068651334
   -0.0077092598
   -0.0065515162
   -0.0049996976
   -0.0061130086
   -0.0060073816
   -0.0049795926
   -0.0067975476
   -0.0045965954
   -0.0024682817
   -0.0010292853
   -0.0099338455
   -0.0072037458
   -0.0038362664
   -0.0014401754
   -0.0002446482
   -0.0141285994
   -0.0117690141
   -0.0064996932
   -0.0022460407
   -0.0001144919
    0.0004686996
   -0.0130518027
   -0.0186499953
   -0.0191914815
   -0.0121712677
   -0.0040034995
    0.0002873969
    0.0010804293
    0.0009119449
   -0.0117994028
   -0.0216649502
   -0.0290205709
   -0.0242694090
   -0.0081583214
    0.0026008286
    0.0028571094
    0.0016168539
    0.0010213690
   -0.0080705747
   -0.0207665936
   -0.0378776260
   -0.0447913158
   -0.0234911174
    0.0137712372
    0.0157693220
    0.0030590593
    0.0015088722
    0.0008775372
   -0.0146056786
   -0.0393641911
   -0.0679917640
   -0.0585992468
    0.0131358697
    0.0018655318
    0.0010743363
    0.0030464905
   -0.0043646532
   -0.0288891956
   -0.0737570111
   -0.0276362095
    0.0023430446
    0.0008715875
    0.0005723137
    0.0070292134
    0.0063923942
   -0.0085979667
   -0.0585319297
    0.0096755544
   -0.0005431597
    0.0001212825
    0.0086911543
    0.0133344272
    0.0143096510
   -0.0195442045
    0.0136812484
   -0.0036870634
   -0.0012409456
   -0.0003713955
    0.0086206982
    0.0148588402
    0.0286052565
    0.0340113170
   -0.0330413709
   -0.0161892915
   -0.0097846479
   -0.0040528308
   -0.0015176040
    0.0076324298
    0.0134470121
    0.0272043559
    0.0803437198
    0.0140449555
   -0.0292970045
   -0.0225706890
   -0.0087173627
   -0.0035311109
    0.0062426833
    0.0110866428
    0.0216829180
    0.0544493996
    0.0079015716
   -0.0307899927
   -0.0149315913
   -0.0064636969
    0.0083540175
    0.0164433224
    0.0344075609
    0.0237992534
   -0.0223093614
   -0.0193235324
   -0.0098636400
    0.0059241847
    0.0108607606
    0.0231773016
    0.0330488711
    0.0266864228
   -0.0123056137
   -0.0198195200
   -0.0127161616
    0.0068125844
    0.0123842735
    0.0191914395
    0.0096280764
   -0.0190148912
   -0.0146980685
   -0.0088776551
    0.0067309626
    0.0093725522
    0.0038551156
   -0.0092839700
    0.0068597536
   -0.0020623813
   -0.0162373864
   -0.0105466988
    0.0039167477
    0.0048330851
    0.0026699700
   -0.0063335080
   -0.0171112249
   -0.0235594388
   -0.0134071759
   -0.0118558840
   -0.0076020566
    0.0026877107
    0.0015694029
   -0.0029933692
   -0.0113008705
   -0.0212934043
   -0.0244163636
   -0.0056347140
   -0.0121834498
   -0.0085479275
    0.0008341542
   -0.0017084911
   -0.0067849158
   -0.0141959811
   -0.0218667811
   -0.0184475802
   -0.0102334250
   -0.0115325261
   -0.0090622716
   -0.0011636630
   -0.0043368119
   -0.0092700789
   -0.0154771979
   -0.0189107058
   -0.0150458205
   -0.0114400373
   -0.0091335260
   -0.0067003750
   -0.0062232603
   -0.0106065302
   -0.0146995131
   -0.0148160518
   -0.0116381385
   -0.0090126779
   -0.0068910229
   -0.0073398578
   -0.0106513351
   -0.0123864153
   -0.0111160202
   -0.0088028579
   -0.0068794640
   -0.0076401106
   -0.0095896901
   -0.0097629653
   -0.0083595213
   -0.0067225337
   -0.0080400660
   -0.0075701133
   -0.0074245086
   -0.0050144317
   -0.0029353647
   -0.0110057179
   -0.0077034771
   -0.0043278387
   -0.0021299907
   -0.0157845869
   -0.0163140814
   -0.0125027476
   -0.0070144249
   -0.0029833288
   -0.0012248658
   -0.0006234865
   -0.0186371098
   -0.0232532781
   -0.0208841790
   -0.0126619327
   -0.0047409988
   -0.0012672460
   -0.0005444119
   -0.0192740780
   -0.0302882335
   -0.0341701726
   -0.0244392229
   -0.0089320966
   -0.0003565757
   -0.0001107563
   -0.0002817663
   -0.0163722826
   -0.0338983847
   -0.0513386131
   -0.0476337848
   -0.0203340103
    0.0103738832
    0.0029515255
   -0.0000681121
   -0.0003468679
   -0.0015241032
   -0.0099601773
   -0.0302015066
   -0.0639716790
   -0.0857062026
   -0.0517408109
    0.0010972732
   -0.0005531457
   -0.0005481428
    0.0023432891
   -0.0019082850
   -0.0184838402
   -0.0606495209
   -0.0093783948
    0.0138374628
   -0.0012141599
   -0.0010254322
    0.0047820327
    0.0048493475
   -0.0028022058
   -0.0381865681
   -0.0022453294
   -0.0021580272
   -0.0013352095
    0.0057857573
    0.0083590095
    0.0099653406
   -0.0059522029
   -0.0754248458
   -0.0198998576
    0.0151871600
   -0.0045103624
   -0.0044669447
   -0.0024741124
    0.0058058086
    0.0092350829
    0.0148196537
    0.0212485638
   -0.0151878812
   -0.0203922758
   -0.0141881350
   -0.0085113760
   -0.0044785056
    0.0052155403
    0.0088322434
    0.0151552991
    0.0297858710
    0.0466766140
   -0.0133774894
   -0.0108771619
   -0.0263443399
   -0.0148061965
   -0.0075907100
   -0.0040383528
    0.0075142347
    0.0147363827
    0.0323864521
    0.0727055174
    0.0081886453
   -0.0271010846
   -0.0216448321
   -0.0117255704
   -0.0062488266
    0.0057527383
    0.0114865738
    0.0375900497
   -0.0113885229
   -0.0229942564
   -0.0250779365
   -0.0160297342
   -0.0089761885
    0.0076194062
    0.0202159828
   -0.0207100105
   -0.0305519470
   -0.0268404842
   -0.0194487321
   -0.0118422625
    0.0048622341
    0.0095758719
    0.0297784177
   -0.0340930651
   -0.0269417776
   -0.0223069663
   -0.0144840630
    0.0051331033
    0.0094326653
    0.0156328116
    0.0166107988
   -0.0422140296
   -0.0230397302
   -0.0168084700
   -0.0107270199
    0.0043005074
    0.0051397668
    0.0024015283
    0.0036513196
   -0.0102241188
   -0.0530045090
   -0.0139650763
   -0.0182550789
   -0.0123832011
    0.0022279977
    0.0021511573
   -0.0000389728
   -0.0047055854
   -0.0149764797
   -0.0392268752
   -0.0363635455
   -0.0133544541
   -0.0178973063
   -0.0135761092
    0.0009090688
   -0.0005965420
   -0.0043038419
   -0.0113055078
   -0.0243792289
   -0.0338432133
   -0.0244969841
   -0.0178178878
   -0.0140961911
   -0.0100197921
   -0.0007504684
   -0.0032445258
   -0.0078660723
   -0.0154721211
   -0.0238491360
   -0.0244995062
   -0.0186642942
   -0.0141679239
   -0.0105058592
   -0.0054754687
   -0.0102504394
   -0.0161745264
   -0.0196307669
   -0.0177730584
   -0.0139311324
   -0.0106147784
   -0.0110852240
   -0.0145893961
   -0.0152090962
   -0.0130920659
   -0.0103836059
   -0.0106118523
   -0.0121585293
   -0.0116022529
   -0.0051367158
   -0.0111381343
   -0.0075854470
   -0.0045208211
   -0.0026777516
   -0.0180377450
   -0.0167339197
   -0.0119088046
   -0.0067201997
   -0.0035275714
   -0.0021048140
   -0.0163224177
   -0.0229249657
   -0.0248998578
   -0.0196585591
   -0.0110132564
   -0.0048217650
   -0.0025193620
   -0.0017060775
   -0.0152374822
   -0.0262554060
   -0.0351487778
   -0.0330044902
   -0.0199874847
   -0.0069010699
   -0.0026217649
   -0.0019503386
   -0.0116013453
   -0.0256655808
   -0.0443066317
   -0.0537844518
   -0.0387313385
   -0.0113734755
    0.0004245529
   -0.0017443884
   -0.0018842059
   -0.0061189865
   -0.0197641204
   -0.0463285579
   -0.0768763262
   -0.0754698253
   -0.0303336404
    0.0190294104
    0.0021921211
   -0.0022742284
   -0.0020332425
    0.0015719644
   -0.0005227202
   -0.0096994137
   -0.0367290994
   -0.0849098052
   -0.0780419664
    0.0238450721
   -0.0021459511
   -0.0029264774
    0.0030702160
    0.0033880604
    0.0007007669
   -0.0173485150
   -0.0717781899
   -0.0466597901
   -0.0007029146
   -0.0044956016
   -0.0032197069
    0.0037055423
    0.0051981553
    0.0068047375
    0.0037625149
   -0.0342767470
   -0.0226359258
   -0.0062484831
   -0.0073627056
   -0.0050017450
    0.0037416538
    0.0057533757
    0.0082490387
    0.0149779353
    0.0089185711
   -0.0577184259
   -0.0456184141
   -0.0215198840
   -0.0127819110
   -0.0078700764
   -0.0047878411
    0.0055571885
    0.0089385174
    0.0148561308
    0.0430283804
    0.0248320624
   -0.0506871019
   -0.0484009559
   -0.0322035545
   -0.0205605413
   -0.0120795966
   -0.0070924937
    0.0047505963
    0.0087209595
    0.0222222691
   -0.0259337190
   -0.0518896945
   -0.0365789268
   -0.0275447259
   -0.0172887095
   -0.0101625223
    0.0068518349
    0.0200380121
   -0.0520453394
   -0.0488786446
   -0.0331395568
   -0.0224577377
   -0.0137692227
    0.0047524171
    0.0107597649
   -0.0811408983
   -0.0435440585
   -0.0274741627
   -0.0175076723
    0.0058514253
    0.0173316314
   -0.0639090471
   -0.0336656425
   -0.0212367975
    0.0033565586
    0.0061655008
    0.0151333299
    0.0226911053
   -0.0835634762
   -0.0396564005
   -0.0249188460
   -0.0159837826
    0.0029746533
    0.0042687785
    0.0039669379
    0.0052088477
    0.0090035103
   -0.0837552661
   -0.0439451081
   -0.0275986564
   -0.0183134358
    0.0017166481
    0.0007219581
   -0.0024780861
   -0.0084208179
   -0.0366033048
   -0.0670443886
   -0.0491332811
   -0.0290247098
   -0.0199949354
   -0.0135121309
   -0.0002397891
   -0.0028400050
   -0.0081840019
   -0.0209037024
   -0.0412260100
   -0.0439039669
   -0.0301881385
   -0.0208426599
   -0.0146060551
   -0.0024399821
   -0.0061800698
   -0.0132488641
   -0.0245730948
   -0.0322857252
   -0.0284211095
   -0.0208957923
   -0.0151340386
   -0.0045419161
   -0.0089250726
   -0.0155965719
   -0.0222255354
   -0.0235767058
   -0.0197225160
   -0.0150426616
   -0.0104644614
   -0.0152652141
   -0.0181175672
   -0.0172716772
   -0.0105272825
   -0.0071629960
   -0.0156067574
   -0.0106286013
   -0.0063883265
   -0.0039689118
   -0.0199383308
   -0.0246056591
   -0.0234035040
   -0.0167100877
   -0.0093988118
   -0.0051938511
   -0.0033944566
   -0.0204390556
   -0.0303709934
   -0.0343231718
   -0.0273987352
   -0.0151262332
   -0.0068880802
   -0.0041696606
   -0.0030561234
   -0.0177738868
   -0.0329986869
   -0.0467364614
   -0.0450933100
   -0.0270405033
   -0.0095702654
   -0.0046674374
   -0.0037714833
   -0.0037687884
   -0.0119086889
   -0.0295781810
   -0.0549490619
   -0.0694586015
   -0.0507757736
   -0.0179642703
   -0.0038110600
   -0.0043931851
   -0.0038052931
   -0.0001879367
   -0.0044244814
   -0.0192581365
   -0.0516638474
   -0.0874785102
   -0.0879144160
   -0.0425301743
   -0.0060666272
   -0.0045688705
   -0.0050640694
   -0.0038696959
    0.0020326844
    0.0017053096
   -0.0043046179
   -0.0337218107
   -0.0863888046
   -0.0814168039
   -0.0264191451
   -0.0074191672
   -0.0070868072
   -0.0054123250
    0.0030646286
    0.0042604369
    0.0092357501
   -0.0023751276
   -0.0592219653
   -0.0991650607
   -0.0552429948
   -0.0200579221
   -0.0112515284
   -0.0078530316
    0.0034150938
    0.0047876086
    0.0102897896
   -0.0067538659
   -0.0823915295
   -0.0764923042
   -0.0363760844
   -0.0189758978
   -0.0116905242
   -0.0074969477
    0.0032882947
    0.0051129007
    0.0074395903
   -0.0022025735
   -0.0820751745
   -0.0836477733
   -0.0494355505
   -0.0284041594
   -0.0171287276
   -0.0105923504
    0.0048045657
    0.0089441303
   -0.0796253879
   -0.0614777643
   -0.0375743109
   -0.0235491851
   -0.0145714118
    0.0038372119
    0.0077088624
   -0.0849760411
   -0.0500118384
   -0.0305335818
   -0.0191716970
    0.0051941828
    0.0178892563
   -0.0766373443
   -0.0398173398
   -0.0242498878
    0.0032466667
    0.0067349150
    0.0372844129
   -0.0549828107
   -0.0302105259
   -0.0187837036
    0.0033393222
    0.0064576024
    0.0159335821
   -0.0759171885
   -0.0373611839
   -0.0224990484
    0.0017175118
    0.0024583530
    0.0023145780
    0.0009862393
    0.0032452433
   -0.0371303561
   -0.0871725355
   -0.0445474074
   -0.0261301700
    0.0009646772
    0.0004472699
   -0.0020690732
   -0.0066164701
   -0.0259217298
   -0.0701930761
   -0.0778359054
   -0.0486095623
   -0.0290043775
   -0.0188253068
   -0.0003271459
   -0.0021079884
   -0.0061661310
   -0.0156573806
   -0.0376747043
   -0.0548074513
   -0.0456852066
   -0.0302574999
   -0.0202535164
   -0.0019733144
   -0.0048036473
   -0.0104588682
   -0.0212981170
   -0.0342611207
   -0.0367727759
   -0.0290006172
   -0.0207182143
   -0.0073302392
   -0.0134800376
   -0.0216718382
   -0.0269257303
   -0.0252577736
   -0.0199761654
   -0.0143664027
   -0.0190867597
   -0.0203824219
   -0.0137452833
   -0.0093914679
   -0.0216342401
   -0.0235658238
   -0.0201598717
   -0.0138073476
   -0.0084634266
   -0.0054754486
   -0.0238237769
   -0.0304206422
   -0.0295186377
   -0.0213016289
   -0.0122943822
   -0.0072046926
   -0.0049301391
   -0.0229310355
   -0.0356377035
   -0.0413954829
   -0.0336447695
   -0.0193970297
   -0.0098394927
   -0.0063064321
   -0.0026918349
   -0.0072209416
   -0.0179505935
   -0.0358095412
   -0.0523255300
   -0.0515352008
   -0.0327739096
   -0.0150190795
   -0.0082233496
   -0.0059853013
   -0.0004779413
   -0.0023586446
   -0.0093062514
   -0.0282332929
   -0.0555589449
   -0.0703869484
   -0.0541325478
   -0.0266219954
   -0.0119400992
   -0.0079795955
   -0.0058749488
    0.0008642778
    0.0008709840
    0.0005423411
   -0.0118763745
   -0.0452908560
   -0.0784604978
   -0.0780795440
   -0.0460802256
   -0.0206978718
   -0.0114826626
   -0.0080084728
    0.0015458325
    0.0021182138
    0.0058346835
    0.0182935488
   -0.0182420802
   -0.0670265567
   -0.0897209842
   -0.0678118014
   -0.0350527158
   -0.0180614470
   -0.0113433875
    0.0018052705
    0.0025545705
    0.0044219465
   -0.0325139136
   -0.0807591641
   -0.0812545697
   -0.0506448124
   -0.0277390153
   -0.0164360491
   -0.0105921417
    0.0027149985
    0.0035802881
    0.0188928421
   -0.0433456312
   -0.0809739700
   -0.0637610113
   -0.0386064022
   -0.0232203186
   -0.0145551943
    0.0024990422
    0.0038618865
    0.0084952299
    0.0325692029
   -0.0643254327
   -0.0772378567
   -0.0507260040
   -0.0311863732
   -0.0195285514
    0.0034310577
    0.0069309048
   -0.0901175686
   -0.0702648460
   -0.0411466318
   -0.0253970343
    0.0025176764
    0.0046336288
    0.0222000619
   -0.1001565117
   -0.0568668786
   -0.0325865532
    0.0028538716
    0.0056777011
    0.0339197373
   -0.0827865016
   -0.0422461049
   -0.0251654774
    0.0015962515
    0.0024705158
    0.0032579714
    0.0190446212
   -0.1015652279
   -0.0547934843
   -0.0306567018
    0.0010836142
    0.0008053794
   -0.0011537832
   -0.0000773779
   -0.0269681682
   -0.0660408846
   -0.0363031800
   -0.0000670363
   -0.0017015119
   -0.0053312185
   -0.0163933437
   -0.0553277624
   -0.0847696138
   -0.0669613434
   -0.0403683940
   -0.0251912400
   -0.0017614003
   -0.0046253306
   -0.0111350107
   -0.0278427860
   -0.0519572692
   -0.0552774405
   -0.0404148939
   -0.0268592077
   -0.0037825199
   -0.0079431284
   -0.0164286646
   -0.0300759762
   -0.0393130710
   -0.0357415570
   -0.0266896304
   -0.0058760810
   -0.0108525582
   -0.0186713641
   -0.0265091661
   -0.0285366082
   -0.0244873169
   -0.0180073660
   -0.0214874204
   -0.0208966950
   -0.0167544775
   -0.0116474092
   -0.0246387483
   -0.0273847407
   -0.0238385035
   -0.0167603419
   -0.0107013598
   -0.0256494817
   -0.0335311482
   -0.0331862160
   -0.0247987114
   -0.0153424373
   -0.0095657603
   -0.0049602466
   -0.0111018371
   -0.0227515068
   -0.0365619850
   -0.0431559370
   -0.0363561012
   -0.0231173278
   -0.0134065156
   -0.0087539924
   -0.0020643357
   -0.0052112384
   -0.0152045397
   -0.0333909395
   -0.0495511826
   -0.0498423752
   -0.0350064358
   -0.0200152609
   -0.0120306184
   -0.0002713280
   -0.0002928916
   -0.0032831550
   -0.0219241937
   -0.0472347071
   -0.0599606237
   -0.0495282914
   -0.0303619920
   -0.0174290748
   -0.0112099037
    0.0005953899
    0.0014767814
    0.0094827077
    0.0034349344
   -0.0331254789
   -0.0599489535
   -0.0616799459
   -0.0431455850
   -0.0255786358
   -0.0156664623
    0.0010187129
    0.0014421802
    0.0092264619
   -0.0003547022
   -0.0462799670
   -0.0655639453
   -0.0551421674
   -0.0356829744
   -0.0219256158
   -0.0140931426
    0.0011715551
    0.0015620647
    0.0029254181
   -0.0197676670
   -0.0589847550
   -0.0642253374
   -0.0465482353
   -0.0297023519
   -0.0189263891
    0.0016682489
    0.0019370139
    0.0180133786
   -0.0413510486
   -0.0734130583
   -0.0593568712
   -0.0389500108
   -0.0248732438
    0.0014547892
    0.0020607187
    0.0056676735
   -0.0012495382
   -0.0815905145
   -0.0804208572
   -0.0514865447
   -0.0321265717
    0.0017122909
    0.0023405064
   -0.1019152097
   -0.0718402137
   -0.0416870646
    0.0010931856
    0.0015514302
    0.0028156326
   -0.0403894341
   -0.0984303684
   -0.0550079611
   -0.0322706795
    0.0008019225
    0.0005539609
    0.0048082456
   -0.0146378590
   -0.0708032927
   -0.0397209702
    0.0001646791
   -0.0000481759
   -0.0011227328
    0.0017258395
   -0.0073508362
   -0.0671385517
   -0.1049054144
   -0.0799948826
   -0.0468579291
   -0.0286396687
   -0.0005563699
   -0.0015034817
   -0.0036028746
   -0.0089225805
   -0.0324142971
   -0.0705705942
   -0.0729593577
   -0.0501807937
   -0.0319282319
   -0.0016701435
   -0.0035121886
   -0.0075774963
   -0.0182128840
   -0.0391443690
   -0.0535299538
   -0.0467002135
   -0.0331337572
   -0.0031143880
   -0.0059827374
   -0.0119054607
   -0.0229708829
   -0.0351855779
   -0.0379489348
   -0.0313761707
   -0.0084474497
   -0.0147932326
   -0.0229913439
   -0.0282757908
   -0.0271461960
   -0.0203887709
   -0.0219399435
   -0.0232707512
   -0.0232040390
   -0.0256097307
   -0.0289233411
   -0.0258394479
   -0.0190417043
   -0.0076158762
   -0.0148070742
   -0.0250200904
   -0.0331906093
   -0.0335778813
   -0.0264739140
   -0.0178598809
   -0.0022346259
   -0.0041336251
   -0.0092086911
   -0.0203534223
   -0.0336065791
   -0.0401614569
   -0.0354835232
   -0.0250359163
   -0.0162422728
   -0.0010776658
   -0.0016927123
   -0.0030197107
   -0.0112540681
   -0.0282288105
   -0.0424024889
   -0.0439310194
   -0.0340471289
   -0.0225458036
   -0.0003901970
   -0.0005728004
    0.0005055969
    0.0016650025
   -0.0160561599
   -0.0377785867
   -0.0485310515
   -0.0432003707
   -0.0305796569
   -0.0200229957
   -0.0000705313
    0.0004350828
    0.0096205277
    0.0068206960
   -0.0260559669
   -0.0468530085
   -0.0502359721
   -0.0393905256
   -0.0267428175
    0.0002482049
    0.0001100958
    0.0034097372
   -0.0076335966
   -0.0389493076
   -0.0542689976
   -0.0482757088
   -0.0345985078
    0.0003778524
    0.0003530484
    0.0002849490
    0.0148238424
    0.0168766809
   -0.0257539125
   -0.0565726041
   -0.0585078260
   -0.0438803356
    0.0004882186
    0.0002113396
    0.0071541407
    0.0002610786
   -0.0552833268
   -0.0737202449
   -0.0565085344
   -0.0378372577
    0.0003528337
    0.0003693964
    0.0013200129
   -0.0394782948
   -0.0910571999
   -0.0754655010
   -0.0486107980
   -0.0311842002
    0.0001837480
    0.0000245825
    0.0138313782
   -0.0900053038
   -0.0967145180
   -0.0626908409
   -0.0386811691
   -0.0001563503
   -0.0003248259
    0.0001840283
   -0.0587191649
   -0.1012247752
   -0.0760968602
   -0.0469611672
   -0.0297165586
   -0.0006936905
   -0.0012425280
   -0.0000828016
    0.0058645177
   -0.0282598947
   -0.0754130518
   -0.0778650410
   -0.0533206394
   -0.0342533620
   -0.0016052483
   -0.0027846835
   -0.0047433851
   -0.0160666527
   -0.0440143469
   -0.0626804432
   -0.0533549784
   -0.0371656066
   -0.0029439164
   -0.0053574072
   -0.0113662572
   -0.0255689589
   -0.0424134178
   -0.0457518431
   -0.0368354172
   -0.0265623612
   -0.0046887706
   -0.0085542503
   -0.0162805703
   -0.0274408912
   -0.0347583717
   -0.0329441623
   -0.0262374444
   -0.0112660366
   -0.0182522891
   -0.0249389049
   -0.0270114216
   -0.0241124923
   -0.0103788905
   -0.0247061764
   -0.0282617703
   -0.0260519566
   -0.0038586767
   -0.0068772341
   -0.0133632099
   -0.0228922468
   -0.0305641037
   -0.0316429075
   -0.0264052073
   -0.0023948332
   -0.0038427480
   -0.0078959452
   -0.0177661654
   -0.0294080636
   -0.0354662787
   -0.0328302079
   -0.0014981568
   -0.0021576068
   -0.0032123752
   -0.0100475465
   -0.0242183299
   -0.0358750533
   -0.0381363179
   -0.0318221264
   -0.0009394384
   -0.0014322017
   -0.0016554275
   -0.0028688645
   -0.0159926657
   -0.0322646573
   -0.0410265962
   -0.0382286701
   -0.0009521659
   -0.0016155299
   -0.0016064336
   -0.0079630109
   -0.0256746076
   -0.0411241608
   -0.0439719667
   -0.0362286605
   -0.0006042146
   -0.0011821856
   -0.0020356849
   -0.0034617768
   -0.0177684242
   -0.0385717034
   -0.0494715466
   -0.0438837811
   -0.0327607105
   -0.0004495858
   -0.0007444680
   -0.0012274669
    0.0041417455
   -0.0010479389
   -0.0317979832
   -0.0546294340
   -0.0533076562
   -0.0404816099
   -0.0005910013
   -0.0008673555
    0.0043158464
   -0.0116913669
   -0.0544312261
   -0.0643088861
   -0.0500280448
   -0.0348308320
   -0.0006429913
   -0.0008686391
    0.0002149053
    0.0317602203
   -0.0406817201
   -0.0702233226
   -0.0603889688
   -0.0421321489
   -0.0285814810
   -0.0010204343
   -0.0012058661
    0.0034933946
    0.0257007687
   -0.0183718929
   -0.0602694618
   -0.0659527301
   -0.0489986431
   -0.0334312578
   -0.0016565863
   -0.0018163913
    0.0010230797
   -0.0085816817
   -0.0401406805
   -0.0593436119
   -0.0520080549
   -0.0374050744
   -0.0026877550
   -0.0038822261
   -0.0083020361
   -0.0244771352
   -0.0438932585
   -0.0479495453
   -0.0387820152
   -0.0281542427
   -0.0043153551
   -0.0076463633
   -0.0160203793
   -0.0295030977
   -0.0384275261
   -0.0363454620
   -0.0287601909
   -0.0064669506
   -0.0114483709
   -0.0198290450
   -0.0282462238
   -0.0308321937
   -0.0272846935
   -0.0202183044
   -0.0243503069
   -0.0058019005
   -0.0098014181
   -0.0161760436
   -0.0040531522
   -0.0067673501
   -0.0124544359
   -0.0207134853
   -0.0274256822
   -0.0289107803
   -0.0028727334
   -0.0045016658
   -0.0083583294
   -0.0165605266
   -0.0260433584
   -0.0312855874
   -0.0020973866
   -0.0032207758
   -0.0055086036
   -0.0117729276
   -0.0224128079
   -0.0315441940
   -0.0337520019
   -0.0015628276
   -0.0024003131
   -0.0040659704
   -0.0082147010
   -0.0176928144
   -0.0296297594
   -0.0363796162
   -0.0343905312
   -0.0017857095
   -0.0029138292
   -0.0054641867
   -0.0126370322
   -0.0257308013
   -0.0375519619
   -0.0392829867
   -0.0330521097
   -0.0014007605
   -0.0020510468
   -0.0027614106
   -0.0047965146
   -0.0187873759
   -0.0362367734
   -0.0438097747
   -0.0389914989
   -0.0016452725
   -0.0017517669
    0.0020406635
   -0.0047024405
   -0.0299813737
   -0.0461180241
   -0.0450605900
   -0.0355758141
   -0.0015168586
   -0.0017976726
    0.0005198219
    0.0065833257
   -0.0172897568
   -0.0424084722
   -0.0491515680
   -0.0410366550
   -0.0304347784
   -0.0019466619
   -0.0017863434
    0.0015878541
   -0.0063537501
   -0.0319570703
   -0.0473876118
   -0.0445921265
   -0.0344245291
   -0.0026153686
   -0.0027526750
   -0.0052846793
   -0.0208502453
   -0.0388151971
   -0.0435978765
   -0.0367717790
   -0.0027472782
   -0.0038694638
   -0.0061745827
   -0.0141583840
   -0.0281284479
   -0.0374534523
   -0.0360545109
   -0.0290729010
   -0.0059681224
   -0.0106950456
   -0.0196862858
   -0.0290051943
   -0.0320409819
   -0.0285315069
   -0.0084725991
   -0.0141450007
   -0.0213767604
   -0.0262000595
   -0.0259902260
   -0.0059790865
   -0.0096247001
   -0.0151850320
   -0.0045267816
   -0.0072636055
   -0.0122921563
   -0.0191213279
   -0.0034723657
   -0.0054541789
   -0.0094005226
   -0.0161666830
   -0.0236844469
   -0.0027031558
   -0.0041324746
   -0.0070199912
   -0.0128082138
   -0.0212250094
   -0.0283778229
   -0.0031458527
   -0.0050281090
   -0.0092900704
   -0.0175311275
   -0.0271629607
   -0.0322917767
   -0.0024893205
   -0.0035604065
   -0.0057046150
   -0.0123076706
   -0.0238090541
   -0.0329442117
   -0.0341363018
   -0.0028035216
   -0.0034879738
   -0.0062903848
   -0.0177161474
   -0.0309247257
   -0.0363704468
   -0.0331738775
   -0.0024876068
   -0.0029706777
   -0.0033398904
   -0.0103549628
   -0.0254352434
   -0.0358340830
   -0.0359217654
   -0.0299386313
   -0.0029765191
   -0.0034534296
   -0.0063213042
   -0.0181550434
   -0.0314673087
   -0.0361552000
   -0.0323287974
   -0.0038480351
   -0.0056961425
   -0.0126238626
   -0.0246492407
   -0.0329020799
   -0.0326859580
   -0.0038187768
   -0.0055606100
   -0.0097263142
   -0.0182173183
   -0.0271072325
   -0.0303743676
   -0.0276502932
   -0.0080354366
   -0.0135847007
   -0.0209395766
   -0.0259752454
   -0.0063009991
   -0.0096749936
   -0.0144465325
   -0.0050116225
   -0.0077470941
   -0.0122113866
   -0.0178385545
   -0.0039920805
   -0.0060696892
   -0.0098129536
   -0.0155486522
   -0.0216104731
   -0.0047091781
   -0.0074805299
   -0.0126166370
   -0.0196085695
   -0.0252511282
   -0.0037344149
   -0.0055247958
   -0.0093259113
   -0.0163437418
   -0.0239881742
   -0.0278833592
   -0.0042768079
   -0.0065202143
   -0.0121806670
   -0.0209431759
   -0.0275833930
   -0.0286359214
   -0.0036315860
   -0.0049844398
   -0.0085109724
   -0.0165134957
   -0.0252088285
   -0.0290635298
   -0.0043637134
   -0.0065172074
   -0.0122263966
   -0.0210485834
   -0.0274068702
   -0.0280401829
   -0.0056659343
   -0.0093787846
   -0.0164624947
   -0.0238047528
   -0.0269184384
   -0.0077292553
   -0.0127326699
   -0.0096275225
   -0.0079350510
   -0.0118395447
   -0.0063864021
   -0.0097317438
   -0.0145491048
   -0.0051414625
   -0.0076902773
   -0.0120493778
   -0.0176224499
   -0.0060764274
   -0.0094680304
   -0.0149492003
   -0.0050168116
   -0.0074191984
   -0.0119654400
   -0.0180336699
   -0.0061081077
   -0.0094519978
   -0.0148986187
   -0.0119751020
