    0.0006027215
    0.0005884106
   -0.0003219800
   -0.0001877895
   -0.0003416473
   -0.0013476090
   -0.0015698312
   -0.0014086546
   -0.0016949204
   -0.0029308063
   -0.0030891253
   -0.0028827228
   -0.0031797111
   -0.0037774222
   -0.0045996451
   -0.0045763090
   -0.0042671389
   -0.0053974860
   -0.0060024753
   -0.0057270269
   -0.0054505150
   -0.0066480473
   -0.0069081425
   -0.0065233711
   -0.0073682877
    0.0021406195
    0.0015377275
    0.0022090835
    0.0023150346
    0.0011694433
    0.0014919925
    0.0021375345
    0.0019521779
    0.0001628079
    0.0006188563
    0.0002776838
    0.0006480563
    0.0014250818
    0.0006671042
   -0.0013472226
   -0.0009102558
   -0.0014250125
   -0.0008583618
   -0.0002728576
   -0.0011851218
   -0.0016942446
   -0.0030796446
   -0.0036571667
   -0.0029411429
   -0.0023339850
   -0.0030578202
   -0.0038778249
   -0.0055426914
   -0.0059092012
   -0.0048424095
   -0.0040570781
   -0.0049573787
   -0.0038718626
   -0.0061504437
   -0.0076788187
   -0.0074748510
   -0.0060631912
   -0.0055634111
   -0.0057683298
   -0.0079811858
   -0.0089454758
   -0.0081408349
   -0.0068949279
   -0.0072902885
   -0.0072542404
   -0.0090094050
   -0.0092836423
   -0.0083116663
   -0.0078674477
   -0.0092376274
   -0.0090825838
   -0.0085344620
   -0.0088239217
    0.0026271275
    0.0018726297
    0.0030636200
    0.0033693668
    0.0033620790
    0.0019149430
    0.0029461332
    0.0033718511
    0.0043570983
    0.0039516524
    0.0013271129
    0.0024014146
    0.0025335360
    0.0036962452
    0.0053481575
    0.0034065966
   -0.0000032218
    0.0016151938
    0.0012187360
    0.0014026130
    0.0037053103
    0.0045939624
    0.0014589448
   -0.0017720254
    0.0009034715
   -0.0000616063
   -0.0011298199
   -0.0007275700
    0.0019044104
    0.0015967850
   -0.0008368580
   -0.0038408635
   -0.0008844115
   -0.0028759108
   -0.0045687444
   -0.0039769964
   -0.0016380179
   -0.0012558146
   -0.0030448527
   -0.0011181198
   -0.0035332814
   -0.0064321230
   -0.0083212864
   -0.0071208307
   -0.0041745550
   -0.0033019140
   -0.0056254567
   -0.0033006860
   -0.0065725752
   -0.0097771619
   -0.0109582400
   -0.0085635792
   -0.0054154547
   -0.0054722047
   -0.0089407172
   -0.0056655949
   -0.0092150659
   -0.0118652499
   -0.0116787958
   -0.0086329891
   -0.0065888963
   -0.0084292593
   -0.0076669280
   -0.0108117692
   -0.0123257171
   -0.0110315818
   -0.0085568709
   -0.0085409880
   -0.0089113362
   -0.0112198799
   -0.0116193525
   -0.0101282653
   -0.0091930678
   -0.0112538661
   -0.0107447591
   -0.0105423783
   -0.0097488743
   -0.0106395923
   -0.0212503629
   -0.0098627408
   -0.0097047713
   -0.0201150643
   -0.0205527288
    0.0036217628
    0.0035852565
    0.0032040160
    0.0017360042
    0.0041900537
    0.0044729904
    0.0050581829
    0.0042770877
    0.0015216416
    0.0042774206
    0.0047148045
    0.0060281749
    0.0078084290
    0.0048027548
    0.0006061562
    0.0037271622
    0.0041400216
    0.0050120519
    0.0096521846
    0.0103922984
    0.0035720022
   -0.0009066099
    0.0027839450
    0.0028120157
    0.0025883397
    0.0054516205
    0.0144375356
    0.0079325701
    0.0012442090
   -0.0028198842
    0.0019433737
    0.0013086606
   -0.0000636019
   -0.0008734939
    0.0051991424
    0.0095054604
    0.0030927456
   -0.0010372249
   -0.0053050470
    0.0003352501
   -0.0019197062
   -0.0050705468
   -0.0062820439
   -0.0008030626
    0.0013297915
    0.0001571360
   -0.0036355171
    0.0000478779
   -0.0025151189
   -0.0066531973
   -0.0111440628
   -0.0120741644
   -0.0066355365
   -0.0016796525
   -0.0022106255
   -0.0073479411
   -0.0021633317
   -0.0062439967
   -0.0115635535
   -0.0159597618
   -0.0148720698
   -0.0076529680
   -0.0030537936
   -0.0058763140
   -0.0048609762
   -0.0098173579
   -0.0149586841
   -0.0175783014
   -0.0138645487
   -0.0071002808
   -0.0057027553
   -0.0110125457
   -0.0218334566
   -0.0073881365
   -0.0121925769
   -0.0160034370
   -0.0161915985
   -0.0115506137
   -0.0076287046
   -0.0100061946
   -0.0230419077
   -0.0246951419
   -0.0091329028
   -0.0130284526
   -0.0151092140
   -0.0136267323
   -0.0101517650
   -0.0099301181
   -0.0151272492
   -0.0224238567
   -0.0266341199
   -0.0250748667
   -0.0098978340
   -0.0126334470
   -0.0132567079
   -0.0115301457
   -0.0103966294
   -0.0133436173
   -0.0200605173
   -0.0262628664
   -0.0272274954
   -0.0227363033
   -0.0115062576
   -0.0113871727
   -0.0105690428
   -0.0118847829
   -0.0168551740
   -0.0234481757
   -0.0269463670
   -0.0244946940
   -0.0101361597
   -0.0100490468
   -0.0106211667
   -0.0137512983
   -0.0192644422
   -0.0240283801
   -0.0241713961
   -0.0196399535
   -0.0111502241
   -0.0195992996
   -0.0216103354
   -0.0192556554
   -0.0177456917
   -0.0173593673
    0.0030202301
    0.0022881821
    0.0010204856
    0.0045745750
    0.0043736580
    0.0040761535
    0.0030020241
    0.0008729612
    0.0054744281
    0.0057420268
    0.0060120795
    0.0063745964
    0.0037083955
    0.0002891276
    0.0056763533
    0.0067736111
    0.0072527002
    0.0107302565
    0.0104031387
    0.0034324021
   -0.0008264049
    0.0049527169
    0.0066316063
    0.0072819902
    0.0113957968
    0.0265979344
    0.0117306885
    0.0018612869
   -0.0023993379
    0.0038262656
    0.0049207373
    0.0056237156
    0.0064735055
    0.0323582987
    0.0398488392
    0.0069617560
   -0.0000403115
   -0.0045637514
    0.0029390066
    0.0024005280
    0.0006159826
    0.0064039201
    0.0157386973
    0.0032405351
   -0.0022054771
    0.0017711423
   -0.0000516376
   -0.0040333217
   -0.0077256546
    0.0036279055
    0.0130804903
    0.0051371666
    0.0013228178
   -0.0056382364
   -0.0008015828
   -0.0056001788
   -0.0127623945
   -0.0169468220
   -0.0096035829
   -0.0007806365
    0.0038357303
   -0.0021376277
   -0.0109108535
   -0.0005173268
   -0.0048226741
   -0.0121462391
   -0.0205534832
   -0.0237713149
   -0.0148662706
   -0.0008753294
    0.0009737199
   -0.0084274693
   -0.0176677276
   -0.0228307176
   -0.0227742325
   -0.0032194196
   -0.0092585660
   -0.0171257620
   -0.0240468854
   -0.0240692019
   -0.0118068575
   -0.0014429771
   -0.0058395465
   -0.0164683288
   -0.0250663468
   -0.0274968265
   -0.0240502275
   -0.0061219020
   -0.0125653807
   -0.0190155937
   -0.0230073377
   -0.0188146204
   -0.0087428915
   -0.0059019497
   -0.0141022060
   -0.0252305026
   -0.0315823070
   -0.0296709318
   -0.0229487093
   -0.0084074050
   -0.0139970704
   -0.0184402763
   -0.0192166699
   -0.0138409107
   -0.0087065046
   -0.0120987796
   -0.0228461313
   -0.0330788289
   -0.0348985983
   -0.0282129405
   -0.0096373563
   -0.0139334095
   -0.0164318740
   -0.0151116340
   -0.0112793572
   -0.0113632830
   -0.0190018967
   -0.0306058694
   -0.0372126216
   -0.0331331134
   -0.0235914969
   -0.0099133109
   -0.0129339358
   -0.0138343487
   -0.0121623324
   -0.0112038678
   -0.0153778492
   -0.0251252180
   -0.0346090665
   -0.0352945165
   -0.0269339503
   -0.0113957730
   -0.0114421955
   -0.0107418609
   -0.0125975681
   -0.0191152378
   -0.0281433025
   -0.0327819190
   -0.0282034190
   -0.0192801416
   -0.0097075769
   -0.0097032145
   -0.0104424489
   -0.0141798774
   -0.0208673312
   -0.0266588664
   -0.0261996519
   -0.0196634639
   -0.0128175338
   -0.0086416363
   -0.0105821269
   -0.0148565809
   -0.0197946278
   -0.0216595385
   -0.0183715565
   -0.0126965417
   -0.0084868779
   -0.0080428267
   -0.0105450470
   -0.0165095896
   -0.0156769527
   -0.0119876124
   -0.0081736664
   -0.0124822671
   -0.0106358043
   -0.0077646572
    0.0041187304
    0.0034906625
    0.0026118641
    0.0015019846
    0.0000763869
    0.0054655717
    0.0052424352
    0.0043834128
    0.0034741944
    0.0016793329
   -0.0004117059
    0.0064796779
    0.0074783920
    0.0067252620
    0.0065924557
    0.0052332933
    0.0015410072
   -0.0012439306
    0.0065144480
    0.0093879802
    0.0098875173
    0.0100887443
    0.0150149319
    0.0069956870
    0.0007283028
   -0.0024761283
    0.0056161279
    0.0089958849
    0.0132577275
    0.0123553448
    0.0338130428
    0.0374275195
    0.0056531726
   -0.0005262767
   -0.0042570780
    0.0045203894
    0.0065146984
    0.0115420727
    0.0137272544
    0.0259159165
    0.0291419904
    0.0031854149
   -0.0021063078
    0.0043038723
    0.0056657361
    0.0081822328
    0.0102808714
    0.0107694372
    0.0021638951
   -0.0047835358
    0.0031405481
    0.0022821647
   -0.0004670644
   -0.0032841481
    0.0223769035
    0.0099824690
    0.0002692539
   -0.0095065807
    0.0013155296
   -0.0029413777
   -0.0113644093
   -0.0167292527
    0.0181414550
    0.0174170488
    0.0109699509
   -0.0054924030
   -0.0164173568
   -0.0221475409
    0.0013785031
   -0.0022462853
   -0.0106725143
   -0.0222417280
   -0.0276694743
   -0.0158248396
    0.0053673680
    0.0231513176
    0.0018839182
   -0.0145770952
   -0.0250181811
   -0.0281138418
   -0.0248180481
   -0.0008703855
   -0.0070508215
   -0.0175595055
   -0.0279796740
   -0.0335497415
   -0.0184477919
    0.0060651845
    0.0074626640
   -0.0103538432
   -0.0258757930
   -0.0341267987
   -0.0322512122
   -0.0248015867
   -0.0037403161
   -0.0113668128
   -0.0205200121
   -0.0277019410
   -0.0288683137
   -0.0136574985
    0.0000501848
   -0.0064826113
   -0.0234147376
   -0.0383148701
   -0.0411614508
   -0.0326123099
   -0.0222723803
   -0.0013354567
   -0.0064296385
   -0.0136570360
   -0.0202577636
   -0.0247064580
   -0.0210385653
   -0.0100231103
   -0.0067640662
   -0.0185244769
   -0.0375525115
   -0.0485759411
   -0.0424303131
   -0.0285747648
   -0.0030086277
   -0.0082075365
   -0.0140723322
   -0.0187392403
   -0.0200844363
   -0.0147869386
   -0.0095978071
   -0.0144284944
   -0.0312218199
   -0.0491517647
   -0.0510384683
   -0.0362379747
   -0.0218735854
   -0.0043006120
   -0.0089578655
   -0.0134586868
   -0.0163241873
   -0.0153528188
   -0.0116280384
   -0.0124645433
   -0.0230864067
   -0.0411121242
   -0.0518651504
   -0.0426563013
   -0.0258808751
   -0.0151652077
   -0.0089446546
   -0.0121889149
   -0.0134124783
   -0.0119139394
   -0.0112547987
   -0.0166396286
   -0.0294979877
   -0.0429405010
   -0.0428447671
   -0.0287650598
   -0.0162253372
   -0.0101228234
   -0.0083882851
   -0.0104691042
   -0.0106871000
   -0.0100107616
   -0.0121724132
   -0.0197055596
   -0.0303879448
   -0.0355480136
   -0.0283839003
   -0.0166776999
   -0.0097325473
   -0.0085892006
   -0.0085598439
   -0.0091779543
   -0.0130360372
   -0.0199700671
   -0.0256231812
   -0.0242002030
   -0.0162883091
   -0.0092005392
   -0.0062622308
   -0.0071452662
   -0.0088767566
   -0.0129556122
   -0.0173395827
   -0.0184133577
   -0.0146341464
   -0.0089373669
   -0.0055965814
   -0.0063484767
   -0.0085707151
   -0.0115987919
   -0.0132534296
   -0.0120193279
   -0.0085327913
   -0.0053275335
   -0.0039773401
   -0.0093795455
   -0.0093183355
   -0.0075691516
   -0.0052007895
   -0.0036606175
   -0.0062829152
   -0.0048257184
   -0.0034777768
    0.0045890682
    0.0039590450
    0.0026873396
    0.0014628378
    0.0002851972
    0.0059109046
    0.0061567202
    0.0046668636
    0.0029839567
    0.0015160135
   -0.0000943109
    0.0066865042
    0.0089038454
    0.0083019309
    0.0055635630
    0.0041184988
    0.0015740216
   -0.0007133832
    0.0065150446
    0.0105283254
    0.0151163390
    0.0107094859
    0.0100152806
    0.0080144965
    0.0011124185
   -0.0015826097
    0.0057290712
    0.0093346880
    0.0207748294
    0.0262512708
    0.0185773046
    0.0104436033
    0.0002522498
   -0.0027727418
    0.0069459164
    0.0147055512
    0.0334863347
    0.0057728258
   -0.0001342543
   -0.0048111409
    0.0051942782
    0.0074264853
    0.0223772325
    0.0404253842
    0.0061213676
   -0.0008490831
   -0.0085771005
    0.0043452469
    0.0039485818
    0.0137433284
    0.0273063366
    0.0112605668
   -0.0045404475
   -0.0146307283
    0.0033688062
    0.0007914560
   -0.0066910179
    0.0074593058
   -0.0124425188
   -0.0229497683
   -0.0263442372
   -0.0238231174
    0.0009830735
   -0.0064276865
   -0.0197454062
   -0.0220356329
    0.0462156128
   -0.0056222172
   -0.0240184817
   -0.0329414506
   -0.0316955241
   -0.0248721052
    0.0017279738
   -0.0031413237
   -0.0150762767
   -0.0289936294
   -0.0326715746
    0.0055420085
   -0.0210961910
   -0.0390249686
   -0.0426784697
   -0.0340306953
   -0.0234151048
   -0.0005417916
   -0.0079250762
   -0.0202433903
   -0.0287599743
   -0.0332122071
   -0.0109204306
    0.0086713198
    0.0086556771
   -0.0136698920
   -0.0407402608
   -0.0554351459
   -0.0481032930
   -0.0317513100
   -0.0031651209
   -0.0113454650
   -0.0205479460
   -0.0266322711
   -0.0287522270
   -0.0143516329
   -0.0016388247
   -0.0069000452
   -0.0343137203
   -0.0631085890
   -0.0665394719
   -0.0447292236
   -0.0255526222
   -0.0003425779
   -0.0053534308
   -0.0126150341
   -0.0192676029
   -0.0240976808
   -0.0213724038
   -0.0103994907
   -0.0071297504
   -0.0231943307
   -0.0574167268
   -0.0782778442
   -0.0622185683
   -0.0334949772
   -0.0181392239
   -0.0017070740
   -0.0066718256
   -0.0125605039
   -0.0175889581
   -0.0195796900
   -0.0146171436
   -0.0098500624
   -0.0161880936
   -0.0409166155
   -0.0708945516
   -0.0735489898
   -0.0429283977
   -0.0207968819
   -0.0119470299
   -0.0027447830
   -0.0072090645
   -0.0118384870
   -0.0151354836
   -0.0146695289
   -0.0110209939
   -0.0126296540
   -0.0256070177
   -0.0497990143
   -0.0649701722
   -0.0482098301
   -0.0228183646
   -0.0114379214
   -0.0079015735
   -0.0071551344
   -0.0105619237
   -0.0121431492
   -0.0107063488
   -0.0098269819
   -0.0157024504
   -0.0297642026
   -0.0445669821
   -0.0425431069
   -0.0235463290
   -0.0098503256
   -0.0065288371
   -0.0066056556
   -0.0088078100
   -0.0091059299
   -0.0080359422
   -0.0097031096
   -0.0171531791
   -0.0268782172
   -0.0302908064
   -0.0217115001
   -0.0091078867
   -0.0045896019
   -0.0044709788
   -0.0068129908
   -0.0065946974
   -0.0066494309
   -0.0100221652
   -0.0160053543
   -0.0196597072
   -0.0172385206
   -0.0097102746
   -0.0037905590
   -0.0031927337
   -0.0049912648
   -0.0050101474
   -0.0062967260
   -0.0097411562
   -0.0127466532
   -0.0125780142
   -0.0091812423
   -0.0045409094
   -0.0025712230
   -0.0027265392
   -0.0043039529
   -0.0061281294
   -0.0083740721
   -0.0090230369
   -0.0076009558
   -0.0049520722
   -0.0027329221
   -0.0022130134
   -0.0064198169
   -0.0059558071
   -0.0045262642
   -0.0029125273
   -0.0020319009
   -0.0037856921
   -0.0027482665
   -0.0019412884
    0.0005069208
    0.0043362315
    0.0028055739
    0.0011380732
    0.0000005712
   -0.0007829016
    0.0057706949
    0.0065410730
    0.0051887887
    0.0023858660
    0.0003988379
   -0.0006464107
   -0.0013756064
    0.0062580527
    0.0087170856
    0.0099093971
    0.0055240270
    0.0013653841
   -0.0005943301
   -0.0013913595
   -0.0021055641
    0.0061053252
    0.0093698274
    0.0168165892
    0.0166459957
    0.0052024893
    0.0011662590
   -0.0017032270
   -0.0020417464
   -0.0031123852
    0.0082852785
    0.0178651879
    0.0257110334
    0.0148685348
    0.0063322532
   -0.0025601014
   -0.0024220078
   -0.0047929290
    0.0068180090
    0.0120353289
    0.0060971976
   -0.0015656825
   -0.0030519923
   -0.0077887118
    0.0057261103
    0.0077960125
    0.0187211703
    0.0066442764
    0.0015462783
   -0.0054451874
   -0.0126901596
    0.0058496693
    0.0067308175
    0.0215141968
    0.0270045895
    0.0025669487
   -0.0111978807
   -0.0197499847
   -0.0230175011
    0.0049796027
    0.0043897286
   -0.0000909292
   -0.0045576066
   -0.0208255679
   -0.0288033442
   -0.0285506842
    0.0039961044
   -0.0002238827
   -0.0133681571
    0.0153589338
   -0.0177743183
   -0.0347342034
   -0.0387441251
   -0.0320718408
   -0.0230144886
    0.0039994331
    0.0014875190
   -0.0082029739
   -0.0266793865
   -0.0248049741
    0.0013138994
   -0.0075410262
   -0.0376360255
   -0.0526688322
   -0.0465267580
   -0.0317889707
    0.0027239495
   -0.0024548661
   -0.0157140176
   -0.0294485548
   -0.0269306285
    0.0326433285
    0.0078432058
   -0.0312803527
   -0.0663763889
   -0.0701073999
   -0.0473087418
   -0.0273560635
    0.0007940992
   -0.0063903437
   -0.0184835669
   -0.0262461977
   -0.0299313976
   -0.0161011048
    0.0022260013
    0.0112987984
   -0.0111261546
   -0.0679850634
   -0.0927523606
   -0.0756107275
   -0.0388054269
   -0.0206198603
    0.0024284527
   -0.0012864446
   -0.0088055180
   -0.0178832883
   -0.0247633675
   -0.0276256174
   -0.0146776622
   -0.0007676265
    0.0028369477
   -0.0488761438
   -0.0910279287
   -0.1043686690
   -0.0585776236
   -0.0257704482
   -0.0140889599
    0.0013110211
   -0.0029768097
   -0.0097382433
   -0.0167348549
   -0.0223113517
   -0.0208413478
   -0.0094151453
   -0.0057966062
   -0.0262196469
   -0.0775291152
   -0.0820830400
   -0.0319484539
   -0.0143649735
   -0.0092808334
    0.0002405003
   -0.0041098718
   -0.0098530753
   -0.0152453953
   -0.0182552551
   -0.0136999290
   -0.0082851443
   -0.0162410652
   -0.0452573588
   -0.0768601440
   -0.0806895823
   -0.0370067359
   -0.0114186506
   -0.0075076638
   -0.0063662062
   -0.0047108088
   -0.0093441880
   -0.0130741424
   -0.0132022457
   -0.0086007513
   -0.0087007019
   -0.0226831654
   -0.0455785681
   -0.0564986220
   -0.0359549866
   -0.0057167682
   -0.0024661886
   -0.0046304706
   -0.0047640374
   -0.0081920499
   -0.0100307106
   -0.0082789820
   -0.0053346350
   -0.0103113151
   -0.0230452051
   -0.0319529743
   -0.0268240026
   -0.0076094743
    0.0038526803
   -0.0015615122
   -0.0035354084
   -0.0042882462
   -0.0064432754
   -0.0066722843
   -0.0048074605
   -0.0050214825
   -0.0118127921
   -0.0179499417
   -0.0172532023
   -0.0102835080
    0.0013559249
    0.0011449249
   -0.0019650076
   -0.0044553618
   -0.0040608455
   -0.0035565501
   -0.0062680521
   -0.0107400043
   -0.0115077952
   -0.0086886196
   -0.0035920666
    0.0004244117
   -0.0007571845
   -0.0020663894
   -0.0027347655
   -0.0037414722
   -0.0064650010
   -0.0079959732
   -0.0067521166
   -0.0043651788
   -0.0015453181
   -0.0006039770
   -0.0013296508
   -0.0023680498
   -0.0038728923
   -0.0053798832
   -0.0052120801
   -0.0037750122
   -0.0021461395
   -0.0009663066
   -0.0009451119
   -0.0030943428
   -0.0019897850
   -0.0011064841
   -0.0007982442
   -0.0016953945
   -0.0010232011
   -0.0006920278
    0.0017110377
    0.0004439768
    0.0044414508
    0.0030179407
    0.0009424991
   -0.0004906429
   -0.0010301635
    0.0061668115
    0.0054503495
    0.0022705739
   -0.0006913131
   -0.0018295456
   -0.0017462551
   -0.0018859823
    0.0074941366
    0.0092619825
    0.0061951850
   -0.0002115592
   -0.0035316838
   -0.0034094134
   -0.0023723732
   -0.0027161104
   -0.0043902949
    0.0078032989
    0.0124338599
    0.0183365484
    0.0052246247
   -0.0048571098
   -0.0073145694
   -0.0046061750
   -0.0028917707
   -0.0041253793
   -0.0065906045
    0.0073235928
    0.0119309582
    0.0350009281
    0.0063607491
   -0.0063322100
   -0.0101408343
   -0.0045791729
   -0.0037179833
   -0.0065565478
   -0.0097459499
    0.0096717836
    0.0241169980
   -0.0092837686
   -0.0034977030
   -0.0057849296
   -0.0104545532
   -0.0139868552
    0.0079029788
    0.0125890084
    0.0086737370
   -0.0027905730
   -0.0032203673
   -0.0101714898
   -0.0161309145
    0.0067570154
    0.0085770166
    0.0140132622
    0.0066291071
   -0.0068617756
   -0.0175054437
   -0.0235858007
   -0.0242991432
    0.0069691688
    0.0065474907
    0.0129827594
    0.0055018578
   -0.0157934082
   -0.0282659529
   -0.0321428557
   -0.0282112232
    0.0061225696
    0.0055111481
   -0.0012766066
   -0.0068388970
   -0.0307875748
   -0.0429330310
   -0.0397813974
   -0.0293163796
    0.0053943629
    0.0009353828
   -0.0131497161
    0.0266897090
    0.0130743501
   -0.0255187311
   -0.0556515152
   -0.0595022300
   -0.0429589735
   -0.0268720078
    0.0052884413
    0.0033270290
   -0.0059450518
   -0.0217948206
   -0.0186353916
    0.0118073446
    0.0326017955
    0.0016495324
   -0.0622018886
   -0.0866383425
   -0.0701239443
   -0.0386972590
   -0.0217551847
    0.0044163853
    0.0002760464
   -0.0110885770
   -0.0236240174
   -0.0226910107
    0.0237663832
   -0.0410859349
   -0.0629513437
   -0.0286679650
   -0.0159053594
    0.0030635627
   -0.0025334028
   -0.0129551062
   -0.0217964804
   -0.0258565001
   -0.0133923692
    0.0065460361
   -0.1021161954
   -0.0399554516
   -0.0179410702
   -0.0109363366
    0.0015697138
   -0.0045177614
   -0.0132838994
   -0.0207142126
   -0.0254627527
   -0.0124920601
    0.0097682170
   -0.0577426909
   -0.0556987253
   -0.0174502734
   -0.0099918205
   -0.0074978471
    0.0001683973
   -0.0058676220
   -0.0130515097
   -0.0193626146
   -0.0203759188
   -0.0049936417
    0.0049805800
   -0.0239462065
   -0.0662218438
   -0.0572835576
   -0.0052090970
   -0.0034095574
   -0.0057534701
   -0.0054030038
   -0.0010182513
   -0.0064796448
   -0.0121181250
   -0.0163416565
   -0.0115314567
    0.0040681231
   -0.0020492898
   -0.0331854483
   -0.0459969499
   -0.0360532797
    0.0076028401
    0.0260770217
   -0.0005742095
   -0.0039663717
   -0.0017728744
   -0.0061883738
   -0.0101220406
   -0.0104960160
   -0.0029308820
    0.0075940281
   -0.0122636481
   -0.0251498857
   -0.0192801265
   -0.0042979751
    0.0115567077
   -0.0013282199
   -0.0031560031
   -0.0019365429
   -0.0050890741
   -0.0068611224
   -0.0047083800
    0.0011047046
   -0.0025594450
   -0.0137268386
   -0.0124822853
   -0.0058034889
    0.0092952148
    0.0174552017
    0.0020349576
   -0.0017645895
   -0.0015704135
   -0.0034258985
   -0.0035627708
   -0.0015477657
   -0.0011967500
   -0.0071555725
   -0.0097048864
   -0.0055166010
   -0.0021460150
    0.0047041404
    0.0031626165
   -0.0003710093
   -0.0017452860
   -0.0014760423
   -0.0012031791
   -0.0035988989
   -0.0066817185
   -0.0054444902
   -0.0026364649
   -0.0006064605
    0.0013286675
    0.0003616871
   -0.0009998565
   -0.0007489167
   -0.0018204579
   -0.0039364155
   -0.0044528813
   -0.0026093319
   -0.0009204397
    0.0001879586
    0.0003949855
   -0.0003922729
   -0.0029662390
   -0.0023383189
   -0.0008988782
    0.0000473709
    0.0003304873
   -0.0000360085
   -0.0008876793
   -0.0000050433
    0.0003451414
    0.0001745593
    0.0003235365
    0.0019362405
    0.0005192594
    0.0043260029
    0.0032012374
    0.0010551370
   -0.0007665325
   -0.0013916585
   -0.0012251911
    0.0055546480
    0.0051796211
    0.0024866729
   -0.0010625931
   -0.0028111968
   -0.0024573702
   -0.0016067910
   -0.0018598115
   -0.0032397104
    0.0064389937
    0.0074867092
    0.0058709459
   -0.0004030940
   -0.0051095377
   -0.0055324992
   -0.0032857378
   -0.0019739037
   -0.0029293383
   -0.0049025220
   -0.0069000170
    0.0067885667
    0.0089686688
    0.0115065857
    0.0052609880
   -0.0068330018
   -0.0112723940
   -0.0081398387
   -0.0035229085
   -0.0027505069
   -0.0048286096
   -0.0072911709
   -0.0094714983
    0.0091208523
    0.0145126626
    0.0277002912
    0.0055090609
   -0.0147667885
   -0.0173101106
   -0.0089846632
   -0.0033877431
   -0.0046163022
   -0.0077893149
   -0.0106466319
    0.0085797485
    0.0129728659
    0.0366529992
   -0.0089537617
   -0.0198971597
   -0.0069204259
   -0.0041235426
   -0.0081769525
   -0.0121597461
   -0.0150585086
    0.0078478282
    0.0110438378
    0.0202187002
   -0.0127379961
   -0.0036854463
   -0.0075552327
   -0.0138621282
   -0.0182428760
   -0.0199249137
    0.0095213738
    0.0138667272
    0.0409083374
    0.0014875996
   -0.0039222692
   -0.0145401308
   -0.0219625427
   -0.0255162011
    0.0082314962
    0.0109519863
    0.0178234263
    0.0089227824
   -0.0107472611
   -0.0247160535
   -0.0327067556
   -0.0323342730
   -0.0259722627
    0.0090069239
    0.0104747173
    0.0029934904
   -0.0222213227
   -0.0404929081
   -0.0450630097
   -0.0361929373
   -0.0250631534
    0.0077187806
    0.0083212956
    0.0045089360
    0.0252882507
   -0.0060755392
   -0.0445888701
   -0.0646022101
   -0.0545270839
   -0.0348499736
   -0.0216080301
    0.0075319452
    0.0049025665
   -0.0044304060
    0.0440416108
   -0.0299823020
   -0.0850979692
   -0.0860833097
   -0.0536956473
   -0.0284800838
   -0.0169017236
    0.0069057924
    0.0063171433
    0.0002117415
   -0.0114824395
    0.0001951660
   -0.0871413857
   -0.0887622417
   -0.0402457691
   -0.0201225502
   -0.0123414396
    0.0065593355
    0.0044457454
   -0.0032827183
   -0.0139743695
   -0.0109441876
   -0.0407111886
   -0.0606909776
   -0.0233751401
   -0.0127793468
   -0.0087497108
    0.0058216954
    0.0024276637
   -0.0062373461
   -0.0158616670
   -0.0188772758
   -0.0107960803
    0.0396721016
   -0.0203805686
   -0.0102682283
   -0.0077776962
   -0.0062936391
    0.0047822669
    0.0002405317
   -0.0086758497
   -0.0164071282
   -0.0245757939
   -0.0080919974
   -0.0343929376
    0.0094115458
    0.0180265016
   -0.0036006002
   -0.0050390439
    0.0035030288
   -0.0016942253
   -0.0091377706
   -0.0163271333
   -0.0193282905
    0.0056504966
   -0.0012039864
   -0.0200789887
    0.0365619458
    0.0197346740
   -0.0020916012
   -0.0036794899
    0.0022455310
   -0.0025524914
   -0.0080814494
   -0.0125810197
   -0.0070593450
   -0.0157543116
    0.0083947596
    0.0321348948
    0.0046511077
   -0.0019204378
    0.0014035578
   -0.0023019851
   -0.0057673200
   -0.0059245198
    0.0022289090
    0.0163486664
   -0.0058484338
   -0.0099203465
    0.0103344782
    0.0184554914
    0.0140968144
    0.0004281133
   -0.0018533969
    0.0011191903
   -0.0013395314
   -0.0026968684
   -0.0009863227
    0.0030324924
   -0.0009422352
   -0.0093991972
   -0.0029909334
    0.0041784331
    0.0073040334
    0.0095263472
    0.0022578232
   -0.0006235946
    0.0012566772
   -0.0000983083
   -0.0002846229
    0.0006917636
   -0.0001491687
   -0.0049812453
   -0.0056643150
   -0.0002082762
    0.0018619057
    0.0025715230
    0.0022704775
    0.0003846436
    0.0009087486
    0.0008019300
    0.0003276006
   -0.0019561358
   -0.0039911054
   -0.0020079183
    0.0011182294
    0.0019482632
    0.0018399512
    0.0009499674
   -0.0002412739
   -0.0018629699
    0.0001812858
    0.0017907974
    0.0018993741
    0.0012552705
    0.0003092729
   -0.0001916898
    0.0011797978
    0.0017800431
    0.0014363472
    0.0006947702
    0.0014061362
    0.0014241407
    0.0033381701
    0.0014252454
   -0.0006175582
   -0.0015449153
   -0.0012367590
   -0.0010049284
   -0.0022484586
    0.0048234584
    0.0027969317
   -0.0006696563
   -0.0030284372
   -0.0029855566
   -0.0014953851
   -0.0006970294
   -0.0016593774
   -0.0034316721
   -0.0052882569
    0.0063358879
    0.0051580368
    0.0002916697
   -0.0049984935
   -0.0064567517
   -0.0041782592
   -0.0012982966
   -0.0010718948
   -0.0030038114
   -0.0051237119
   -0.0073033800
    0.0074278759
    0.0079211501
    0.0038086466
   -0.0062264483
   -0.0119500586
   -0.0101827794
   -0.0043804066
   -0.0010266981
   -0.0025406869
   -0.0050505269
   -0.0075365963
   -0.0099467634
    0.0079296752
    0.0098146252
    0.0097214346
   -0.0008508356
   -0.0155373819
   -0.0198894121
   -0.0124192329
   -0.0032327858
   -0.0019382819
   -0.0052839038
   -0.0079159883
   -0.0111137366
    0.0079223168
    0.0105267125
    0.0134846330
    0.0149394041
   -0.0232582655
   -0.0247906841
   -0.0107938802
   -0.0019847075
   -0.0051656354
   -0.0091438557
   -0.0126110803
   -0.0156726869
    0.0103264940
    0.0148166583
    0.0236717907
   -0.0205839318
   -0.0223450466
   -0.0046449406
   -0.0039771201
   -0.0111236570
   -0.0152367217
   -0.0192804131
    0.0094895815
    0.0142412587
    0.0274381847
   -0.0056691407
   -0.0037334682
   -0.0000755817
   -0.0125362017
   -0.0193081010
   -0.0241369035
   -0.0260091456
    0.0121722141
    0.0236659401
    0.0114059344
   -0.0062197641
   -0.0230387426
   -0.0294983415
   -0.0341619212
   -0.0304137365
    0.0101112764
    0.0157413340
    0.0137085016
   -0.0165859794
   -0.0320209802
   -0.0439632482
   -0.0419353508
   -0.0307800948
    0.0116428179
    0.0182050904
    0.0381125799
    0.0086654522
   -0.0232464007
   -0.0529579485
   -0.0598461904
   -0.0431737708
   -0.0269870834
   -0.0172502289
    0.0095175980
    0.0119344418
    0.0125250226
    0.0455805311
    0.0143971993
   -0.0528126472
   -0.0802092242
   -0.0652020218
   -0.0361169694
   -0.0207943063
   -0.0132964809
    0.0099678628
    0.0102521786
    0.0053538403
    0.0216816317
   -0.0194449597
   -0.0505958193
   -0.0248015220
   -0.0145368952
   -0.0098372502
    0.0097428335
    0.0078394774
   -0.0003168600
    0.0109010658
   -0.0263978553
   -0.0147886535
   -0.0096219235
   -0.0072243486
    0.0087689084
    0.0089210026
    0.0044781424
   -0.0093480711
   -0.0084791214
    0.0071291905
   -0.0004813232
    0.0011400623
   -0.0084916944
   -0.0079344308
   -0.0063821793
    0.0085347070
    0.0073090244
   -0.0004862655
   -0.0142177185
   -0.0168111861
   -0.0123338172
    0.0018497507
   -0.0042765556
   -0.0044926641
    0.0078003325
    0.0049382538
   -0.0037183062
   -0.0126751929
   -0.0221492875
   -0.0088005322
   -0.0018534302
    0.0014990597
   -0.0027776200
    0.0066184402
    0.0028881778
   -0.0036920660
   -0.0103865304
   -0.0127518542
    0.0118775720
    0.0048787287
    0.0042158032
    0.0259847969
   -0.0000383881
   -0.0021965354
    0.0053705219
    0.0019886005
   -0.0023220407
   -0.0054719876
   -0.0011581810
    0.0197451291
    0.0150668215
   -0.0182515653
    0.0146580190
    0.0497604404
    0.0036544966
   -0.0006228935
    0.0044542215
    0.0019912989
   -0.0003233636
   -0.0003211624
    0.0035973971
    0.0055900266
   -0.0084095539
   -0.0103444519
    0.0102170121
    0.0232418499
    0.0178417618
    0.0052801358
    0.0009325970
   -0.0008907036
    0.0039542027
    0.0024314649
    0.0015786906
    0.0021957008
    0.0026383424
   -0.0019988899
   -0.0078111225
   -0.0015640401
    0.0076619635
    0.0091646629
    0.0040989770
    0.0019475632
    0.0001203282
    0.0029016106
    0.0025782011
    0.0023825397
    0.0005463527
   -0.0031117169
   -0.0030088426
    0.0024969158
    0.0064103357
    0.0046649490
    0.0025596656
    0.0009590234
    0.0016781580
   -0.0002999187
   -0.0015176381
    0.0004929032
    0.0038171813
    0.0046789298
    0.0031409236
    0.0015978894
    0.0002848230
    0.0021189244
    0.0035814806
    0.0032548841
    0.0020358899
    0.0024796507
    0.0028147909
    0.0021849932
   -0.0015754090
    0.0019461370
   -0.0000666465
   -0.0013207472
   -0.0011852606
    0.0001997866
   -0.0007416499
   -0.0023850855
   -0.0041301070
    0.0032051025
    0.0002609957
   -0.0024304008
   -0.0029885410
   -0.0014379126
    0.0004534034
    0.0003526428
   -0.0015377832
   -0.0035728890
   -0.0056887611
    0.0049871453
    0.0014997687
   -0.0035287501
   -0.0059781002
   -0.0044795597
   -0.0007191942
    0.0014905546
   -0.0004023581
   -0.0028511022
   -0.0052271429
   -0.0078081146
    0.0069363816
    0.0041189937
   -0.0036129595
   -0.0100688150
   -0.0099988187
   -0.0047531279
    0.0013014241
    0.0014713831
   -0.0023844500
   -0.0043051615
   -0.0078356399
    0.0085397020
    0.0077544145
   -0.0004409861
   -0.0134595841
   -0.0179218241
   -0.0126429270
   -0.0026272907
    0.0033162962
   -0.0013380005
   -0.0038099818
   -0.0069858551
   -0.0117801400
    0.0094175754
    0.0111951070
    0.0071205694
   -0.0091284893
   -0.0235533706
   -0.0226687178
   -0.0115914089
    0.0019162131
    0.0017936602
   -0.0046163530
   -0.0058859126
   -0.0129251102
   -0.0161845382
    0.0094524892
    0.0131591525
    0.0167633357
    0.0114703166
   -0.0072305959
   -0.0253796206
   -0.0216617117
   -0.0039321610
    0.0052851933
   -0.0046973676
   -0.0088447440
   -0.0145237672
   -0.0202501613
    0.0129357705
    0.0231287838
   -0.0158999274
   -0.0120722956
    0.0116134269
   -0.0027361107
   -0.0175734813
   -0.0189840193
   -0.0258365758
   -0.0257420157
    0.0114475295
    0.0200676609
    0.0327612893
    0.0004253094
    0.0140989793
    0.0220232899
   -0.0255688441
   -0.0264432830
   -0.0322574020
   -0.0344514049
   -0.0276135552
    0.0151588455
    0.0410065305
    0.0494824870
    0.0017916245
   -0.0287720850
   -0.0341617210
   -0.0449697445
   -0.0372648143
   -0.0256580499
    0.0119584545
    0.0196924516
    0.0443090897
   -0.0026119136
   -0.0206360323
   -0.0525942788
   -0.0501497465
   -0.0333985473
   -0.0210787473
    0.0139930832
    0.0214880589
    0.0390538908
    0.0410225001
    0.0087493366
   -0.0461475882
   -0.0637045649
   -0.0428320688
   -0.0252090889
   -0.0157145584
    0.0112132493
    0.0152362993
    0.0190238164
    0.0288504788
   -0.0163743354
   -0.0462499255
   -0.0275517165
   -0.0166018458
   -0.0110272585
    0.0122876816
    0.0156093933
    0.0163784926
    0.0177580328
   -0.0133053034
   -0.0140040699
   -0.0100772275
   -0.0076205575
    0.0129476263
    0.0149024500
    0.0071707775
   -0.0071096563
    0.0140554631
   -0.0061046380
   -0.0060513438
   -0.0054118378
    0.0128683084
    0.0114472334
   -0.0055465015
   -0.0120417906
   -0.0028313248
   -0.0038853083
    0.0115640041
    0.0063547006
   -0.0071037127
   -0.0085102834
   -0.0105061281
    0.0288830533
    0.0359908828
    0.0109240364
   -0.0015185198
   -0.0028102871
    0.0093467332
    0.0036531794
   -0.0034858926
   -0.0088745093
   -0.0014155603
   -0.0291502574
    0.0023627821
   -0.0011072865
   -0.0022590773
    0.0073783371
    0.0033771708
   -0.0007353152
   -0.0011222195
    0.0080681877
    0.0217261649
   -0.0190839624
   -0.0276695097
    0.0559157009
    0.0097115307
    0.0008130736
   -0.0010626321
    0.0062265346
    0.0038856760
    0.0024916654
    0.0043280829
    0.0069879677
   -0.0028299234
   -0.0227197836
   -0.0029192252
    0.0403232050
    0.0134921444
    0.0025370464
    0.0002350651
    0.0056770258
    0.0045799220
    0.0044839135
    0.0049180268
    0.0018989841
   -0.0075787197
   -0.0088068209
    0.0079445709
    0.0397966706
    0.0177904667
    0.0039117376
    0.0014373405
   -0.0001666346
    0.0053809551
    0.0049047547
    0.0046539261
    0.0033396559
   -0.0007177148
   -0.0041338875
    0.0008142559
    0.0110333498
    0.0149744678
    0.0058180066
    0.0025005465
    0.0007169348
    0.0019385194
   -0.0004538207
    0.0000789329
    0.0045978972
    0.0085983755
    0.0067135975
    0.0034547425
    0.0015000026
    0.0024906490
    0.0050743065
    0.0056917558
    0.0039517162
    0.0021201063
    0.0032590658
    0.0042199900
    0.0037542309
    0.0024704406
    0.0005158342
   -0.0003350958
   -0.0017896201
    0.0007399079
   -0.0007227626
    0.0011873055
    0.0009365325
   -0.0007257580
   -0.0026661171
    0.0036791604
    0.0014179223
   -0.0012307701
   -0.0024158062
   -0.0013488002
    0.0011606802
    0.0026468348
    0.0009268131
   -0.0015364018
   -0.0039090949
    0.0051372636
    0.0028387120
   -0.0013006881
   -0.0044233322
   -0.0040972823
   -0.0005552242
    0.0040631408
    0.0041058716
   -0.0001268620
   -0.0024286749
   -0.0057950864
    0.0066448201
    0.0051068173
   -0.0001221452
   -0.0065477948
   -0.0083158199
   -0.0046394506
    0.0027922405
    0.0097169881
    0.0030077945
   -0.0003459984
   -0.0035505682
   -0.0088352782
    0.0078563425
    0.0078624849
    0.0032666248
   -0.0072885541
   -0.0138561917
   -0.0110474887
   -0.0023565085
    0.0106816714
    0.0144318674
    0.0019372791
    0.0039507806
   -0.0075665720
   -0.0127899601
    0.0102718131
    0.0088910493
   -0.0029214318
   -0.0187921535
   -0.0191845567
   -0.0102164863
    0.0046798339
    0.0206128076
    0.0119519762
    0.0174843442
   -0.0007302759
   -0.0147128038
    0.0114300013
    0.0148509868
    0.0103490246
   -0.0108593110
   -0.0263139520
   -0.0181397322
   -0.0034628546
    0.0177829923
    0.0219684424
    0.0147751805
    0.0111228701
   -0.0163660749
   -0.0212188282
    0.0111935119
    0.0172453808
    0.0327639238
    0.0309286101
   -0.0207135342
   -0.0127813791
    0.0182716094
    0.0366085901
    0.0116873080
   -0.0025227113
   -0.0193743567
   -0.0283799389
   -0.0246072058
    0.0156768392
    0.0356918710
   -0.0105211433
    0.0049885688
   -0.0171632274
   -0.0237306198
   -0.0382417700
   -0.0337987783
   -0.0243399747
    0.0131913144
    0.0237856835
    0.0662693861
   -0.0102152154
   -0.0442542410
   -0.0464894128
   -0.0324994127
   -0.0212337123
    0.0170771594
    0.0355740118
   -0.0176973470
   -0.0583884554
   -0.0428407479
   -0.0264475299
   -0.0167759680
    0.0134290381
    0.0210440313
    0.0374996509
    0.0700669090
    0.0846820555
   -0.0497993890
   -0.0512376280
   -0.0311680430
   -0.0187545204
   -0.0123715380
    0.0158732943
    0.0240423292
    0.0374304731
    0.0051241099
   -0.0358603997
   -0.0288244399
   -0.0180158674
   -0.0120284975
   -0.0088533936
    0.0182284456
    0.0271409894
    0.0406569685
    0.0169537075
   -0.0057130265
   -0.0079069695
   -0.0075119086
   -0.0063942558
    0.0141794044
    0.0202853833
    0.0276046185
    0.0242643619
    0.0180556490
   -0.0034314573
   -0.0049628161
    0.0153637716
    0.0206678744
    0.0186234152
    0.0005312915
    0.0127305441
   -0.0022580331
   -0.0035683532
    0.0156004955
    0.0177517371
    0.0085381767
    0.0039358579
    0.0343453397
    0.0021793336
   -0.0017150495
   -0.0027676541
    0.0144580630
    0.0133997991
    0.0068238503
    0.0058090180
    0.0085872762
    0.0166275062
    0.0290596202
   -0.0175702961
    0.0137523526
    0.0004615147
   -0.0014448868
    0.0124315696
    0.0105326161
    0.0072720763
    0.0058846954
    0.0092939226
    0.0127369606
   -0.0044078247
   -0.0546466122
    0.0054208234
    0.0028096839
    0.0000832774
    0.0104879253
    0.0091272951
    0.0078111973
    0.0082291012
    0.0092683258
    0.0039837050
   -0.0192628243
   -0.0287385117
    0.0199137309
    0.0058253815
    0.0016055607
   -0.0002167707
    0.0090431293
    0.0083647860
    0.0080872054
    0.0081448135
    0.0061133761
   -0.0022027316
   -0.0126689709
   -0.0012450535
    0.0388783905
    0.0113499256
    0.0031414671
    0.0009138185
    0.0079905290
    0.0076952897
    0.0074479222
    0.0064419178
    0.0030704893
   -0.0023481532
   -0.0019994005
    0.0091021169
    0.0270221709
    0.0159411364
    0.0049902714
    0.0020156884
    0.0068396217
    0.0062242168
    0.0018738354
    0.0003924681
    0.0038126622
    0.0102475546
    0.0120234274
    0.0065319661
    0.0030467310
    0.0011694129
    0.0027139146
    0.0055465331
    0.0077813910
    0.0064783277
    0.0037901933
    0.0018535756
    0.0051874144
    0.0053569834
    0.0039712219
    0.0011743924
    0.0008240911
   -0.0005130633
   -0.0022086901
    0.0016097327
    0.0023603642
    0.0011000842
   -0.0010331510
   -0.0032321869
    0.0025180381
    0.0002357490
   -0.0013709514
   -0.0010853887
    0.0011570696
    0.0040621619
    0.0039981499
    0.0008371219
   -0.0018438775
   -0.0047393813
    0.0039486167
    0.0009578785
   -0.0022252236
   -0.0030921224
   -0.0007307594
    0.0045085677
    0.0099058329
    0.0048645732
    0.0004250419
   -0.0028976079
   -0.0070289051
    0.0058323972
    0.0027605708
   -0.0024175220
   -0.0056305590
   -0.0041014054
    0.0020395752
    0.0154869679
    0.0245695204
    0.0046555633
    0.0032025725
   -0.0053401384
   -0.0101684298
    0.0077991583
    0.0058464514
   -0.0007470173
   -0.0080209490
   -0.0086780686
   -0.0028152817
    0.0106351860
    0.0332114902
    0.0055675982
   -0.0106084536
    0.0092808568
    0.0096510829
    0.0041741283
   -0.0079915741
   -0.0140476138
   -0.0090275905
    0.0028857273
    0.0350010634
   -0.0070505095
   -0.0167948227
    0.0098799295
    0.0126450463
    0.0124263102
   -0.0006275099
   -0.0166329049
   -0.0160887488
   -0.0048352344
    0.0171491310
    0.0131175465
   -0.0214238732
   -0.0211018954
    0.0135219512
    0.0196164104
    0.0193774867
   -0.0026441923
   -0.0194257136
   -0.0131010031
    0.0087605647
    0.0581272909
   -0.0288406648
   -0.0295327102
   -0.0223370074
    0.0127213524
    0.0201459124
    0.0402766082
    0.0342273648
    0.0067929102
   -0.0127847580
   -0.0053784443
    0.0663964622
    0.0145089731
   -0.0396190903
   -0.0437172435
   -0.0310270727
    0.0172824131
    0.0327431108
    0.0001985864
    0.0199369710
   -0.0192213039
   -0.0642086433
   -0.0445878199
   -0.0273383278
    0.0143891475
    0.0234646950
    0.0457405343
    0.0612675432
    0.0158880616
   -0.0592487465
   -0.0635432235
   -0.0360062222
   -0.0210533774
    0.0181611205
    0.0299969280
    0.0501551940
    0.1067886212
    0.0797118388
   -0.0735259304
   -0.0449096933
   -0.0240100204
   -0.0146151878
    0.0225554489
    0.0383716448
    0.0834899453
   -0.0370835135
   -0.0432696021
   -0.0224320009
   -0.0130803585
   -0.0095880951
    0.0173591534
    0.0281004214
    0.0553847908
    0.0499844878
    0.0052876794
   -0.0049516012
   -0.0007999268
   -0.0060541242
   -0.0063879701
    0.0204348089
    0.0345886441
    0.0733305416
    0.0559340032
    0.0109009901
   -0.0033228580
   -0.0045377448
    0.0230352247
    0.0365483238
    0.0455690776
    0.0045635716
   -0.0024524072
    0.0234110279
    0.0286332573
    0.0220060294
    0.0473877709
    0.0527977774
    0.0299574374
    0.0006940123
   -0.0020089711
    0.0165539863
    0.0207226966
    0.0200251700
    0.0186924099
    0.0378670687
    0.0340782603
    0.0235379649
    0.0128564026
    0.0042939599
   -0.0001743955
    0.0154090940
    0.0169497448
    0.0158907330
    0.0166221410
    0.0212970894
    0.0184895765
    0.0095148866
   -0.0260349879
    0.0510837027
    0.0078524227
    0.0016808341
   -0.0004503626
    0.0135772953
    0.0139943834
    0.0138142204
    0.0149416960
    0.0153075853
    0.0111724001
   -0.0029228629
   -0.0278140756
   -0.0026917279
    0.0154617716
    0.0034573614
    0.0009056136
    0.0117549628
    0.0119733259
    0.0122543299
    0.0125620383
    0.0109349694
    0.0052499322
   -0.0058200143
   -0.0072058258
    0.0160827712
    0.0351351557
    0.0060139908
    0.0022827276
    0.0003923042
    0.0104085828
    0.0105059948
    0.0098436518
    0.0073087443
    0.0023946128
   -0.0011446805
    0.0053413059
    0.0201419986
    0.0272278379
    0.0096254352
    0.0037548518
    0.0013966793
    0.0089650746
    0.0086436220
    0.0024854477
    0.0034442024
    0.0090214370
    0.0141705747
    0.0105995157
    0.0051629200
    0.0023583425
    0.0035459902
    0.0054873051
    0.0083920784
    0.0086752988
    0.0058237666
    0.0031565020
    0.0056185421
    0.0064600164
    0.0054916754
    0.0036005036
    0.0015993132
    0.0006605996
   -0.0010089852
   -0.0028430955
    0.0015133322
    0.0028886924
    0.0026511634
    0.0006385576
   -0.0017431996
   -0.0040954307
    0.0008488075
    0.0037326926
    0.0059357002
    0.0036202844
    0.0002466883
   -0.0029176387
   -0.0058869712
    0.0027541553
    0.0000700037
   -0.0015734766
   -0.0006988364
    0.0030781717
    0.0101309083
    0.0124660097
    0.0040023868
   -0.0000313985
   -0.0049156543
   -0.0082820624
    0.0045859453
    0.0010937401
   -0.0024027567
   -0.0028979755
    0.0006449824
    0.0101606823
    0.0443208862
    0.0234330452
    0.0085794887
   -0.0001310100
   -0.0084475359
    0.0069674786
    0.0035684076
   -0.0021173751
   -0.0052455660
   -0.0028953883
    0.0052930962
   -0.0052173303
   -0.0131679362
    0.0092982965
    0.0075847891
    0.0007095320
   -0.0066183223
   -0.0069170712
   -0.0000867403
    0.0175821185
   -0.0154679317
   -0.0173336911
    0.0107990441
    0.0120339911
    0.0072836674
   -0.0042280806
   -0.0103287344
   -0.0057288515
    0.0077064338
    0.0444117081
   -0.0162580174
   -0.0238879158
    0.0147721100
    0.0162156340
    0.0055476623
   -0.0086277324
   -0.0108983139
   -0.0002130876
    0.0279513853
   -0.0171296934
   -0.0359978592
   -0.0275250868
    0.0149938586
    0.0213357708
    0.0217619516
    0.0051090284
   -0.0093074454
   -0.0079858307
    0.0156185412
   -0.0191855781
   -0.0602368371
   -0.0418783927
   -0.0263843793
    0.0137696535
    0.0207088187
    0.0305116241
    0.0265060608
    0.0096969870
   -0.0046181135
   -0.0008061574
   -0.0749870183
   -0.0687413652
   -0.0377513321
   -0.0221051830
    0.0180166273
    0.0282923354
    0.0396210259
    0.0394899046
    0.0209301094
    0.0016963544
    0.0082705847
   -0.0559819931
   -0.0285358896
   -0.0167294935
    0.0236083688
    0.0387893257
    0.0647576919
    0.0082059428
    0.0137114813
    0.0951918963
   -0.0790579739
   -0.0359171085
   -0.0186385878
   -0.0118245687
    0.0190200945
    0.0316754642
    0.0651045219
    0.0342420986
   -0.0805754620
   -0.0408207903
   -0.0173309677
   -0.0107775355
   -0.0081714934
    0.0240045103
    0.0458153757
   -0.0431791555
   -0.0319196601
   -0.0049910166
   -0.0038812920
   -0.0061011089
    0.0302767532
    0.0679669501
    0.0617005282
    0.0070852784
    0.0255759344
    0.0341101315
    0.0005776075
   -0.0039259969
    0.0209350756
    0.0357952784
    0.0720042264
    0.0691505322
    0.0472847634
    0.0259357103
   -0.0000881104
   -0.0029044757
    0.0228177964
    0.0353297487
    0.0451359746
    0.0521057151
    0.0436071246
    0.0948730558
    0.0065459578
   -0.0007309608
    0.0224693024
    0.0287365497
    0.0298764396
    0.0473621667
    0.0383958541
    0.0263817006
    0.0197813045
    0.0129475836
    0.0018444587
   -0.0009054384
    0.0200424606
    0.0223707065
    0.0242492364
    0.0370930311
    0.0343299287
    0.0206717020
    0.0062812140
   -0.0108447196
    0.0578179652
    0.0128271310
    0.0039366741
    0.0007061568
    0.0170513323
    0.0183241228
    0.0207601389
    0.0235930740
    0.0189646454
    0.0105442403
   -0.0047088183
   -0.0031037141
    0.0300090770
    0.0253037858
    0.0059293703
    0.0023059737
    0.0002141650
    0.0144953094
    0.0155413663
    0.0168284071
    0.0160310496
    0.0118531411
    0.0045958311
   -0.0013255844
    0.0100493960
    0.0287121435
    0.0361059592
    0.0104063402
    0.0039973376
    0.0014112715
    0.0124322750
    0.0130701738
    0.0130584135
    0.0112646582
    0.0075979815
    0.0035598051
    0.0051052541
    0.0139341898
    0.0217808010
    0.0143327729
    0.0060093574
    0.0026255642
    0.0107401619
    0.0100038959
    0.0056523067
    0.0048324506
    0.0080505388
    0.0126611996
    0.0127235507
    0.0075767814
    0.0037849709
    0.0058314130
    0.0081551163
    0.0094622114
    0.0076265326
    0.0046201097
    0.0069114273
    0.0065930940
    0.0048558813
    0.0018304634
    0.0014490600
    0.0000685296
   -0.0017764671
    0.0025654975
    0.0032122767
    0.0019935429
   -0.0003101286
   -0.0028420918
    0.0026603122
    0.0052318586
    0.0053233213
    0.0022770150
   -0.0011537628
   -0.0045315360
    0.0017792248
    0.0062182949
    0.0120981995
    0.0082117651
    0.0024226657
   -0.0027595432
   -0.0070943395
    0.0034657034
    0.0005944553
   -0.0010611417
    0.0001166511
    0.0047986027
    0.0188937641
    0.0385853387
    0.0154019722
    0.0033607132
   -0.0060932893
   -0.0104653454
    0.0057510475
    0.0022048797
   -0.0013609072
   -0.0018039064
    0.0019660773
    0.0131018012
    0.0401871043
    0.0017258064
   -0.0119506681
   -0.0138699690
    0.0084927133
    0.0054483414
   -0.0000066823
   -0.0032165463
   -0.0011529610
    0.0063506412
   -0.0117896215
   -0.0183720676
    0.0108595325
    0.0099814393
    0.0042051778
   -0.0026320174
   -0.0039129847
    0.0017810709
    0.0143974069
   -0.0015968054
   -0.0262988501
   -0.0226021467
    0.0120904902
    0.0141384946
    0.0113563822
    0.0023374690
   -0.0045782975
   -0.0026750236
    0.0080935289
    0.0304372288
   -0.0429190585
   -0.0342805860
   -0.0234221356
    0.0161059091
    0.0185385696
    0.0126904837
    0.0006607249
   -0.0054595603
    0.0011105343
    0.0186410826
   -0.0745735501
   -0.0586630775
   -0.0345786772
   -0.0212710876
    0.0158557713
    0.0217805744
    0.0242310054
    0.0148391487
   -0.0029475662
   -0.0051876090
    0.0071828448
    0.0315089434
   -0.1004410004
   -0.0553645843
   -0.0292868803
    0.0210854861
    0.0300171286
    0.0342493226
    0.0130248859
   -0.0104865825
   -0.0039872358
    0.0104635332
   -0.0899794999
   -0.0417625991
   -0.0217819144
    0.0185234143
    0.0288802115
    0.0467175916
    0.0586033376
    0.0088088872
   -0.0075436643
   -0.0067462800
    0.0144579709
   -0.0603830575
   -0.0265562576
   -0.0146720423
    0.0242636084
    0.0433194269
    0.1049034525
    0.0143117753
   -0.0019029959
    0.0544045752
   -0.0796011069
   -0.0301276201
   -0.0141313759
   -0.0093514686
    0.0328387505
    0.0763258306
    0.0311575536
   -0.0774294949
   -0.0285931884
   -0.0080079784
   -0.0064037578
   -0.0060558476
    0.0238167214
    0.0448140528
    0.0336792927
   -0.0256974891
   -0.0153646858
    0.0098987681
    0.0031547478
   -0.0031592732
    0.0284081848
    0.0537703336
    0.1013483820
    0.0884918890
    0.0255953163
    0.0237097021
    0.0283411213
    0.0030134315
   -0.0021386128
    0.0307240245
    0.0477352296
    0.0538690875
    0.0546730014
    0.0339850911
    0.0398248402
    0.0126693146
    0.0010130780
   -0.0017266139
    0.0288182952
    0.0354047138
    0.0405430628
    0.0340724046
    0.0336145533
    0.0589721751
    0.0749713510
    0.0239193521
    0.0152627839
    0.0043104194
    0.0001333861
    0.0196563894
    0.0244413003
    0.0275225362
    0.0363371453
    0.0520348527
    0.0312652972
    0.0207197765
    0.0133033951
    0.0326119432
    0.0131886576
    0.0061474581
    0.0020718033
   -0.0002058890
    0.0203395376
    0.0229901964
    0.0280151896
    0.0263678191
    0.0187754679
    0.0114188459
    0.0096433037
    0.0326906317
    0.0338052828
    0.0212395240
    0.0085109029
    0.0038598202
    0.0011675722
    0.0171803874
    0.0190791670
    0.0199169072
    0.0169024859
    0.0120367858
    0.0077605817
    0.0120163808
    0.0221064540
    0.0228583650
    0.0133216995
    0.0059275251
    0.0025700206
    0.0145356120
    0.0152373400
    0.0143700827
    0.0116944596
    0.0085251475
    0.0078960802
    0.0126694546
    0.0169639623
    0.0149044971
    0.0082443460
    0.0040014602
    0.0119520992
    0.0072247668
    0.0084133193
    0.0114555351
    0.0124235758
    0.0092870734
    0.0052786157
    0.0026323088
    0.0080807895
    0.0093525630
    0.0085624204
    0.0059480865
    0.0071194340
    0.0058349867
    0.0017104048
    0.0008158827
   -0.0008111073
   -0.0026794192
    0.0028413741
    0.0025312167
    0.0008187919
   -0.0016236403
   -0.0040233282
    0.0036194999
    0.0047330552
    0.0033911956
    0.0004074092
   -0.0031212301
   -0.0059345719
    0.0035013554
    0.0068074851
    0.0076891494
    0.0044153021
   -0.0009137439
   -0.0056719890
   -0.0083736196
    0.0028277410
    0.0009458718
    0.0024638059
    0.0068231012
    0.0149583230
    0.0151116709
    0.0057261168
   -0.0041328947
   -0.0094684673
    0.0047120010
    0.0019109420
    0.0001533548
    0.0010371256
    0.0048008817
    0.0150385469
    0.0028310504
   -0.0103615779
   -0.0139224748
    0.0073358672
    0.0042243026
    0.0007557791
   -0.0001591379
    0.0025146689
    0.0082815504
   -0.0095415114
   -0.0186573026
   -0.0176430361
    0.0101233211
    0.0080030025
    0.0033458745
   -0.0002339053
    0.0004298127
    0.0048720107
    0.0143171362
    0.0020204783
   -0.0274790811
   -0.0255306781
    0.0122005446
    0.0124079711
    0.0085163080
    0.0022782982
   -0.0007414383
    0.0020143553
    0.0066334144
   -0.0444619691
   -0.0411853326
   -0.0282444202
    0.0157803881
    0.0152909400
    0.0089039219
    0.0006967494
   -0.0007076139
    0.0035126619
    0.0009358769
   -0.0591499037
   -0.0754868997
   -0.0449454315
   -0.0264980320
    0.0170224489
    0.0208380073
    0.0192370554
    0.0075983862
   -0.0022723013
   -0.0003269227
    0.0000294003
   -0.0112878714
   -0.0786658690
   -0.0392847881
   -0.0219247360
    0.0228376224
    0.0290126144
    0.0236099997
    0.0003435715
   -0.0048498552
   -0.0011155408
   -0.0085389725
   -0.0614023277
   -0.0293420127
    0.0215155945
    0.0325393218
    0.0449136106
    0.0238119233
   -0.0071850653
   -0.0045972998
   -0.0010710683
    0.0101164996
   -0.0903433582
   -0.0395065653
   -0.0194055986
    0.0293679541
    0.0519011787
    0.0791589250
    0.0212247811
    0.0018015655
   -0.0019325075
    0.0124149622
    0.0674827497
   -0.0512747190
   -0.0213748549
   -0.0116938892
    0.0237040379
    0.0419008268
    0.0911269868
    0.0315434751
    0.0202995467
    0.0106573971
    0.0529265620
    0.0900341266
    0.0190701991
   -0.0563568961
   -0.0204281440
   -0.0093304782
   -0.0068392594
    0.0301267613
    0.0580547191
    0.1111350571
    0.0675393970
    0.0576705431
    0.0291218441
    0.0453725169
    0.0632770324
   -0.0132379972
   -0.0347901931
   -0.0140932964
   -0.0028304268
   -0.0034628050
   -0.0042647203
    0.0359812042
    0.0626875148
    0.0699619896
    0.0647352238
    0.0390118380
    0.0659707554
    0.0358369063
    0.0028819045
    0.0059286021
    0.0027392617
   -0.0016024442
    0.0241178543
    0.0371113112
    0.0491942100
    0.0504551502
    0.0449113229
    0.0656912849
    0.0462877324
    0.0129354536
    0.0089011208
    0.0021290781
   -0.0011304130
    0.0244761013
    0.0326802012
    0.0371834734
    0.0501893771
    0.0398427134
    0.0348603680
    0.0362993292
    0.0277718028
    0.0110939294
    0.0053900841
    0.0011158882
    0.0226936061
    0.0270467261
    0.0311708182
    0.0428876930
    0.0385940847
    0.0262766835
    0.0223840611
    0.0325622112
    0.0777412289
    0.0428062938
    0.0162446441
    0.0074920920
    0.0032710980
    0.0005594583
    0.0199518323
    0.0226919171
    0.0264480640
    0.0289475978
    0.0235138466
    0.0181337818
    0.0166932137
    0.0286367043
    0.0361785542
    0.0221863934
    0.0108982049
    0.0053052272
    0.0021400948
    0.0172665178
    0.0192128893
    0.0209530818
    0.0198438027
    0.0162083464
    0.0131903219
    0.0144649253
    0.0212638341
    0.0211392004
    0.0143385509
    0.0076916823
    0.0037380586
    0.0148700516
    0.0159599006
    0.0160390163
    0.0143211547
    0.0118819140
    0.0106902704
    0.0128681148
    0.0157168584
    0.0143388955
    0.0096692398
    0.0053205687
    0.0025542991
    0.0093908392
    0.0110594294
    0.0118397889
    0.0099353898
    0.0065044796
    0.0036184804
    0.0087959260
    0.0068396711
    0.0016227715
    0.0011438562
   -0.0000866113
   -0.0018090824
    0.0022417646
    0.0023370927
    0.0013745677
   -0.0006012649
   -0.0029877532
    0.0025063763
    0.0033948861
    0.0031714842
    0.0013744892
   -0.0017707704
   -0.0048379087
    0.0023291664
    0.0038539938
    0.0048342258
    0.0041317024
    0.0007277267
   -0.0041244281
   -0.0074419804
    0.0034924445
    0.0054871060
    0.0069084291
    0.0066818155
   -0.0020021227
   -0.0080597583
   -0.0105437189
    0.0026602829
    0.0047366251
    0.0073897292
    0.0241447705
    0.0085356626
   -0.0083762972
   -0.0132364753
    0.0063159052
    0.0037879741
    0.0018082524
    0.0018554219
    0.0035890316
    0.0051448779
   -0.0042318420
   -0.0176136157
   -0.0182996409
    0.0090473511
    0.0066733503
    0.0033732184
    0.0016317199
    0.0024640642
    0.0036774783
    0.0139424028
   -0.0245744779
   -0.0268688749
   -0.0215087831
    0.0115983388
    0.0106058811
    0.0069093849
    0.0028480935
    0.0016744184
    0.0025958772
    0.0020165245
   -0.0283790224
   -0.0432163616
   -0.0323431552
   -0.0219105324
    0.0145225382
    0.0124461681
    0.0066950511
    0.0020344308
    0.0016124030
   -0.0002913823
   -0.0049736406
   -0.0202365676
   -0.0725288310
   -0.0531943036
   -0.0320169568
    0.0170577345
    0.0185673315
    0.0141750949
    0.0050652518
    0.0010161444
    0.0004281844
   -0.0096062498
   -0.0124250930
   -0.0065990961
   -0.0889562042
   -0.0911032966
   -0.0497644402
   -0.0272196990
    0.0227105895
    0.0242281461
    0.0139200779
    0.0021030464
    0.0003429403
   -0.0021322098
   -0.0128667760
    0.0080945161
   -0.0788754176
   -0.0384231762
   -0.0206474197
    0.0232787722
    0.0317050070
    0.0308576897
    0.0104273068
    0.0012338347
    0.0007855196
    0.0007055097
    0.0131231643
   -0.0541830801
   -0.0258478804
    0.0319729415
    0.0455653636
    0.0344920452
    0.0097108364
    0.0041240078
    0.0058241044
    0.0163802652
    0.0347436022
   -0.0699524088
   -0.0310778765
   -0.0155586372
    0.0271843124
    0.0441858246
    0.0583337103
    0.0327809254
    0.0158047059
    0.0102844626
    0.0194212145
    0.0350423441
    0.0131881234
   -0.0609490348
   -0.0690946774
   -0.0332267177
   -0.0150343006
   -0.0086715215
    0.0342404858
    0.0541053973
    0.0537755884
    0.0336392982
    0.0240482186
    0.0217280781
    0.0462904682
    0.0389254324
    0.0012280362
   -0.0327250951
   -0.0251858996
   -0.0115606536
   -0.0059599663
   -0.0048433487
    0.0251635752
    0.0388673220
    0.0506728840
    0.0440043798
    0.0417339857
    0.0331121056
    0.0362422647
    0.0614289523
    0.0334770347
    0.0228959972
    0.0009352803
   -0.0035475333
   -0.0014616090
   -0.0021079170
    0.0272013300
    0.0373478900
    0.0409189266
    0.0428552755
    0.0502315672
    0.0341877488
    0.0407182247
    0.0389445566
    0.0511049527
    0.0439470364
    0.0119710471
    0.0039862863
    0.0014237860
   -0.0008830331
    0.0265463592
    0.0320482614
    0.0349799682
    0.0437587537
    0.0388150507
    0.0297750613
    0.0302102539
    0.0383211485
    0.0636485599
    0.0332116436
    0.0113853948
    0.0048841283
    0.0015553209
   -0.0005350432
    0.0239426060
    0.0272062173
    0.0313568498
    0.0343975364
    0.0275460115
    0.0233698042
    0.0247142462
    0.0397239229
    0.0415029891
    0.0201501850
    0.0087242250
    0.0039696194
    0.0011857364
    0.0209209434
    0.0234454425
    0.0260225778
    0.0245321432
    0.0202986148
    0.0183172996
    0.0221776078
    0.0300382489
    0.0237842448
    0.0129603186
    0.0064930189
    0.0029611440
    0.0181440711
    0.0198021191
    0.0201415999
    0.0179543732
    0.0154344276
    0.0151190691
    0.0186296787
    0.0201216409
    0.0150661638
    0.0089817036
    0.0047486764
    0.0021200140
    0.0161753186
    0.0154285456
    0.0122620621
    0.0128292493
    0.0146503849
    0.0139345837
    0.0103361235
    0.0063446566
    0.0033883790
    0.0108244910
    0.0113308576
    0.0100200260
    0.0072620212
    0.0011836102
    0.0003390227
   -0.0010799097
    0.0019287539
    0.0014358507
    0.0000691133
   -0.0020137674
    0.0024444210
    0.0024863764
    0.0015853578
   -0.0006738515
   -0.0036341946
    0.0026089314
    0.0031358386
    0.0030151484
    0.0015198460
   -0.0024540629
   -0.0061684348
    0.0025002310
    0.0032228471
    0.0035739927
    0.0046395896
    0.0005885505
   -0.0060240474
   -0.0095206861
    0.0023727650
    0.0029523628
    0.0032301219
    0.0072549391
    0.0134282476
   -0.0039816048
   -0.0114296683
   -0.0130829166
    0.0026384802
    0.0028229473
    0.0047714352
    0.0176365142
   -0.0135538429
   -0.0174840252
    0.0058215440
    0.0026193907
    0.0025322016
    0.0019331300
   -0.0105978864
   -0.0245639801
   -0.0222462840
    0.0090083999
    0.0059347613
    0.0033917749
    0.0024606698
    0.0011921346
    0.0029514682
    0.0123101672
   -0.0349994094
   -0.0330248550
   -0.0240649754
    0.0127656153
    0.0099922593
    0.0056885029
    0.0030232464
    0.0015011039
   -0.0025578002
    0.0019366655
    0.0056883440
   -0.0459297413
   -0.0512952255
   -0.0354633401
   -0.0226814009
    0.0153848740
    0.0104343459
    0.0049630714
    0.0024536422
   -0.0008913322
   -0.0077884359
   -0.0089596198
   -0.0461494958
   -0.0759220025
   -0.0541568372
   -0.0317932336
    0.0204165057
    0.0179763206
    0.0098126023
    0.0043230638
    0.0019505323
   -0.0027631139
   -0.0069990660
   -0.0269539965
   -0.0812637623
   -0.0785468324
   -0.0451141487
   -0.0248904624
    0.0228595983
    0.0259860875
    0.0193849664
    0.0090335433
    0.0047666398
    0.0031048631
    0.0014759346
   -0.0038447970
   -0.0551112586
   -0.0867817233
   -0.0610499423
   -0.0319349453
   -0.0176260070
    0.0297279615
    0.0311816487
    0.0193655753
    0.0100608915
    0.0072431987
    0.0084103946
    0.0093925990
   -0.0156489386
   -0.0692208695
   -0.0694437181
   -0.0384313302
   -0.0200058926
    0.0278097134
    0.0365527914
    0.0328012091
    0.0200274409
    0.0131979140
    0.0128660146
    0.0167959558
    0.0100969268
   -0.0271257211
   -0.0548278490
   -0.0389101462
   -0.0206299225
   -0.0113794556
    0.0330218583
    0.0388451730
    0.0312349981
    0.0224975580
    0.0183468613
    0.0209476936
    0.0230355570
    0.0073510213
   -0.0182959087
   -0.0256850838
   -0.0169790609
   -0.0094582175
   -0.0061266846
    0.0263202990
    0.0346981827
    0.0357226926
    0.0305334708
    0.0265455987
    0.0237723967
    0.0274274934
    0.0230943978
    0.0129852852
    0.0004188938
   -0.0062344609
   -0.0051804185
   -0.0036595613
    0.0272701805
    0.0321951421
    0.0321046712
    0.0317644274
    0.0283747801
    0.0260512233
    0.0266635246
    0.0249814287
    0.0241701368
    0.0110674377
    0.0021384352
   -0.0001325566
   -0.0012177869
    0.0258042960
    0.0284598766
    0.0299914400
    0.0303731372
    0.0259233624
    0.0240499439
    0.0243648647
    0.0297112757
    0.0261883487
    0.0119325364
    0.0043986551
    0.0013864173
   -0.0003563543
    0.0231899393
    0.0252833198
    0.0270341710
    0.0252952054
    0.0218071476
    0.0206915783
    0.0237899163
    0.0279952489
    0.0198114720
    0.0096183302
    0.0042911110
    0.0015384097
    0.0205042395
    0.0221602589
    0.0223932557
    0.0200441485
    0.0178521815
    0.0180999039
    0.0214643604
    0.0208849716
    0.0136785131
    0.0073055283
    0.0035382079
    0.0179091471
    0.0186529481
    0.0177919251
    0.0147609485
    0.0157247336
    0.0171315602
    0.0146056039
    0.0096332029
    0.0054773537
    0.0131398118
    0.0129481556
    0.0104052930
    0.0069577788
    0.0013029959
    0.0003963982
   -0.0012228282
    0.0019365354
    0.0014231311
   -0.0000191983
   -0.0024735294
   -0.0048481154
    0.0023133744
    0.0022089193
    0.0014967318
   -0.0010640171
   -0.0046388254
   -0.0070567001
    0.0024651694
    0.0025170275
    0.0027636607
    0.0016715339
   -0.0035644744
   -0.0078654557
    0.0025676936
    0.0025104371
    0.0029084453
    0.0066286171
    0.0005978918
   -0.0083313876
   -0.0117373859
    0.0025080585
    0.0022334545
    0.0086460436
    0.0166799805
   -0.0064845669
   -0.0146915434
   -0.0152979588
    0.0027490003
    0.0019029527
    0.0033376340
    0.0300944165
    0.0050403006
   -0.0180108959
   -0.0206484695
    0.0021665691
    0.0005783480
    0.0074484131
    0.0151805042
   -0.0199422223
   -0.0284254719
   -0.0241282105
    0.0031026517
    0.0007638083
   -0.0016395906
   -0.0001218881
   -0.0203048922
   -0.0381399996
   -0.0340313806
   -0.0241185401
    0.0122581572
    0.0082843028
    0.0049084463
    0.0023958155
   -0.0012782656
   -0.0054923805
   -0.0187286650
   -0.0450375962
   -0.0470809004
   -0.0331235180
   -0.0212271536
    0.0168561520
    0.0132597261
    0.0081693042
    0.0048070126
    0.0018997842
   -0.0023982467
   -0.0114723095
   -0.0397348166
   -0.0576697273
   -0.0442959707
   -0.0275039674
    0.0202531555
    0.0194095330
    0.0136828095
    0.0084001869
    0.0054749111
    0.0029555631
   -0.0020213435
   -0.0220002904
   -0.0535502630
   -0.0530402327
   -0.0342738098
   -0.0202897364
    0.0241330130
    0.0209593054
    0.0141032794
    0.0096134980
    0.0076970894
    0.0058760085
   -0.0037081803
   -0.0320188912
   -0.0498215535
   -0.0382679125
   -0.0230068533
    0.0250558801
    0.0266837649
    0.0213902556
    0.0152697328
    0.0121418440
    0.0114646903
    0.0082529235
   -0.0073211066
   -0.0304569203
   -0.0338187425
   -0.0230348966
   -0.0138482763
    0.0276246578
    0.0269138461
    0.0216575707
    0.0173575856
    0.0156483839
    0.0151384321
    0.0087751102
   -0.0062530322
   -0.0184205616
   -0.0176136740
   -0.0119056569
    0.0246137383
    0.0276734277
    0.0258580067
    0.0224667719
    0.0196942990
    0.0186221105
    0.0168198587
    0.0101373701
    0.0008643597
   -0.0059096026
   -0.0068304950
   -0.0052478124
    0.0246029825
    0.0259863208
    0.0249288711
    0.0230928327
    0.0207223134
    0.0194718103
    0.0172104074
    0.0139479641
    0.0079315936
    0.0014056772
   -0.0012530886
   -0.0018804041
    0.0231069438
    0.0239950332
    0.0238369012
    0.0220370933
    0.0198160078
    0.0185385351
    0.0180831307
    0.0167828791
    0.0103285152
    0.0040651517
    0.0010239019
    0.0210775534
    0.0219332837
    0.0215420016
    0.0195030915
    0.0177465902
    0.0173521004
    0.0181757061
    0.0157151784
    0.0093568543
    0.0043857974
    0.0016571745
    0.0189312121
    0.0193744738
    0.0183786765
    0.0165927799
    0.0155546994
    0.0159752786
    0.0160701336
    0.0125347698
    0.0075257056
    0.0038679505
    0.0139150274
    0.0128333009
    0.0094789842
    0.0058464273
    0.0005287801
   -0.0006688709
    0.0012216683
    0.0002602515
   -0.0015518142
   -0.0037505280
    0.0017419197
    0.0012005363
   -0.0003263180
   -0.0031617451
   -0.0057753859
    0.0020598280
    0.0018211164
    0.0012486814
   -0.0017357361
   -0.0058441854
    0.0023109179
    0.0019983785
    0.0024126870
    0.0011323165
   -0.0050264807
   -0.0095231564
    0.0026992669
    0.0020551971
    0.0021938675
    0.0043622147
   -0.0020073157
   -0.0105559502
   -0.0134212940
    0.0023732599
    0.0015181404
    0.0033281527
    0.0025652709
   -0.0104831954
   -0.0167643317
    0.0031707656
    0.0016042906
    0.0006182125
    0.0013553830
   -0.0092169675
   -0.0203668134
   -0.0214618912
    0.0026010232
    0.0002593375
   -0.0020352812
   -0.0090749855
   -0.0229987790
   -0.0275937372
   -0.0231108883
    0.0017815168
   -0.0017034091
   -0.0081506220
   -0.0224740340
   -0.0329399285
   -0.0297272134
   -0.0215831040
    0.0102820262
    0.0069877477
    0.0042725126
    0.0011051309
   -0.0042964588
   -0.0168984155
   -0.0332473574
   -0.0355320033
   -0.0268185168
    0.0145352122
    0.0106395045
    0.0073678182
    0.0046934268
    0.0009455336
   -0.0079259598
   -0.0252655461
   -0.0361496241
   -0.0309137025
   -0.0211059741
    0.0185434038
    0.0152074393
    0.0112273583
    0.0083788132
    0.0059016632
    0.0007843886
   -0.0120772289
   -0.0279063812
   -0.0305367730
   -0.0228159023
    0.0206871888
    0.0194885617
    0.0157110330
    0.0123125547
    0.0100840954
    0.0074010268
    0.0000797243
   -0.0134934339
   -0.0229399420
   -0.0210326718
   -0.0148390278
    0.0217023081
    0.0196571032
    0.0163796579
    0.0138159579
    0.0119649683
    0.0083924553
    0.0001031340
   -0.0100456952
   -0.0142797220
   -0.0122207573
    0.0215164828
    0.0195531464
    0.0171544390
    0.0151620546
    0.0131881668
    0.0090334380
    0.0023143162
   -0.0039802562
   -0.0065617115
    0.0207042460
    0.0193302958
    0.0174639242
    0.0156471143
    0.0135011097
    0.0101364744
    0.0056967099
    0.0010561367
    0.0197677750
    0.0196378568
    0.0185756010
    0.0168341485
    0.0151359274
    0.0134325317
    0.0114059016
    0.0078878861
    0.0183377346
    0.0181808981
    0.0170353453
    0.0140980749
    0.0131738382
    0.0116065804
    0.0003789573
   -0.0009312505
    0.0010029854
   -0.0000546007
   -0.0020521034
    0.0014672834
    0.0007828704
   -0.0009307826
   -0.0040126493
    0.0018228375
    0.0012832216
    0.0003475585
   -0.0029242457
   -0.0070197634
    0.0022574368
    0.0014828220
    0.0009975935
   -0.0012834958
   -0.0067925845
   -0.0106717219
    0.0017992740
    0.0008602642
   -0.0003837907
   -0.0058586962
   -0.0120186891
    0.0025584931
    0.0009442777
   -0.0007392653
   -0.0050576330
   -0.0127963443
   -0.0168695167
    0.0018497309
   -0.0006042003
   -0.0046674806
   -0.0126080942
   -0.0193273068
   -0.0196885752
    0.0008313228
   -0.0032594923
   -0.0108385713
   -0.0199596642
   -0.0230100252
   -0.0197389652
   -0.0004481168
   -0.0070368913
   -0.0172281871
   -0.0241352343
   -0.0227836855
    0.0030310171
   -0.0019855243
   -0.0111239589
   -0.0210388013
   -0.0236222195
   -0.0194415586
    0.0117158660
    0.0090249716
    0.0030216599
   -0.0036709197
   -0.0136844769
   -0.0203915599
   -0.0194114017
    0.0148049678
    0.0121922977
    0.0097671287
    0.0072492549
    0.0029659736
   -0.0047091506
   -0.0130176511
   -0.0160688617
   -0.0138372345
    0.0150535389
    0.0127619993
    0.0106155217
    0.0078976495
    0.0030004833
   -0.0040079220
   -0.0094602406
   -0.0105276863
    0.0168949198
    0.0151818944
    0.0132537666
    0.0082800762
    0.0036341862
   -0.0016023916
   -0.0050232648
    0.0165150854
    0.0150836390
    0.0113581425
    0.0085721716
    0.0049322476
    0.0006835011
   -0.0005668091
   -0.0026910270
    0.0011578697
    0.0001149445
   -0.0018717657
   -0.0048815055
    0.0005874173
   -0.0010653341
   -0.0043150361
   -0.0078248973
    0.0010369432
   -0.0005581282
   -0.0035699020
   -0.0079768491
   -0.0000733998
   -0.0029165351
   -0.0076508242
   -0.0119881126
    0.0008871768
   -0.0020410016
   -0.0067581918
   -0.0122847598
   -0.0004639337
   -0.0050018263
   -0.0112093999
   -0.0158436783
   -0.0022724010
   -0.0084196683
   -0.0146918886
   -0.0171008828
   -0.0042889117
   -0.0111455294
   -0.0158523816
   -0.0158764456
    0.0002390222
   -0.0058926390
   -0.0119879129
   -0.0144204788
   -0.0003537503
   -0.0062835182
   -0.0106002047
   -0.0051434799
   -0.0020819272
   -0.0044406267
